-2.881814 1.889060 1.309391 -1.681739 1.056594 0.879654 -2.226789 2.477241 -1.525959 -0.117416 1.026742 -0.938816 -0.160854 
-2.870609 1.904141 1.322835 -1.670774 1.011764 0.871104 -2.212523 2.440470 -1.498830 -0.013114 0.999169 -0.812634 -0.067550 
-2.917000 2.023681 1.255644 -1.696954 0.993215 0.827737 -2.154199 2.356429 -1.424635 -0.052350 0.945889 -0.894387 -0.140926 
-2.829156 1.945109 1.249382 -1.696341 0.943233 0.718729 -2.216105 2.459515 -1.654299 -0.163917 0.827852 -0.837279 -0.093061 
-2.890015 1.876384 1.298229 -1.773461 0.801288 0.729303 -2.111610 2.557375 -1.614823 -0.218259 0.898681 -0.810480 -0.154334 
-2.941416 1.913627 1.392419 -1.694417 0.930365 0.843554 -2.250345 2.373471 -1.542341 -0.070045 0.860012 -0.871989 -0.119152 
-2.950759 1.936780 1.328655 -1.618900 0.980096 0.820445 -2.144114 2.349452 -1.521711 -0.117992 0.917372 -0.942003 -0.094341 
-2.922933 1.963403 1.299029 -1.713547 1.008102 0.843054 -2.188529 2.427794 -1.550471 -0.183412 0.886937 -1.022279 -0.177922 
-2.953776 1.920228 1.275242 -1.730478 0.992857 0.840141 -2.171183 2.425313 -1.561058 -0.157522 0.922489 -0.955086 -0.184044 
-2.910040 1.900820 1.317222 -1.711382 0.988584 0.796059 -2.243226 2.468246 -1.588181 -0.124115 0.999186 -0.893342 -0.191422 
-2.915339 2.015670 1.365930 -1.757757 1.014625 0.813639 -2.319175 2.498542 -1.498731 -0.084646 0.958371 -0.979972 -0.175803 
-2.991079 1.981564 1.444106 -1.692945 1.018178 0.849466 -2.261687 2.468935 -1.544532 -0.099428 1.001608 -0.997751 -0.163100 
-2.878772 1.962771 1.401498 -1.720819 1.026021 0.893423 -2.235308 2.506497 -1.510619 -0.060476 1.019744 -0.911850 -0.141195 
-2.947412 1.821825 1.319762 -1.692841 0.989478 0.905576 -2.236866 2.360316 -1.569496 0.004245 0.948644 -0.934098 -0.303011 
-3.036273 1.856211 1.296472 -1.627576 1.031673 0.864413 -2.244191 2.278342 -1.555417 -0.111929 0.933745 -1.023480 -0.297813 
-2.924988 1.944911 1.203753 -1.690492 0.990897 0.702891 -2.262897 2.456147 -1.619359 -0.163278 1.023289 -0.941392 -0.160023 
-2.864214 2.060331 1.266885 -1.622911 1.026010 0.763842 -2.179518 2.544084 -1.471966 -0.020028 1.047655 -0.897332 -0.157685 
-2.829082 2.148274 1.281523 -1.573240 1.037824 0.796067 -2.110850 2.384127 -1.542229 -0.026563 1.000466 -0.885114 -0.139660 
-4.816071 1.894977 2.267156 1.793379 -0.511115 -1.811000 -0.252276 1.268444 -0.874902 0.164474 1.293084 -0.031054 0.224620 
-5.256634 2.430684 2.910014 2.370416 -0.069815 -1.604698 -0.588085 0.662941 -1.088881 0.218493 0.925901 -0.493089 0.244489 
-5.500662 2.554384 2.885542 2.576295 -0.039490 -1.649449 -0.121951 1.034289 -1.026010 -0.211796 0.460053 -0.800948 0.288560 
-5.175965 2.456202 2.450346 2.167597 -0.336926 -1.284263 0.469033 0.869888 -1.437993 -0.290607 -0.103625 -0.814717 0.293207 
-6.295685 2.041184 3.034886 2.654925 -0.824813 -1.545837 0.711717 0.771193 -0.890710 -0.052723 -0.208014 -0.648302 0.408916 
-7.199658 2.088244 3.560619 3.304880 -0.861818 -1.825436 0.851532 0.457650 -0.769790 0.395538 0.289309 -0.513916 0.144226 
-7.114250 2.345685 3.769167 3.193186 -0.657784 -1.133765 1.594781 0.669139 -1.384014 -0.064418 0.320445 -0.580830 -0.046431 
-7.128412 3.004843 4.324136 2.762765 -1.077490 -0.968799 1.925643 1.092794 -1.819121 0.087346 0.245760 -0.452406 -0.026875 
-4.900701 2.844585 2.771269 0.817675 -1.219879 -0.393050 1.439435 1.238942 -1.847349 0.676715 0.672336 -0.570845 -0.219639 
-4.332303 2.903432 2.661666 0.168769 -1.085401 -0.060510 0.788367 1.257880 -1.900054 0.780549 0.745615 -0.851088 -0.267391 
-6.064188 3.745866 4.370037 1.512173 -0.448801 -0.061065 0.628427 1.171736 -2.208651 0.908531 1.219537 -1.393300 -0.532606 
-3.706481 4.068221 2.790793 0.577328 0.877687 -0.059407 -0.663701 2.785493 -2.574832 1.523916 1.324998 -1.409183 0.215091 
-3.517452 4.291167 1.891528 0.736587 2.015575 0.121243 -0.523260 3.400025 -2.765039 1.143504 1.831869 -1.337204 0.283013 
-3.558585 3.798644 2.156626 0.603806 1.795470 0.620527 -0.397812 3.246371 -2.584751 1.090662 1.677472 -1.012780 0.199513 
-2.859540 3.013988 1.817087 -0.194664 1.112528 0.774016 -0.840085 2.824071 -1.864423 0.890950 1.116332 -0.591252 0.179276 
-2.534975 2.732958 1.398231 -0.477648 0.968903 0.607879 -1.052148 2.564619 -1.757880 0.823478 0.918435 -0.692190 0.183503 
-2.560177 2.575320 1.337854 -0.507034 0.993760 0.636344 -1.167208 2.443225 -1.644180 0.682615 1.030213 -0.592868 0.169327 
-3.211831 3.599532 2.005894 -0.519508 1.282391 0.431362 -1.456701 3.546198 -1.528925 0.641609 1.857571 -1.066247 -0.132992 
-4.075237 3.799475 3.353606 -0.926458 2.203052 1.678524 -3.225833 4.322949 -2.593214 0.068396 1.816032 -1.327109 -0.445884 
-2.980288 3.300311 -3.425904 -0.581244 3.473564 -0.490393 -0.119141 2.914783 -2.194292 -0.253092 2.750908 -0.939456 -1.246437 
-2.834632 3.571111 -2.766128 -0.375748 3.930619 0.061872 -0.340568 3.175961 -2.101346 -0.559690 2.153765 -1.172724 -1.176451 
-3.019747 3.923900 0.263585 -0.146617 2.711178 0.298084 -1.321502 3.295527 -1.723433 -0.746068 0.905649 -0.860410 0.272069 
-2.613719 3.121048 0.778338 -0.497714 1.743416 0.976569 -1.161663 2.484558 -1.577593 0.389989 0.628158 -0.430367 0.488582 
-2.517673 3.347626 0.726698 -0.359922 2.171213 1.461830 -0.807066 2.647250 -1.820024 0.574203 0.763659 -0.099073 0.672273 
-2.877985 4.164165 0.316145 0.477477 3.678085 1.569228 -0.711330 2.921313 -2.060927 0.229429 1.234712 -0.172523 0.888550 
-2.568461 3.663274 -0.182599 0.762878 3.390718 0.570788 -1.130149 2.751338 -0.918334 0.934228 1.403962 -0.907847 0.378044 
-3.155071 3.209512 0.205756 1.429632 3.150398 0.010892 -1.264456 2.500901 -0.362764 0.432347 1.146165 -1.178831 0.801113 
-4.299375 2.855502 2.033947 2.373413 2.488275 -0.234170 -1.078285 2.621936 -0.463883 0.084835 0.609367 -1.269245 1.072301 
-3.097709 2.325359 1.436932 0.809051 1.375790 0.049480 -0.943845 2.744400 -1.001900 0.350993 0.616896 -0.643625 0.885244 
-3.095881 2.749905 1.416574 0.429125 1.212571 0.318826 -0.675194 2.502185 -0.928178 0.369250 0.709707 -0.483988 0.797579 
-4.280910 2.962181 2.839771 1.147114 1.362308 0.789602 -0.297989 3.065724 -1.046169 0.419601 0.965600 -0.482208 0.817254 
-4.508719 3.177498 3.276054 0.944180 1.234019 0.845210 -0.458851 3.040755 -1.228273 0.179235 0.719093 -0.380272 0.886291 
-2.984350 2.625420 2.274760 -0.310274 1.030258 1.147809 -1.051691 2.868508 -1.345958 0.743328 0.712467 -0.318794 0.484193 
-2.572288 2.481392 1.828218 -0.688207 0.841248 1.091592 -1.062953 2.603747 -1.618165 0.680392 0.897325 -0.681733 0.129622 
-4.373590 1.828662 1.898330 -0.164212 0.445742 0.243853 -0.567556 2.463617 -1.676715 -0.120379 1.614937 -1.040214 -0.115004 
-4.088669 1.684194 1.661030 -0.585801 0.362760 0.222485 -1.033546 2.085744 -1.725410 -0.498405 1.333556 -0.778190 -0.155139 
-3.761931 2.025383 1.879339 -0.944277 0.652251 0.729409 -1.252761 2.303605 -1.419176 0.105475 0.887965 -1.104270 -0.019329 
-3.363422 1.854457 0.882024 -1.067587 1.419430 0.743478 -1.907810 2.032777 -0.804847 -0.129030 0.918260 -1.299410 0.174774 
-3.372481 1.806286 0.617407 -1.250310 1.500209 0.747022 -2.004165 2.096170 -0.944532 -0.060970 1.008810 -1.229050 0.080951 
-3.029824 1.677895 1.104232 -1.353143 1.034158 0.704132 -2.129194 2.063664 -1.064016 0.170431 1.220639 -1.015042 -0.345589 
-3.101860 1.821862 0.688828 -1.546211 1.255832 0.811275 -2.156129 1.742091 -0.954787 0.085212 1.206115 -1.203641 -0.494727 
-3.150892 2.058865 0.648034 -1.895615 1.199070 0.909766 -2.072554 1.858915 -1.432825 -0.073895 1.007716 -1.032948 -0.325969 
-3.013016 1.973125 1.080278 -1.813448 0.992632 0.894624 -2.056171 2.266868 -1.650306 -0.146293 0.809930 -0.837704 -0.124024 
-3.232449 2.074693 1.243157 -1.625529 1.051694 0.750224 -2.182302 2.208267 -1.400535 -0.255611 0.957543 -1.008558 -0.189493 
-3.171461 2.199997 1.321872 -1.740802 1.083010 0.789563 -2.286565 2.356481 -1.301908 -0.174305 1.216744 -0.859884 -0.183231 
-2.864110 2.116450 1.259892 -1.854643 1.057217 0.868018 -2.306738 2.489632 -1.474857 -0.012365 1.091988 -0.822832 -0.220823 
-2.906250 2.100650 1.289216 -1.827044 0.902908 0.746180 -2.248879 2.426035 -1.723808 -0.078527 0.913787 -0.979829 -0.281755 
-2.966281 1.991764 1.165474 -1.724245 0.989055 0.754714 -2.240606 2.381884 -1.597915 -0.117645 1.064056 -0.805249 -0.159402 
-2.980273 2.048446 1.271729 -1.633759 1.086630 0.949051 -2.125074 2.357959 -1.397562 -0.010180 1.038378 -0.672071 -0.122674 
-2.864283 2.133914 1.347328 -1.501997 1.074815 0.874813 -2.087774 2.282484 -1.538935 0.001734 0.827649 -0.826324 -0.067191 
-3.363095 1.892416 1.083038 -1.821654 0.746752 1.028283 -2.316305 1.092269 -1.196290 -0.306123 0.628913 -0.128280 -0.109554 
-3.443746 1.882574 1.043866 -1.966080 0.577768 0.919963 -2.342895 1.050771 -1.203146 -0.352578 0.692599 -0.141994 -0.182133 
-3.070244 1.763188 1.245605 -1.718401 0.745897 0.630273 -2.202809 2.293725 -1.532329 -0.152050 1.099521 -0.707948 -0.276898 
-3.070164 1.755497 1.136591 -1.590015 0.933429 0.689893 -2.056307 2.388813 -1.467508 -0.219826 1.050833 -0.805228 -0.207701 
-3.169586 1.948495 1.081881 -1.552893 0.855596 0.546088 -1.928353 2.291873 -1.353998 -0.368237 1.012214 -0.856923 -0.110081 
-3.049121 1.921960 1.149203 -1.517316 0.843117 0.603661 -2.016665 2.250437 -1.424313 -0.201522 0.991812 -0.828963 -0.048416 
-3.284569 1.435217 0.513746 -1.610604 1.053248 0.928103 -1.837026 1.667489 -1.513772 0.164486 1.335778 -0.553799 -0.381847 
