-2.907825 1.811710 1.297177 -1.729377 1.001318 0.874334 -2.235216 2.452087 -1.540147 -0.166018 1.041061 -0.919999 -0.125674 
-2.873127 1.920530 1.348134 -1.707988 1.000542 0.851353 -2.219545 2.513701 -1.544397 -0.083009 0.996623 -0.920159 -0.163733 
-2.942335 1.991456 1.261805 -1.686982 0.996646 0.786631 -2.180090 2.451267 -1.492650 -0.105415 0.957895 -0.943304 -0.153592 
-2.873799 1.945273 1.241251 -1.705125 0.959454 0.796468 -2.191067 2.417349 -1.540750 -0.066679 0.963340 -0.855622 -0.106186 
-2.831428 1.894470 1.206579 -1.735625 0.880574 0.742963 -2.128455 2.498186 -1.598153 -0.087670 0.838159 -0.867831 -0.130866 
-2.885996 1.957137 1.180432 -1.627503 0.939557 0.723577 -2.082682 2.436121 -1.477993 -0.136476 0.889943 -0.920865 -0.089611 
-2.800987 1.997797 1.246490 -1.549871 0.987078 0.747764 -2.091175 2.362570 -1.504026 -0.037663 0.970559 -0.854297 -0.044743 
-2.764608 1.867889 1.240388 -1.566576 0.971148 0.696265 -2.159795 2.443891 -1.487137 -0.075346 0.936426 -0.929682 -0.143529 
-2.795456 1.882974 1.202474 -1.621746 0.970970 0.667326 -2.235797 2.396336 -1.458020 -0.166177 0.921953 -0.945098 -0.170388 
-2.832520 1.924933 1.335544 -1.598260 0.944936 0.710053 -2.283839 2.252915 -1.570795 -0.035954 1.022113 -0.855776 -0.196133 
-2.960453 1.788906 1.140017 -1.652278 1.132283 0.906435 -2.203676 2.361939 -1.393296 -0.125621 1.017920 -0.960437 -0.140520 
-3.391695 1.966095 1.256994 -1.024204 0.777649 0.322450 -1.590776 2.199094 -1.389346 -0.170796 1.117907 -1.012033 -0.016394 
-4.399018 3.114018 3.152695 1.898823 -0.254050 -1.434981 -0.490151 1.190267 -2.013648 0.495302 0.059342 -0.445779 0.744965 
-5.345459 3.105517 3.437035 2.967341 -0.535204 -2.078279 0.398298 1.109329 -1.622630 -0.038857 0.276447 -0.482578 0.715955 
-5.437059 2.821388 3.043952 3.022606 -0.239170 -1.808449 0.672246 1.104319 -1.551069 -0.124004 0.324761 -0.804198 0.429288 
-6.043682 2.753458 3.339208 2.440242 -0.822319 -1.625583 0.528794 0.889469 -1.140576 0.131611 0.250762 -0.878259 -0.021912 
-6.357504 3.187994 4.075408 2.714813 -0.927916 -1.649462 0.692637 1.073930 -1.004408 0.529533 0.593395 -0.851439 -0.151384 
-6.349295 3.370194 4.347296 3.211194 -0.512734 -1.517384 1.075889 1.300482 -1.660299 0.213662 0.685826 -0.852934 -0.018754 
-5.193291 2.882801 2.858765 2.017648 -0.389898 -0.686264 1.297108 1.021753 -2.072266 0.026384 0.607007 -0.899008 -0.276606 
-5.230734 2.621459 2.965536 1.882845 -0.400785 -0.721703 0.719495 1.058069 -1.889277 0.452296 0.367807 -0.594439 -0.012019 
-6.119493 3.051294 4.127469 2.524471 -0.302109 -0.966798 0.229207 0.857906 -1.885291 0.526008 0.713225 -0.237839 0.063205 
-6.462701 3.909031 5.047975 2.343722 -0.671918 -0.518761 1.048923 1.136279 -2.073211 0.241261 1.290569 -0.535933 -0.653305 
-5.460912 3.758556 4.194395 1.850765 -0.230879 -0.167799 0.939727 1.471174 -2.330678 0.269956 1.283860 -0.974661 -0.634118 
-3.244571 3.751995 2.350151 0.582242 0.195449 -0.438340 -0.161601 2.211317 -2.246024 0.952480 1.011582 -1.198302 -0.149299 
-2.823927 3.971604 1.822459 0.202829 0.643816 -0.545863 -0.884614 2.553771 -2.350093 0.806602 1.125996 -1.332142 -0.010354 
-3.549850 4.807536 2.244524 1.127645 1.862477 -0.498636 -0.914523 3.236879 -3.150270 0.536380 2.373751 -1.600310 -0.283615 
-3.699970 4.674829 2.520351 1.351447 1.996972 -0.229294 -0.767082 3.375244 -2.883422 0.675874 2.382357 -1.463233 -0.206607 
-3.576950 5.077742 2.730768 1.452280 1.960955 -0.565956 -0.750006 3.898243 -3.032497 0.386872 2.371942 -1.698068 -0.442594 
-3.599418 4.747483 2.346997 1.110353 2.073566 -0.340784 -0.632418 4.135532 -3.322533 0.158406 2.288876 -1.828578 -0.760860 
-3.557487 3.718990 2.284459 0.424478 2.097927 1.050194 -0.840117 3.585956 -2.221943 0.593496 1.966713 -1.227481 -0.465486 
-3.371962 3.469693 2.023100 -0.376254 2.125532 1.425360 -1.504455 3.341474 -1.636728 0.486597 1.869692 -1.203229 -0.388655 
-2.839197 2.388811 1.327492 -1.660017 1.055566 0.899514 -2.371284 2.802108 -1.559744 0.352372 1.115342 -0.648326 0.131819 
-2.639480 2.371790 1.307355 -1.601185 0.978854 0.793058 -2.206000 2.820029 -1.538135 0.347532 0.961139 -0.724715 0.033351 
-2.353596 3.699133 -1.891630 -2.320855 1.538845 0.146702 -0.871253 2.206310 -2.055024 -0.009409 0.766638 -0.123520 -0.303273 
-2.179728 4.195997 -1.411385 -1.489355 2.588301 0.265393 -0.913483 3.381765 -2.070202 0.025711 1.236203 -0.057622 0.183885 
-2.815204 4.234587 0.316597 -0.199756 2.785268 0.611806 -0.722695 3.874995 -1.886912 -0.557694 0.981477 -0.550821 0.762331 
-2.783602 3.975720 -0.031526 -0.074281 2.830210 0.734241 -0.406493 3.645220 -2.074418 -0.531598 0.742668 -0.623770 0.713650 
-2.946752 3.971759 -0.640297 0.214041 3.547886 0.520680 -0.969747 2.902844 -2.268662 -0.663007 1.139794 -0.744964 0.648703 
-2.661961 3.149017 0.475179 0.078200 2.270235 0.736649 -1.204187 2.194763 -1.806361 0.251781 1.037065 -0.401760 0.407664 
-2.900407 2.491001 0.320408 0.930086 2.583754 0.499643 -1.176602 2.038132 -1.053507 0.382094 1.416283 -0.696146 0.227102 
-4.207386 1.802923 1.068303 3.017735 3.292097 -0.202093 -1.491940 2.332372 0.322859 0.094432 1.238938 -1.419432 0.901688 
-4.231513 2.150084 1.403373 2.563243 2.274947 -0.560056 -0.815864 2.377353 0.101599 -0.543959 0.609502 -1.053705 1.189666 
-3.996576 2.319266 1.641747 2.065185 1.891194 -0.466104 -0.905961 2.333080 -0.264389 -0.419616 0.782505 -1.022536 0.950212 
-3.694121 2.215653 2.120630 1.455644 1.886909 0.223076 -1.320788 2.728186 -0.876258 0.539129 1.230276 -0.809156 0.829826 
-3.872484 2.941254 2.227302 0.965284 1.510769 0.435456 -0.566995 3.025545 -1.152056 0.653324 1.378067 -0.340823 0.965567 
-4.377994 3.159735 2.792714 0.994158 1.227913 0.407965 -0.602730 2.677831 -1.387301 0.091908 1.486551 -0.414602 0.610590 
-3.592128 2.861518 2.122194 0.108382 1.012023 0.672600 -0.763373 2.652556 -1.394618 0.219574 1.328871 -0.573362 0.235783 
-3.208371 2.578750 1.975173 -0.313529 0.982473 0.756708 -1.078669 2.775606 -1.643755 0.329632 1.224354 -0.580441 -0.040715 
-3.263193 2.419043 1.877676 -0.604061 1.103481 0.841516 -1.448446 2.631040 -1.457030 -0.066777 1.526995 -0.607615 -0.075475 
-3.301814 1.965300 1.534059 -1.049599 0.733949 0.683051 -1.569306 2.214848 -1.438047 -0.111855 1.326616 -0.597671 -0.205034 
-3.884920 1.620391 1.810206 -1.157429 0.596238 0.753171 -1.676483 2.197557 -1.329219 -0.358980 1.137804 -0.837444 -0.335098 
-3.579875 1.632449 1.435454 -1.276746 0.790694 0.757233 -1.822576 2.148890 -1.252534 -0.219586 0.895952 -0.762131 0.097938 
-3.431181 1.601753 1.124168 -1.475417 0.733838 0.477241 -2.071843 2.085431 -1.151901 -0.272394 1.038680 -0.866966 0.014054 
-3.223403 1.763033 0.976944 -1.570774 0.970906 0.517243 -2.325210 2.152103 -1.198838 -0.365206 0.999042 -0.804814 -0.017224 
-3.041008 2.018088 1.145538 -1.691234 0.937378 0.706493 -2.182392 2.271037 -1.439306 -0.207054 0.825534 -0.931479 -0.116044 
-2.965378 2.058387 1.068909 -1.691441 0.988937 0.758415 -2.039056 2.299074 -1.536790 -0.082811 0.914485 -0.991297 -0.237257 
-2.860158 2.036370 1.085607 -1.601741 0.995538 0.668315 -2.064216 2.361692 -1.603927 0.010166 0.938615 -0.787694 -0.099619 
-2.889025 1.924397 1.213138 -1.549432 0.962150 0.771655 -2.044963 2.299510 -1.470244 -0.079396 0.934811 -0.885527 -0.078604 
-2.972743 1.993778 1.271683 -1.580701 0.922455 0.682894 -2.155485 2.217092 -1.493895 -0.141468 0.946962 -0.908242 -0.109903 
-2.987645 1.842459 1.086251 -1.693917 1.018007 0.800290 -2.252106 2.129205 -1.509078 -0.086744 0.938394 -0.821919 -0.104597 
-2.948501 1.853449 1.082490 -1.725765 1.067368 0.945950 -2.115178 2.281818 -1.468255 -0.035748 0.931917 -0.908543 -0.157297 
-2.873253 1.911253 1.268917 -1.715245 0.962042 0.834634 -2.157870 2.457879 -1.477532 0.010156 0.961919 -0.910527 -0.119254 
-2.808960 1.919633 1.336557 -1.691235 1.013007 0.873845 -2.211705 2.474800 -1.545481 -0.021172 0.996040 -0.947751 -0.176184 
-2.893349 1.914942 1.324032 -1.744551 0.965885 0.824731 -2.247691 2.463751 -1.560480 -0.079230 0.942567 -0.998932 -0.247127 
-2.997293 2.013369 1.284944 -1.766280 1.018814 0.820479 -2.270554 2.425200 -1.544612 -0.067161 1.005311 -0.971927 -0.181792 
-2.957828 1.937736 1.256497 -1.659091 1.071193 0.816077 -2.249514 2.363070 -1.529566 -0.114225 1.033105 -0.937658 -0.161457 
-2.901559 1.927698 1.267591 -1.680731 1.026352 0.833093 -2.199870 2.409431 -1.556548 -0.083881 1.031496 -0.908804 -0.182362 
-2.946306 1.918241 1.263900 -1.725770 1.068338 0.853200 -2.269207 2.429417 -1.552978 -0.126737 1.002743 -0.944729 -0.177488 
-2.913648 1.966171 1.344218 -1.696416 1.098155 0.908918 -2.183735 2.541126 -1.530757 -0.188702 1.119843 -0.926918 -0.141052 
-2.832749 2.009156 1.378415 -1.665327 1.100156 0.905276 -2.221219 2.529123 -1.585368 -0.131596 1.051926 -1.035187 -0.226727 
-2.908002 1.906693 1.244043 -1.635448 1.038420 0.727499 -2.320894 2.465728 -1.513692 -0.178699 0.981543 -1.049912 -0.202031 
-2.894119 1.959865 1.281013 -1.656350 0.996455 0.783665 -2.271876 2.446741 -1.460967 -0.045582 1.049643 -0.877313 -0.077129 
-2.838712 2.140144 1.339051 -1.653974 1.065589 0.935726 -2.144223 2.460394 -1.468141 0.066480 0.981107 -0.898038 -0.130538 
-2.726604 2.097657 1.350072 -1.569090 0.944186 0.696790 -2.177351 2.427850 -1.543127 0.107191 0.831541 -0.976626 -0.137958 
-2.861294 1.891381 1.206701 -1.564723 0.892362 0.636144 -2.122969 2.361837 -1.459852 -0.025336 0.811414 -0.936063 -0.118722 
