-2.928444 1.889177 1.369455 -1.798789 0.975145 0.872359 -2.319107 2.472887 -1.632549 -0.138232 1.023852 -0.992578 -0.188105 
-2.981716 1.874184 1.243789 -1.688662 1.054431 0.872393 -2.175523 2.529866 -1.475038 -0.121859 1.065543 -0.864967 -0.044519 
-2.750418 2.082495 1.297740 -1.640974 1.056074 0.886330 -2.123928 2.427461 -1.531795 0.014251 0.955731 -0.866701 -0.161011 
-2.841389 1.966109 1.110329 -1.655775 0.994474 0.751437 -2.170722 2.229044 -1.577240 -0.104443 0.880118 -0.850708 -0.130474 
-2.913637 1.824281 1.097554 -1.710749 0.963449 0.775693 -2.152947 2.325625 -1.501205 -0.083713 0.946503 -0.846548 -0.108903 
-2.884566 1.890243 1.162192 -1.712292 0.973116 0.763729 -2.168217 2.437307 -1.503490 -0.077868 0.984609 -0.907195 -0.133886 
-2.904480 1.941600 1.190112 -1.652985 0.948668 0.759829 -2.099370 2.367075 -1.507440 -0.103997 0.975385 -0.898232 -0.107610 
-2.852513 1.981616 1.210164 -1.583776 1.004155 0.737950 -2.146530 2.339115 -1.503619 -0.057513 0.962077 -0.885235 -0.106542 
-2.874295 1.845540 1.196970 -1.647182 0.901563 0.650747 -2.240990 2.395694 -1.536711 -0.071366 0.935987 -0.849258 -0.100804 
-2.891906 1.907671 1.221857 -1.543421 0.943834 0.689436 -2.077949 2.451227 -1.500467 -0.098935 1.018549 -0.855347 -0.068695 
-2.852235 1.968836 1.281972 -1.562538 0.949833 0.746276 -2.141049 2.320305 -1.499371 -0.016552 0.967454 -0.817489 -0.009445 
-2.823691 1.943787 1.238086 -1.607853 0.910181 0.678066 -2.173305 2.282628 -1.520750 0.050682 1.039250 -0.871756 -0.147994 
-2.875575 1.866503 1.191175 -1.642249 0.936636 0.763130 -2.093210 2.348349 -1.518682 -0.127074 0.964405 -0.914651 -0.147613 
-2.899656 1.975450 1.159374 -1.785103 0.918671 0.776423 -2.120556 2.424704 -1.533772 -0.209950 0.886461 -0.824550 -0.133638 
-2.792320 1.899650 1.173378 -1.872582 0.936815 0.851387 -2.148438 2.562752 -1.608716 -0.126535 0.950951 -0.854807 -0.253958 
-2.806027 1.928241 1.294117 -1.732817 1.007527 0.826063 -2.284013 2.449089 -1.587578 -0.042411 0.955129 -0.945827 -0.185633 
-2.905676 1.940125 1.318627 -1.640023 1.034361 0.806932 -2.218564 2.473907 -1.471805 -0.091307 0.983876 -0.904139 -0.100584 
-2.877548 1.908146 1.336061 -1.659188 0.995483 0.793220 -2.218937 2.458788 -1.534250 -0.129116 1.019227 -0.926738 -0.132254 
-3.027625 1.782593 1.445561 -1.637553 0.889977 0.837827 -2.240891 2.349669 -1.490546 -0.085218 0.947414 -0.872824 -0.092924 
-3.227792 1.499663 1.259286 -1.420590 0.949375 0.963503 -2.146004 1.740535 -1.037154 -0.270702 0.803631 -1.034084 -0.037695 
-3.817730 3.270885 2.168854 1.781090 0.690867 -2.078979 -1.652363 1.763791 -2.348804 -0.845640 1.034869 -1.349139 0.005510 
-3.255419 3.601552 1.597957 2.106412 0.809956 -2.495590 -0.994395 2.333736 -2.351221 0.026467 1.154642 -0.714015 0.368607 
-4.294710 3.177844 2.453885 2.924316 0.129826 -2.432712 0.001136 1.716915 -1.807408 -0.117341 0.550591 -0.966745 0.508929 
-4.465676 2.484412 2.540459 2.694430 -0.072669 -1.717689 0.294260 1.395196 -1.087547 -0.108203 0.175739 -1.577390 0.237502 
-4.788495 2.726782 2.774024 2.769063 -0.071322 -1.578876 0.612380 1.355001 -1.253684 -0.003339 0.202352 -1.541433 0.131481 
-4.392788 3.125406 2.365362 2.384764 0.070645 -1.298464 0.871181 1.247935 -2.083693 0.235273 0.665894 -0.845826 0.337019 
-4.409256 3.292665 2.649218 1.810453 -0.055901 -0.994323 0.549374 1.448718 -2.184618 0.562914 0.633368 -0.734174 0.260278 
-5.361475 4.133363 4.082106 2.243532 -0.444532 -1.116072 0.895914 1.629105 -2.285550 0.885070 0.847155 -0.859982 0.081252 
-4.027575 3.301797 2.721356 1.348201 0.203791 0.012379 0.809593 1.540398 -2.230211 1.045213 0.622239 -0.920030 0.137426 
-4.469299 3.105945 2.854250 1.178727 0.012836 -0.059376 0.432653 1.268556 -2.418755 0.765726 0.715075 -0.823161 0.065192 
-5.683429 3.912476 4.325706 1.767737 -0.230939 -0.248466 0.647666 1.360923 -2.741556 0.832955 0.887127 -0.910901 -0.188025 
-6.183814 4.687836 5.003561 1.475958 -0.650888 -0.068995 1.353662 1.843864 -2.877340 1.444728 1.451649 -1.072593 -0.831677 
-3.312163 2.670535 1.758719 0.341920 0.372202 0.299159 0.092283 1.788519 -2.047151 0.978966 0.862562 -0.971742 -0.227801 
-2.598912 2.788778 1.725886 -0.314605 1.043929 0.877533 -1.058341 2.445158 -1.895184 0.736401 0.677461 -0.835005 0.064353 
-3.236085 5.042463 1.798205 0.937545 2.723442 -0.667325 -1.565872 4.656872 -3.081344 -0.657328 1.912951 -1.788997 -0.094889 
-3.242186 5.274802 2.626742 0.689642 1.909606 -0.646420 -1.379097 4.859415 -3.116177 0.426620 2.396718 -1.747064 -0.575699 
-3.299672 4.963017 2.733067 0.404030 2.127131 0.311804 -1.431068 4.202110 -2.801218 0.272725 2.203510 -1.150160 -0.434437 
-3.713114 4.634663 2.627823 0.501355 1.998452 0.241715 -1.225604 4.002618 -2.743708 -0.258724 2.192067 -1.270124 -0.541641 
-3.183835 4.317448 2.115795 -0.325173 2.090650 0.780284 -1.367270 4.212603 -2.644161 -0.202049 1.983705 -1.032889 -0.640081 
-2.963979 4.044871 2.283675 -1.419653 2.054730 1.420195 -2.624173 3.632349 -2.233639 -0.166341 1.337411 -0.584001 -0.356675 
-2.978799 2.155654 1.347528 -1.548660 1.063350 0.991346 -2.212185 2.754858 -1.580205 0.146925 1.052487 -0.712019 -0.008615 
-3.673277 2.700374 0.455950 -0.838682 1.495236 0.114198 -1.870712 1.940576 -1.310790 -0.130100 1.332613 -0.972100 0.074306 
-3.100895 3.162192 -0.155796 -0.672258 1.958251 0.402172 -0.910278 2.219930 -1.600561 -0.049086 1.429297 -0.528590 -0.013368 
-2.855772 3.868271 0.706972 -0.448795 2.298099 0.890657 -0.720466 3.394372 -1.825353 0.153844 1.420689 -0.133615 0.242801 
-1.979259 4.225468 0.735141 -0.805459 1.681254 0.514393 -0.921106 3.446176 -1.773129 0.208958 0.349549 -0.200811 0.669382 
-2.102644 4.469564 0.279851 -0.754329 2.330818 0.771224 -0.750630 3.552789 -2.034817 0.002703 0.675502 -0.011081 0.658658 
-3.171839 3.850157 -0.088055 0.553365 3.152019 0.619822 -0.290409 3.096767 -2.082503 -0.400845 1.761703 -0.510256 0.230867 
-3.619948 3.375425 -0.283584 1.659767 3.561237 -0.364559 -1.162556 2.308668 -1.707469 -0.332360 2.259485 -0.969892 0.411766 
-3.574265 2.750162 0.193117 1.297649 2.763826 -0.104857 -1.424075 2.060038 -0.480986 -0.075554 1.513073 -0.984419 0.564721 
-3.688895 2.116958 1.144410 1.356024 1.940649 -0.141437 -1.126384 2.660539 0.122693 -0.180532 0.699579 -0.843321 1.073123 
-4.812647 2.284107 2.634061 2.251145 1.787224 -0.074088 -0.638738 2.930858 -0.193287 -0.009673 1.006678 -0.851523 0.984253 
-5.711377 2.676909 3.656530 2.549802 1.696925 0.084796 -0.549852 2.816457 -0.433886 0.330458 0.941809 -0.802395 0.762653 
-2.929977 2.560748 1.543704 -0.120413 0.995410 0.744596 -0.738359 2.388333 -1.315727 0.688409 0.633043 -0.427468 0.357141 
-2.815854 2.622268 1.514675 -0.240794 0.986914 0.887808 -0.667325 2.454488 -1.282397 0.668733 0.824279 -0.290517 0.228402 
-3.854615 2.780782 2.550509 0.596014 1.130870 0.753889 -0.664186 2.870016 -1.144777 -0.023296 1.372096 -0.191804 0.119123 
-3.512147 2.427723 2.483918 -0.194940 0.671123 0.908813 -0.794522 2.546875 -1.625975 0.323653 1.290924 -0.503064 -0.087131 
-2.832894 2.150295 1.961939 -0.879583 0.635250 0.975492 -1.231784 2.195825 -1.608128 0.623102 0.853983 -0.719426 0.082175 
-3.369826 1.676221 1.721741 -1.247815 0.408874 0.709277 -1.786793 1.879203 -1.390431 0.105865 0.922502 -1.097244 -0.190191 
-3.242632 1.661450 1.465681 -1.049075 0.592024 0.470663 -1.803765 2.099677 -1.318607 -0.114234 1.184704 -1.088142 -0.242465 
-3.638559 1.373267 1.654893 -1.068301 0.539702 0.747584 -1.888994 1.809516 -0.940515 -0.390519 0.639875 -0.831906 0.068765 
-3.504561 1.412297 1.374007 -1.087759 0.970373 0.865058 -2.157238 1.631179 -0.729984 -0.284204 0.484772 -1.005503 0.108270 
-3.276122 1.508017 0.952275 -1.017254 1.371427 0.620723 -2.290216 1.767045 -0.731952 -0.293947 1.123599 -1.372436 -0.359438 
-3.015681 1.606026 1.162674 -1.359843 1.096087 0.626188 -2.429226 1.993104 -1.160263 -0.239749 1.106009 -0.998061 -0.289364 
-3.137976 1.735309 0.988254 -1.573719 0.991381 0.675490 -2.277155 1.923625 -1.335700 -0.218440 1.022003 -0.744264 -0.043003 
-2.989319 2.176670 0.642239 -1.808897 1.240360 0.730256 -2.182887 2.059954 -1.415453 -0.107033 1.187804 -0.802453 -0.226049 
-2.942067 2.034120 1.024657 -1.750848 1.120699 0.808064 -2.314302 2.151850 -1.382003 -0.021306 1.058758 -0.940894 -0.239907 
-2.912071 1.940942 1.182343 -1.707825 1.021317 0.842856 -2.151344 2.373146 -1.484715 -0.004390 0.968982 -0.869910 -0.197493 
-2.891521 1.975232 1.176494 -1.730952 1.021985 0.854973 -2.120157 2.377601 -1.547321 -0.124033 0.928741 -0.857034 -0.170077 
-2.956891 1.994699 1.176669 -1.742964 1.052210 0.850720 -2.164328 2.357375 -1.530337 -0.212117 0.962572 -0.906353 -0.165204 
-3.548054 1.629368 1.474030 -1.684884 0.626436 0.944624 -2.010108 1.784048 -1.337020 0.016157 0.663560 -0.912845 -0.021916 
-3.498853 1.449151 1.430849 -1.431221 0.839725 1.047455 -1.959264 1.678710 -1.382510 0.048236 0.610543 -0.911409 0.037711 
-3.189486 1.824319 1.204333 -1.603139 1.015174 0.932849 -1.987162 2.118662 -1.470448 -0.048815 0.865997 -0.942381 0.001822 
-2.997371 2.021309 1.341782 -1.629115 1.024817 0.856066 -2.076747 2.478717 -1.469227 -0.096021 1.025904 -0.860450 -0.112901 
-2.893067 2.057389 1.322001 -1.679893 1.061388 0.888393 -2.149209 2.467511 -1.573835 -0.154834 1.024590 -0.971226 -0.182840 
-2.957978 1.987614 1.260280 -1.745180 1.006191 0.843341 -2.251741 2.384273 -1.578548 -0.120046 0.967705 -1.001931 -0.193233 
