-2.865451 1.927491 1.481196 -1.813590 1.066040 0.979527 -2.314178 2.651561 -1.539258 -0.056786 1.083191 -0.963161 -0.145612 
-3.028217 1.990169 1.440799 -1.750963 1.113031 0.946010 -2.328456 2.436228 -1.685927 -0.221430 1.067502 -1.030047 -0.264333 
-3.084542 1.922843 1.277582 -1.851909 0.975949 0.829701 -2.335709 2.517241 -1.568506 -0.192787 1.030956 -0.869014 -0.131647 
-2.848098 2.133383 1.396124 -1.593536 1.056499 0.887930 -2.120755 2.570091 -1.435200 0.087549 0.976980 -0.881250 -0.196344 
-2.741314 2.102957 1.315262 -1.543263 1.024694 0.769378 -2.200125 2.354725 -1.456626 0.093305 0.860591 -0.933936 -0.175602 
-2.842230 1.966064 1.115032 -1.560286 0.951814 0.617974 -2.192293 2.194906 -1.462066 0.002608 0.914106 -0.964169 -0.081103 
-3.067355 1.769180 0.994080 -1.635924 0.957404 0.689389 -2.086489 2.229621 -1.419886 -0.096174 0.997593 -0.905066 -0.084888 
-2.788637 1.918397 1.199254 -1.672274 0.984743 0.789406 -2.149862 2.457151 -1.479817 -0.003921 0.943720 -0.841111 -0.058310 
-2.831570 2.015321 1.165783 -1.599019 0.996612 0.743533 -2.070168 2.366693 -1.479751 -0.125658 0.900914 -0.905760 -0.035351 
-2.920405 2.000712 1.218526 -1.626088 0.963788 0.742507 -2.125152 2.377325 -1.493562 -0.039623 0.862121 -0.956269 -0.117615 
-2.839820 1.990821 1.176250 -1.775358 0.864304 0.712164 -2.214267 2.436950 -1.494740 0.060754 0.831982 -0.907177 -0.118624 
-2.793667 2.103726 1.107187 -1.631469 0.918987 0.722343 -1.968960 2.419763 -1.407547 -0.063921 0.882276 -0.813052 -0.112817 
-2.869847 2.024038 1.115071 -1.505007 1.026420 0.714202 -2.023509 2.358593 -1.482868 -0.137522 0.809965 -0.892444 -0.162525 
-2.794719 1.930928 1.165671 -1.491400 1.041806 0.722074 -2.146672 2.304772 -1.515763 -0.078190 0.807654 -0.870354 -0.089305 
-2.847261 1.891914 0.994945 -1.690834 0.837610 0.621849 -1.991763 2.444177 -1.373866 -0.200982 0.683157 -0.909802 0.089839 
-2.927905 1.948850 1.160993 -1.684503 0.800544 0.588947 -2.007871 2.699252 -1.367108 -0.064941 0.578809 -0.936564 -0.027544 
-2.731707 1.963963 1.531174 -1.657329 0.858132 0.740503 -2.280402 2.666027 -1.659701 0.101918 0.767919 -0.818109 -0.215034 
-2.942122 2.149807 -0.536209 -1.545299 0.127263 -1.052441 -1.302078 2.397098 -0.734153 -0.953222 1.109514 -1.050395 0.377309 
-3.755273 2.801247 1.161757 1.099695 -0.048711 -2.020701 -0.933520 1.432221 -1.077021 -0.117695 0.981539 -0.358510 0.678998 
-3.500179 3.047120 1.634289 1.573114 -0.012310 -1.971254 -1.066926 0.885046 -1.643285 0.094959 0.082788 -0.575475 0.654572 
-3.954352 2.562546 2.006937 1.652251 -0.489458 -1.559855 -0.398758 0.720765 -0.641664 0.181060 -0.358628 -1.005073 0.674818 
-4.997252 2.736813 2.816558 2.231945 -0.622923 -1.660420 0.027725 0.901297 -0.729669 0.356801 -0.910109 -1.065263 0.504041 
-4.526341 2.423680 2.254126 1.684113 -0.045518 -0.408664 0.500379 0.870534 -1.598273 0.271373 -0.707063 -0.604916 0.410752 
-4.729399 2.747424 2.696400 1.406582 -0.501836 -0.267499 0.845733 0.883693 -1.647142 0.459616 -0.175906 -0.568885 0.080204 
-5.859680 3.431085 4.108009 1.944198 -0.905887 -0.615266 1.008536 1.179480 -1.509951 0.716600 -0.051250 -0.690423 -0.253819 
-5.640080 3.011371 3.647729 1.980222 -0.632218 -0.824719 0.670021 1.349498 -0.936830 0.863626 0.290918 -0.977436 -0.041588 
-5.412858 3.425025 3.363592 1.551280 -0.400049 -0.540944 0.637768 1.249662 -1.494151 0.927717 0.484206 -1.130155 -0.043582 
-5.257125 3.889966 4.079698 1.406429 0.033113 0.529541 0.698855 0.954478 -2.432046 1.825741 0.581496 -1.186985 -0.259423 
-4.153371 2.971764 2.889932 0.413510 0.266741 1.137651 0.288932 1.310924 -1.816657 1.731464 0.317676 -0.836118 0.123646 
-3.385552 2.851148 2.658933 -0.249846 0.667370 1.407423 -0.728843 1.947908 -1.887238 1.291578 0.313679 -0.749555 0.265421 
-3.902193 4.652118 4.011020 0.377409 1.156549 0.622421 -1.379393 3.277760 -2.699017 1.200562 1.061815 -1.297934 -0.009392 
-3.032285 5.063153 2.697577 0.245136 2.028133 0.372539 -1.253453 4.183344 -2.778236 1.063221 1.845846 -1.380796 -0.245059 
-2.155548 2.839420 1.227330 -0.568393 1.173013 0.725341 -1.294971 2.553627 -1.734714 0.782687 0.572436 -0.523404 0.184736 
-2.138464 3.193061 1.532803 -0.611457 1.344617 0.782820 -1.583960 2.715114 -1.987695 0.878659 0.562716 -0.719064 0.148062 
-2.878182 3.628218 2.212850 -0.373566 1.585405 1.030351 -1.778471 2.412230 -2.547795 0.908642 1.042176 -1.007968 -0.145300 
-3.765697 4.144044 1.713546 0.732273 2.339544 0.213983 -0.844012 3.063220 -3.521042 0.095559 1.933053 -1.782188 -0.468291 
-4.720642 4.363516 2.800518 0.471618 1.915628 0.616463 -0.938016 3.239954 -3.219353 -0.329608 2.265688 -1.381505 -1.299732 
-3.295389 3.331075 2.197172 -0.852674 1.563405 1.100151 -1.947131 3.329084 -2.199697 0.054943 1.091771 -1.101130 -0.595757 
-2.544068 2.179880 1.031556 -1.211083 0.933515 0.660883 -1.937709 2.322963 -1.666662 0.201096 0.666332 -0.629979 0.066196 
-3.000162 2.002722 -0.690024 -0.634542 2.201317 0.614187 -1.678879 1.601511 -0.891604 0.570180 0.757284 -0.660691 0.306434 
-2.783114 2.574498 -0.059132 0.242818 2.454712 0.845974 -1.411636 1.274056 -0.643790 0.680381 1.056623 -0.576237 0.191315 
-2.813789 2.676483 0.096074 0.318498 2.278878 0.834335 -1.141196 1.384439 -1.025125 0.725002 1.568563 -0.548452 -0.207052 
-2.900142 3.008655 -0.083889 0.434050 2.119649 0.350107 -0.530434 1.949057 -1.526077 0.203545 1.641119 -0.147441 -0.058850 
-2.896691 3.899133 -0.483803 0.423018 2.907738 0.365551 -0.678590 2.321332 -1.811446 0.150811 1.844469 -0.126939 0.177666 
-3.337360 3.242274 0.125683 1.122232 3.043072 0.392876 -0.890694 2.227586 -1.425760 0.341298 1.825779 -0.810628 0.194510 
-3.917291 2.631022 1.132082 1.790628 2.664050 0.216440 -1.116515 2.099858 -0.649191 -0.015117 1.134559 -1.202551 0.578578 
-4.552121 1.830021 1.667236 2.039823 1.532594 -0.381607 -0.853838 1.768638 -0.222604 -0.161577 0.871428 -0.984684 1.036630 
-5.302143 1.745728 2.248235 1.790996 0.939109 -0.261811 -0.451613 1.679259 -0.649621 -0.457050 0.672313 -0.663177 1.022024 
-5.134286 1.916961 2.808166 1.322045 0.640772 0.128784 -0.373155 2.242055 -1.147416 0.133722 0.711521 -0.430643 0.572923 
-4.258636 2.814538 2.296658 0.837326 1.102979 0.506269 -0.270312 2.478356 -1.281369 0.479132 1.232250 -0.595497 0.627374 
-4.126895 3.294374 2.956560 0.753555 1.018175 0.616277 -0.505714 2.465557 -1.463844 0.761526 1.499647 -0.690397 0.315897 
-3.360310 2.269722 1.994002 0.035196 1.041834 0.786119 -0.857284 2.473325 -1.425011 0.641486 1.317749 -0.607492 -0.105067 
-3.655504 2.102604 1.684622 -0.548276 0.869436 0.934172 -1.045072 2.156110 -1.149004 0.640523 1.305260 -0.661165 0.068036 
-4.170886 1.610713 1.748312 -1.256442 0.601815 1.056065 -1.717201 1.691794 -1.196557 -0.218762 0.373490 -0.832599 -0.002349 
-4.233809 1.450657 1.903294 -1.284549 0.510472 1.216321 -1.638399 1.762469 -1.401696 0.040378 0.236631 -0.651042 -0.219240 
-4.196099 1.426128 2.110302 -1.403338 0.134919 1.045835 -1.519878 1.911063 -1.410147 0.183706 0.428211 -0.695612 -0.471715 
-3.724793 1.515109 1.811354 -1.111107 0.442720 0.696148 -1.630165 2.049206 -1.048369 -0.180066 0.757215 -0.712394 -0.364377 
-3.533714 1.630018 1.495693 -0.961365 0.888154 0.645794 -1.826122 2.000352 -1.172952 -0.493610 0.966652 -0.852833 -0.138982 
-3.772508 1.639282 0.658535 -1.191837 1.131203 0.610159 -2.111353 1.426755 -0.514032 -0.279481 0.705049 -1.082494 -0.086602 
-3.718098 1.618176 0.590827 -1.347209 1.201179 0.814056 -2.116024 1.382367 -0.453427 -0.151011 0.882029 -1.092130 -0.076559 
-3.091129 1.945449 0.935153 -1.549396 1.055895 0.706512 -2.111690 2.164389 -1.128029 -0.083405 0.857021 -0.910348 -0.012029 
-2.974446 2.044279 0.740582 -1.465106 1.290987 0.768647 -2.043537 2.027589 -1.347441 -0.133949 1.008009 -0.802921 -0.022763 
-2.777586 2.069202 0.992176 -1.609698 1.018326 0.758820 -2.006275 2.274272 -1.527525 -0.013468 0.761226 -0.831826 -0.163084 
-2.812929 2.035928 0.858056 -1.686504 0.938275 0.752542 -1.853924 2.238421 -1.546247 -0.106550 0.831566 -0.727053 -0.270311 
-2.902448 1.835239 0.727001 -1.821080 0.908182 0.756860 -1.907527 2.228460 -1.561763 -0.153398 1.087099 -0.702803 -0.289090 
-2.925845 2.226622 0.994169 -1.840192 1.007385 0.833899 -2.004682 2.296481 -1.601434 0.028148 0.907809 -0.828970 -0.213660 
-2.926970 2.170159 1.013317 -1.822267 0.989301 0.773029 -2.081149 2.338240 -1.504372 0.000584 0.798290 -0.866810 -0.164793 
-2.862620 1.994341 1.253176 -1.621285 0.983457 0.822350 -2.006950 2.496698 -1.478120 -0.057233 0.933529 -0.882993 -0.095933 
-2.874004 1.986653 1.328424 -1.567732 0.971795 0.778488 -2.084518 2.456404 -1.421456 -0.040760 1.046777 -0.882404 -0.146505 
-2.982628 1.891350 1.400959 -1.617494 0.953107 0.770603 -2.252947 2.406600 -1.473156 -0.032738 0.987728 -0.866488 -0.175487 
-3.034853 1.884768 1.473896 -1.704514 0.929823 0.807476 -2.278431 2.497016 -1.543742 0.013592 0.953797 -0.861795 -0.166307 
-3.024761 2.021500 1.440856 -1.680890 1.029548 0.814560 -2.258871 2.430343 -1.555954 -0.133199 1.106225 -0.959762 -0.202818 
-2.940307 2.020423 1.410604 -1.686688 1.063905 0.848794 -2.284997 2.412795 -1.572047 -0.147010 1.049375 -0.916631 -0.168087 
-2.960889 2.065305 1.495023 -1.728497 1.080647 0.904706 -2.274331 2.603806 -1.522044 -0.079847 1.058274 -0.950337 -0.174758 
-2.894549 2.082150 1.479687 -1.754674 1.096250 1.006354 -2.223822 2.584703 -1.551884 -0.035794 1.009037 -1.018433 -0.205547 
