-2.949679 1.915092 1.251448 -1.750389 1.052186 0.894930 -2.147847 2.494329 -1.586881 -0.139781 1.094384 -0.951895 -0.164689 
-3.045395 1.975252 1.215312 -1.656182 1.056229 0.743553 -2.211589 2.389627 -1.505296 -0.153716 1.054955 -0.904159 -0.094148 
-2.801002 1.950562 1.282213 -1.717358 1.010554 0.870327 -2.223352 2.440461 -1.548420 0.025156 0.946098 -0.847138 -0.077992 
-2.807950 2.001285 1.302408 -1.765178 0.982467 0.836621 -2.229243 2.508327 -1.544844 -0.068868 0.921458 -0.901999 -0.189119 
-2.915787 1.938296 1.267018 -1.735641 0.978670 0.813245 -2.157680 2.465806 -1.489187 -0.109720 0.916835 -0.930922 -0.149956 
-2.969100 1.970773 1.383014 -1.727294 0.984430 0.805589 -2.233279 2.542254 -1.502595 -0.121499 0.996727 -0.953615 -0.192368 
-2.876332 1.973614 1.454869 -1.750218 1.004564 0.867768 -2.333095 2.513754 -1.591191 -0.085541 1.013603 -0.977418 -0.176193 
-2.926967 2.070747 1.415044 -1.782329 1.080146 0.858830 -2.381637 2.458957 -1.657960 -0.125176 1.056380 -0.992705 -0.160376 
-2.875188 2.108925 1.355864 -1.764582 1.159785 0.951611 -2.275150 2.482626 -1.548755 -0.154586 1.130490 -0.955681 -0.175463 
-2.835681 2.090011 1.392582 -1.735714 1.068662 0.932154 -2.189206 2.596671 -1.459285 -0.128040 1.042983 -0.970271 -0.104460 
-2.971941 2.034158 1.350232 -1.725721 0.989800 0.799382 -2.255194 2.505541 -1.611186 -0.236856 0.962072 -1.022922 -0.207175 
-2.934359 1.902248 1.211806 -1.754873 1.027489 0.772166 -2.366280 2.514262 -1.551830 -0.174586 0.930412 -0.895264 -0.136706 
-2.739787 1.966329 1.313100 -1.635760 1.024477 0.899940 -2.178960 2.515506 -1.507445 0.119750 1.061906 -0.802892 -0.170077 
-2.804853 2.172157 1.355967 -1.625487 1.015196 0.892662 -2.146499 2.336984 -1.565867 0.044635 0.962122 -0.840725 -0.123893 
-6.036519 1.987727 1.874977 1.964095 -0.161806 -2.188797 -0.201694 0.791066 -1.552917 -0.624122 1.310798 -1.185593 0.725906 
-4.893139 1.798230 2.341990 1.989296 -0.559582 -1.627542 -0.198802 0.864075 -0.446334 0.003251 0.233808 -0.964658 0.151793 
-5.570638 2.584119 3.136403 2.797954 -0.700195 -1.974606 0.177801 0.534969 -1.252079 -0.048210 -0.303736 -0.933827 0.225655 
-4.487488 2.089854 1.921023 1.978323 -0.464957 -1.072952 0.849295 0.594818 -1.679616 -0.106588 -0.164003 -0.887143 0.249779 
-5.048775 2.267026 2.257141 1.798450 -0.765984 -0.868094 1.324130 0.716160 -1.629122 0.470459 0.141541 -0.801761 0.005445 
-6.361198 3.110548 4.049460 2.632106 -1.333748 -1.736178 1.095354 0.998920 -1.155114 0.722349 0.388375 -0.579660 -0.053401 
-4.853180 2.112535 2.343192 1.154071 -0.584064 -0.077195 1.103571 0.815904 -1.818320 0.664176 0.205014 -0.659637 -0.381014 
-4.426797 2.317570 2.466151 0.783774 -0.396344 0.073392 0.433270 0.934903 -2.200706 0.796034 0.080680 -0.631299 -0.277485 
-5.929524 3.574154 4.391325 1.896026 -0.936311 -0.685885 0.782265 0.764790 -2.589047 1.122439 0.453412 -0.524466 -0.035683 
-6.251300 4.468259 5.117489 1.901157 -1.201533 -0.695627 1.337592 1.442358 -2.307719 1.303060 0.441612 -1.006199 -0.136201 
-4.403429 3.372078 3.071285 1.226636 0.039624 0.232461 0.791712 1.216921 -2.569185 1.438641 0.392238 -1.036143 -0.027242 
-4.467844 3.626848 3.256608 1.092267 0.035627 0.006083 0.346839 1.394874 -2.616477 1.391182 0.676421 -0.993912 0.239240 
-5.147515 4.627451 4.597301 1.404995 -0.398576 -0.622240 0.054364 1.721748 -2.859931 1.374583 0.805630 -1.280875 -0.056501 
-4.277976 5.111567 4.280277 0.852209 -0.029928 -0.214245 0.093273 2.386914 -3.456197 1.724893 0.824568 -1.624859 -0.215573 
-2.785361 5.181858 3.366857 0.077918 1.587947 0.722600 -1.461547 3.592525 -2.820924 1.300409 1.166474 -1.380963 -0.064252 
-2.218394 3.381010 1.696281 -0.496693 1.674546 1.085493 -1.546934 2.990804 -1.968050 0.850398 0.864512 -0.549984 0.183685 
-2.148381 2.647581 1.108248 -0.672733 1.167983 0.844680 -1.355124 2.382894 -1.549839 0.846911 0.458450 -0.483239 0.222377 
-2.162593 2.763939 1.070811 -0.856979 0.956238 0.580901 -1.544460 2.241830 -1.664206 0.697243 0.377036 -0.571924 0.139316 
-2.297056 3.035311 1.241586 -0.639072 0.957292 0.081375 -1.722995 2.360620 -1.835085 0.786829 0.589681 -0.988453 -0.025929 
-2.891301 2.060883 0.651640 -1.311838 0.897043 0.589434 -1.443677 2.839942 -1.170690 0.769878 0.868111 -0.489901 0.275723 
-2.929049 2.323710 1.547487 -1.580443 1.210858 1.117086 -2.315207 3.022196 -1.706058 0.415617 1.496654 -0.525746 0.096546 
-3.284318 2.497241 1.569213 -1.986864 1.373580 1.298429 -2.773378 3.293306 -1.767171 -0.104423 1.071966 -1.310573 -0.327429 
-4.026202 2.015893 -2.928251 -1.825655 1.878297 0.433234 0.089936 1.275356 -1.858509 -0.584136 1.894131 -0.947706 -0.788796 
-3.269194 3.458438 -1.513321 -0.715452 3.057385 0.832961 0.034033 2.891544 -2.003128 -0.351418 1.804598 -1.183145 -0.775881 
-1.952591 4.251441 0.572708 -1.146833 1.708318 0.304172 -1.598944 3.084619 -2.121388 0.203851 0.597137 -0.588940 0.136734 
-2.017841 3.849946 0.594108 -0.986335 1.478954 0.705523 -0.900572 2.996098 -2.228129 0.566853 0.422615 -0.239779 0.505954 
-2.638370 3.776927 0.741787 -0.616549 1.834130 1.150876 -0.293224 3.342412 -2.059949 0.098526 0.743781 0.078908 0.854619 
-2.694576 3.599639 0.395671 0.018234 2.417553 0.901578 -0.603161 2.775279 -1.897079 0.468390 1.584701 0.057871 0.623250 
-3.098915 3.343379 0.404357 0.834620 3.179313 0.658911 -1.561923 2.079303 -1.532251 0.399846 2.134669 -0.384528 0.255630 
-4.011510 2.735744 0.779329 2.478608 4.129987 0.097847 -2.186434 2.049653 -0.827178 0.095181 1.612108 -1.225274 0.175462 
-3.119244 2.728577 0.281242 0.499876 2.024852 -0.423111 -1.516315 2.521007 -0.778509 0.315013 0.575075 -0.859620 0.673610 
-3.485527 2.619916 1.042237 0.350738 1.130264 -0.064912 -0.742097 2.385357 -0.910981 0.453439 0.618133 -0.380157 0.923432 
-3.735270 2.358964 1.664326 0.938798 1.489058 0.326601 -0.668039 2.728067 -0.450310 0.448438 1.019439 -0.575779 0.871783 
-5.460532 2.570544 3.034764 2.073115 1.557684 0.235582 -0.068495 2.813552 -0.823976 -0.232932 1.174261 -0.766487 0.449765 
-3.861462 2.280233 1.695801 0.792284 1.111964 0.133389 -0.555628 2.446780 -1.037206 -0.007231 1.190710 -0.685699 0.317401 
-2.908973 2.574582 1.506783 -0.101698 1.400121 0.730007 -1.136656 2.808487 -1.542887 0.657068 1.165167 -0.764635 0.155903 
-4.463571 3.723021 3.360949 0.858852 1.391738 0.513478 -0.421408 3.797086 -1.970393 0.518663 1.643220 -0.877668 0.127327 
-3.624203 2.813977 2.411424 -0.259694 1.060621 0.965192 -0.828399 3.284543 -1.860145 0.370258 1.862566 -0.875187 -0.104320 
-3.923762 2.016552 2.092456 -0.828555 0.565296 0.924431 -1.158656 2.451815 -1.310566 0.616596 1.453482 -0.729262 -0.072307 
-3.901029 1.572762 1.817798 -1.068582 0.439286 0.970000 -1.336096 1.641362 -1.559306 0.260022 0.933217 -0.841954 -0.194206 
-3.668857 1.400131 1.677009 -1.090941 0.662994 1.090018 -1.449337 1.824257 -1.542720 0.136366 1.124224 -0.590897 -0.195755 
-4.385734 1.501522 1.470221 -0.911614 1.057415 0.730036 -2.029977 1.675909 -0.729347 0.252053 1.151013 -0.656954 0.098288 
-3.946912 1.691274 1.141856 -1.135768 1.031249 0.623445 -2.080547 1.626157 -0.863166 0.012416 0.813633 -1.003961 -0.196830 
-3.382884 1.808064 0.921119 -1.126341 1.432310 0.633323 -2.184630 1.849399 -1.004787 -0.096165 1.056102 -1.293035 -0.244880 
-3.074972 2.029258 0.776761 -1.445069 1.513738 0.763221 -2.378706 1.890197 -1.118958 -0.052701 1.150304 -1.085320 -0.251015 
-3.075039 2.030291 0.771429 -1.543597 1.456319 0.829150 -2.308123 1.922080 -1.397349 -0.131542 1.338084 -1.121011 -0.506218 
-3.093912 1.942873 0.984621 -1.655212 1.265888 0.805767 -2.363077 2.131673 -1.395130 -0.192051 1.131406 -1.122863 -0.361113 
-3.035429 1.975938 1.160665 -1.713425 1.107346 0.891293 -2.260216 2.367408 -1.377187 0.026766 1.039394 -0.900609 -0.070680 
-2.987844 2.182506 1.503256 -1.585750 0.984379 0.954459 -2.030739 2.408000 -1.574901 0.055797 0.887676 -0.905803 -0.125087 
-2.835984 1.929575 1.381582 -1.423666 0.976145 0.706403 -2.221661 2.218034 -1.631786 0.033008 0.857798 -0.894576 -0.126889 
-3.186658 2.081148 1.188878 -1.517491 0.839125 0.572326 -2.058767 2.007855 -1.323415 -0.040926 0.758429 -0.797513 -0.112830 
-3.309161 1.949886 1.077141 -1.552106 0.650397 0.590703 -1.784851 1.789116 -1.040560 -0.256982 0.839755 -0.751966 -0.075344 
-3.290624 1.895601 1.087500 -1.602796 0.737292 0.650885 -1.793487 2.183970 -1.215945 -0.212286 0.911008 -0.823322 -0.023483 
-3.012614 1.891263 1.221504 -1.576314 0.806149 0.690332 -2.028902 2.139548 -1.284516 -0.124480 0.955575 -0.804986 -0.070883 
-2.980096 1.822268 1.287827 -1.669489 0.854114 0.832443 -2.181950 2.211787 -1.435882 -0.188063 0.913480 -0.778407 -0.146749 
-2.949985 1.979749 1.104347 -1.667785 0.886608 0.770749 -1.979403 2.312955 -1.419714 -0.087906 0.926479 -0.932159 -0.105292 
-2.891747 1.911042 1.149008 -1.614715 0.894292 0.673451 -2.130503 2.350396 -1.478352 0.008518 0.832464 -0.925484 -0.170248 
-2.912437 1.853818 1.025000 -1.479503 1.037032 0.735101 -1.979131 2.261409 -1.514356 -0.252226 0.892530 -0.827898 -0.099626 
-2.867395 1.740218 1.077566 -1.482278 0.993680 0.788092 -1.962898 2.200432 -1.597257 -0.269664 0.911079 -0.832623 -0.026690 
-2.953031 1.956771 1.056638 -1.630153 1.000179 0.769866 -2.060357 2.178487 -1.417470 -0.134805 0.859113 -0.939942 0.010917 
-2.996782 1.910540 1.137081 -1.599394 0.911233 0.640621 -2.095169 2.242391 -1.451735 -0.163846 0.984144 -0.946037 -0.070310 
