-2.904468 1.860144 1.265249 -1.810780 0.982219 0.862004 -2.200004 2.562969 -1.526635 -0.137136 1.062085 -0.858564 -0.176145 
-2.739737 2.129676 1.490979 -1.927546 1.029069 0.964745 -2.419423 2.609923 -1.670153 -0.090466 0.952317 -0.935376 -0.128306 
-2.897500 1.931148 1.315077 -1.708173 1.092836 0.882433 -2.310405 2.434611 -1.538183 -0.118438 1.050703 -0.933889 -0.135860 
-2.826408 1.961140 1.291897 -1.663045 1.074499 0.769586 -2.303898 2.458363 -1.550631 -0.210975 1.025376 -0.962529 -0.134517 
-2.845609 1.922715 1.171733 -1.781991 0.989144 0.749523 -2.300322 2.415997 -1.472412 -0.191762 1.013641 -0.927163 -0.128769 
-2.976989 1.883392 1.282226 -1.737204 0.962197 0.759136 -2.234492 2.487819 -1.486941 -0.135474 1.004815 -0.947301 -0.204468 
-2.899519 1.857525 1.274818 -1.736099 0.993901 0.832540 -2.212407 2.506983 -1.478268 -0.101897 0.994992 -0.933959 -0.156173 
-2.949283 1.919885 1.254133 -1.731176 1.002548 0.792536 -2.230831 2.456236 -1.519417 -0.107544 0.978030 -0.930894 -0.098500 
-2.989704 1.900072 1.297286 -1.711477 1.012580 0.763201 -2.306884 2.453489 -1.567492 -0.131718 1.032068 -0.894204 -0.114964 
-2.878158 1.916558 1.281835 -1.675957 1.031575 0.758409 -2.323798 2.522487 -1.555960 -0.147676 0.965996 -0.960649 -0.223608 
-2.810668 1.940438 1.186171 -1.789551 0.946751 0.789257 -2.273395 2.455484 -1.573026 -0.099675 0.912410 -0.899339 -0.155154 
-2.887068 2.024656 1.195055 -1.733051 0.980542 0.739083 -2.254755 2.443393 -1.525027 -0.113534 0.936263 -0.857862 -0.085985 
-2.845799 2.076146 1.272629 -1.607275 1.016050 0.731469 -2.174334 2.529855 -1.429700 -0.051752 0.985678 -0.894006 -0.123009 
-2.821468 1.934096 1.320253 -1.586803 0.932641 0.793673 -2.111755 2.452242 -1.448366 -0.010568 0.996707 -0.903201 -0.124375 
-5.139081 2.045248 1.996910 1.978550 -0.006770 -1.872718 -0.583733 0.763755 -1.512829 -0.339311 0.206057 -1.051497 0.908286 
-4.910981 2.301629 2.410197 2.373477 0.028321 -1.833240 -0.550974 0.938994 -0.727124 0.598217 0.324980 -1.317647 0.534348 
-5.545820 2.638632 3.009217 3.456859 0.268662 -1.986127 -0.048236 0.909054 -0.999871 0.207613 0.125570 -1.051145 0.581395 
-6.090557 2.787549 3.405014 3.904592 0.191875 -1.945425 0.437698 0.659908 -1.431245 -0.108895 -0.125358 -0.952411 0.626109 
-5.389830 1.815897 2.455525 2.955248 0.025254 -1.683952 -0.046802 0.641660 -0.861285 0.419998 0.038097 -1.054456 -0.094753 
-5.171200 2.008601 2.661394 2.626670 0.052744 -1.141085 0.253351 1.005435 -0.938760 0.451311 0.151708 -0.970707 -0.267440 
-6.230177 3.076155 4.139772 3.010767 -0.469290 -1.120570 1.130909 1.288948 -1.541815 0.007306 0.145178 -0.746840 -0.101349 
-6.363434 2.995099 3.963715 2.992293 -0.485946 -1.000318 1.350719 1.101095 -1.691874 -0.001851 0.108708 -0.754955 -0.105630 
-5.019215 1.805500 2.465182 2.030370 -0.167686 -0.688970 0.427971 0.897336 -1.184760 0.592894 0.286705 -0.699507 -0.310131 
-5.759171 1.782813 2.653153 2.203246 -0.301518 -0.934916 0.465318 0.845589 -1.150199 0.519138 0.673587 -0.641184 -0.255098 
-7.109936 3.359155 4.557068 2.694648 -0.763588 -0.905607 1.396992 1.362329 -1.801401 -0.315585 0.924577 -0.473670 -0.103906 
-6.400556 3.561858 4.668523 2.173649 -0.620468 -0.254405 1.246548 1.271937 -2.043608 0.159484 1.207286 -0.547661 -0.248552 
-5.778275 3.772752 4.612157 1.638626 -0.413376 0.199093 1.002708 1.641876 -2.188275 0.483548 1.136427 -0.649594 -0.232972 
-4.438903 3.457946 3.358533 0.934877 0.540132 0.674577 0.018495 1.936488 -2.079783 0.888124 1.248260 -0.685039 -0.025504 
-2.343894 2.578928 1.147275 -0.319712 1.059533 0.675000 -0.994112 2.224847 -1.493460 0.721311 0.685339 -0.577655 0.085432 
-2.201026 2.929310 1.445696 -0.564983 0.798192 0.407338 -1.340550 2.335493 -2.021697 0.761270 0.480312 -0.767840 -0.001659 
-2.643657 3.456229 2.037733 -0.338508 0.656564 -0.153258 -1.653889 2.618156 -2.171254 0.548309 0.664466 -0.985597 -0.135179 
-3.448764 4.018759 2.183514 0.548584 1.613674 -0.179102 -1.217592 3.005164 -3.428648 -0.604053 1.632294 -1.012670 -0.027002 
-2.500843 2.791838 1.438495 -0.602267 1.043555 0.509851 -1.478336 2.437881 -2.144258 0.276606 0.620775 -0.823015 -0.112980 
-2.587171 2.248144 1.044868 -0.895086 0.991798 0.700309 -1.430229 2.378873 -1.592163 0.307869 0.643742 -0.658257 0.032610 
-2.827190 2.628227 1.556686 -1.256768 1.497927 1.304910 -1.913912 3.233554 -1.820990 0.097680 1.059933 -0.759778 -0.043708 
-2.997948 2.586121 1.867393 -1.809722 1.448090 1.413290 -2.810040 3.331868 -2.145012 0.289544 1.234951 -0.982118 -0.005630 
-2.749284 3.770436 -0.594672 -2.032236 1.887730 1.446460 -0.219261 2.205403 -2.643070 -0.217289 1.105690 0.056364 0.257535 
-2.846499 2.527209 -0.296886 -1.103190 1.512053 0.965869 -0.565807 2.008112 -1.707787 -0.105363 0.723819 0.123893 0.458792 
-2.599680 2.995029 0.750831 -0.069488 2.059774 1.017835 -0.660507 2.900907 -1.558444 0.061638 0.626812 -0.143471 0.681902 
-2.570369 3.973114 0.466073 0.088858 2.440252 0.734706 -0.432701 3.384758 -1.796478 0.069373 0.988337 -0.007857 1.119117 
-2.704368 3.919517 0.143425 0.374391 3.109601 0.893421 -0.336072 3.382740 -2.298925 -0.434416 1.389946 -0.104619 0.966160 
-2.471040 3.360469 0.215524 0.562895 2.665576 0.371946 -0.843983 2.809247 -2.117511 -0.161887 1.317440 -0.571588 0.414744 
-2.383888 2.532019 0.216853 1.065389 2.739799 0.024512 -1.477148 2.353702 -2.211489 0.276332 1.461707 -0.671549 0.515268 
-2.743955 2.028945 0.693426 1.058661 2.299325 0.324042 -1.450980 2.121953 -1.190765 0.493152 1.091102 -0.602494 0.455960 
-3.384708 2.123178 0.905612 1.721616 2.107430 -0.164696 -0.889474 2.243712 0.025704 0.060388 0.717470 -0.877376 0.953315 
-4.446727 2.298542 1.511941 2.272470 2.100575 -0.411512 -0.561879 2.711845 0.343588 0.021978 0.776705 -0.579648 1.687161 
-3.772864 2.670422 2.377425 1.676278 1.969671 0.252436 -0.969090 3.149395 -0.628489 0.453650 0.540082 -0.497749 1.113315 
-2.274480 3.254111 2.481637 -0.476253 0.965706 0.987628 -1.453620 2.936468 -1.419621 0.670121 0.357196 -0.309667 0.550505 
-2.361735 3.384115 2.585715 -0.546351 0.846457 1.008194 -1.272378 3.124774 -1.544255 0.775384 0.623693 -0.215584 0.345957 
-3.712648 3.121435 2.434746 0.618804 1.477416 0.694917 -0.649838 3.453635 -1.549673 0.088352 1.568965 -0.534611 0.375083 
-3.377454 2.809650 2.701293 -0.067373 0.827208 0.811990 -1.105178 2.906814 -1.391341 -0.076631 1.508421 -0.388404 -0.081074 
-3.332155 2.075809 2.405069 -0.882686 0.355653 0.886466 -1.454572 2.173248 -1.408668 0.291079 0.878292 -0.532991 -0.139234 
-4.826203 1.206323 1.613605 -0.739350 0.777782 0.929129 -0.871911 2.166865 -1.076835 -0.296154 0.947735 -1.111681 -0.139085 
-3.718710 1.595912 1.673394 -0.874898 0.645844 0.681701 -1.404358 2.163199 -1.086720 -0.112505 0.858648 -0.620780 0.266336 
-3.575636 1.489972 1.356428 -1.167961 0.759175 0.691478 -1.619485 2.135906 -1.110240 -0.126762 0.948336 -0.385363 0.394791 
-3.996607 1.637781 0.896960 -1.751431 1.004854 1.294043 -1.835601 1.288932 -1.026231 -0.274335 0.933996 -0.602940 -0.070015 
-3.546938 1.596694 0.731906 -1.611703 1.202085 1.126458 -2.040477 1.486402 -1.159350 -0.180547 0.967418 -0.694824 -0.097126 
-3.275966 1.712910 0.734937 -1.556620 1.224271 0.851430 -2.084651 1.798363 -1.312226 -0.087712 1.109459 -0.951913 -0.032729 
-2.994246 1.935369 0.833249 -1.723356 1.230905 0.898918 -2.115096 2.200329 -1.497147 -0.160782 1.110570 -0.765980 -0.002396 
-2.973640 1.902717 1.082657 -1.819285 1.046024 0.907912 -2.150315 2.372971 -1.526064 -0.107692 0.999795 -0.794504 -0.049098 
-3.047255 1.884359 1.227451 -1.714487 1.027842 0.854884 -2.220698 2.377304 -1.489574 -0.149065 1.047383 -0.904620 -0.138350 
-2.904994 1.863959 1.268743 -1.710774 0.973563 0.837881 -2.238579 2.480407 -1.522579 -0.105873 0.957802 -0.889338 -0.105364 
-2.924507 2.011405 1.242397 -1.749785 0.976391 0.844858 -2.154512 2.535647 -1.487072 -0.025242 0.982122 -0.832014 -0.120634 
-2.748477 2.077218 1.340361 -1.587597 1.008157 0.807979 -2.181440 2.373501 -1.640618 0.042646 1.000755 -0.831928 -0.140125 
-2.773880 2.001088 1.283284 -1.652207 0.947302 0.778168 -2.221524 2.265019 -1.674279 -0.007287 0.916679 -0.857361 -0.160269 
-2.927893 1.993906 1.144278 -1.767422 0.892572 0.734180 -2.140918 2.314933 -1.508113 -0.089361 0.926783 -0.865921 -0.105226 
-2.902406 2.024673 1.175641 -1.694266 0.960534 0.726940 -2.167358 2.342175 -1.509216 -0.091799 0.954209 -0.852260 -0.051075 
-2.877008 1.955045 1.182594 -1.642320 0.956341 0.649585 -2.265035 2.267643 -1.568036 -0.045628 0.972754 -0.859730 -0.073475 
-2.928833 1.944529 1.154167 -1.668838 0.960642 0.640875 -2.251260 2.370495 -1.448057 -0.115901 0.999483 -0.936672 -0.085626 
-2.924324 1.906049 1.172671 -1.685523 1.002513 0.754070 -2.264292 2.377537 -1.490434 -0.098278 1.032151 -0.852821 -0.069658 
-2.825267 1.822664 1.197109 -1.638185 0.986331 0.732257 -2.276111 2.375193 -1.571910 -0.056229 0.866884 -0.905201 -0.136815 
-2.928708 1.943508 1.159034 -1.669208 0.941472 0.701919 -2.179868 2.349360 -1.552720 -0.177493 0.886105 -0.890624 -0.099893 
-2.825020 2.043254 1.174963 -1.667490 0.968193 0.712414 -2.116332 2.459294 -1.497661 0.023731 0.997989 -0.721476 -0.047321 
-2.794999 1.904212 1.218610 -1.646224 1.009066 0.784049 -2.150104 2.497252 -1.519161 0.093829 0.973052 -0.730377 -0.061788 
-2.890194 2.012277 1.121006 -1.764609 0.869315 0.528689 -2.272800 2.404975 -1.408532 -0.008443 0.918689 -0.998798 -0.064353 
