-2.893381 1.964533 1.378335 -1.839166 1.040105 0.894569 -2.324275 2.598978 -1.555938 -0.154221 1.049389 -0.912745 -0.138147 
-2.889774 1.987019 1.318018 -1.822942 1.021521 0.880480 -2.250503 2.512526 -1.608927 -0.193961 0.963593 -0.937007 -0.023471 
-2.885335 1.925747 1.381233 -1.674186 1.056170 0.883970 -2.231033 2.552886 -1.560019 -0.023717 1.018156 -0.973467 -0.178984 
-2.975757 1.973791 1.241501 -1.730038 0.946395 0.745713 -2.209280 2.442842 -1.634431 -0.118668 0.934687 -1.028451 -0.228144 
-2.872559 1.958070 1.276682 -1.624754 1.057873 0.888944 -2.137035 2.469909 -1.517434 -0.077994 0.985410 -0.902380 -0.059712 
-2.813451 2.076911 1.261286 -1.685159 1.038129 0.899808 -2.022845 2.590369 -1.493868 -0.109437 0.842423 -0.920430 -0.107457 
-2.860176 2.063262 1.234389 -1.608037 1.015431 0.790775 -2.058586 2.406806 -1.587137 -0.128996 0.818585 -0.937759 -0.160144 
-2.888556 1.910767 1.207249 -1.547448 0.949267 0.702993 -2.128513 2.261862 -1.593124 -0.133830 0.896779 -0.905538 -0.128603 
-2.996294 1.764593 1.198294 -1.560625 0.954501 0.743467 -2.149336 2.275686 -1.348103 -0.072414 0.966758 -0.875509 -0.096366 
-2.840429 1.942919 1.236337 -1.750133 0.949324 0.832721 -2.199011 2.425249 -1.419785 0.000108 0.917348 -0.904016 -0.088819 
-2.917892 1.880528 1.253151 -1.659114 0.987440 0.735305 -2.247025 2.465947 -1.533292 -0.158648 0.993020 -0.886661 -0.081291 
-2.834169 1.897025 1.232433 -1.581072 0.984192 0.791095 -2.125609 2.433635 -1.503734 -0.027523 0.914475 -0.963788 -0.174685 
-2.868129 1.892869 1.214086 -1.621120 0.948755 0.742069 -2.139452 2.417464 -1.544482 -0.054630 0.909610 -0.962879 -0.183665 
-2.845283 1.944746 1.247539 -1.639195 0.907695 0.752335 -2.114197 2.346270 -1.603905 -0.134227 0.899772 -0.891543 -0.097429 
-2.822407 1.969362 1.210894 -1.648970 0.953039 0.756744 -2.139603 2.354230 -1.512288 -0.137718 0.914162 -0.871204 -0.064861 
-2.963452 1.858518 1.015494 -1.558935 1.092265 0.738835 -2.119759 2.270842 -1.240101 -0.101737 1.062535 -0.917494 -0.062837 
-2.974380 1.920017 0.998359 -1.568775 1.083450 0.635720 -2.184148 2.196396 -1.352220 -0.160864 0.998420 -1.020315 -0.166214 
-2.978755 2.027872 1.226381 -1.607315 1.003755 0.655887 -2.267183 2.228136 -1.517215 -0.088950 1.148329 -0.949258 -0.130781 
-2.911377 1.948552 1.185349 -1.648434 0.998935 0.779626 -2.122538 2.347623 -1.506115 -0.074918 0.978627 -0.980021 -0.156967 
-2.876550 1.930047 1.267313 -1.678356 0.995477 0.818223 -2.192755 2.410257 -1.522857 0.019705 1.008845 -0.941235 -0.169913 
-2.786816 1.927132 1.280501 -1.678141 1.037700 0.851513 -2.213198 2.428956 -1.552789 -0.119341 0.982833 -0.892864 -0.122588 
-5.788393 1.847026 2.954806 1.890204 -0.481452 -1.016850 -0.045656 0.161286 -1.321300 0.095629 0.102236 -0.809186 0.400279 
-6.380543 2.311712 3.507526 2.465610 -0.483358 -1.256595 -0.075896 -0.058105 -1.786816 0.282747 -0.102052 -0.702881 0.540722 
-5.793350 2.811762 3.593300 2.104818 -1.149574 -1.614031 0.249645 0.613854 -1.623969 0.360945 -0.155642 -0.544481 0.465375 
-6.031021 2.581084 3.417592 2.010324 -0.715699 -1.243279 -0.158061 0.616720 -0.595379 0.333676 0.103830 -0.794913 -0.063034 
-6.352300 2.742759 3.790767 2.408848 -0.498090 -0.943993 0.291536 0.626981 -0.789355 0.450735 0.131167 -0.764173 0.016218 
-6.488987 3.487367 4.518485 2.399967 -0.904459 -0.601734 1.326829 0.783604 -1.755078 0.895800 0.113672 -0.570630 -0.116565 
-4.481640 1.932017 1.865005 0.928741 -0.339478 0.213689 1.006152 0.675481 -1.660995 1.042665 0.111253 -0.682992 -0.093969 
-4.868134 2.067763 2.253601 0.890858 -0.657397 0.166230 1.008499 0.473969 -1.957104 1.167612 -0.031418 -0.716482 -0.259652 
-6.507383 3.640068 4.673677 1.672188 -1.205315 0.058682 1.539172 0.415298 -2.366671 1.352094 0.456957 -0.513476 -0.347733 
-6.247432 3.503434 4.525729 1.664149 -0.879492 0.260357 1.723710 1.022591 -2.141353 1.752538 0.623703 -0.768885 -0.435326 
-4.598905 3.726001 3.582820 0.360051 -0.753844 0.138023 0.475256 1.272593 -2.370181 1.903482 0.799460 -1.025010 -0.317082 
-4.025282 3.747094 3.664530 -0.246845 -0.474461 0.483161 -0.585087 1.668704 -2.377005 1.717718 0.551517 -1.114584 -0.328100 
-4.497210 4.772758 3.817736 0.628828 0.591457 0.109120 -0.434723 2.957824 -2.774164 1.541001 1.275590 -2.005562 -0.439408 
-3.144560 4.569705 2.702695 -0.163425 1.653642 0.840586 -1.058210 3.963584 -2.652741 1.297596 1.360053 -1.229658 0.003065 
-2.665977 4.020771 2.477323 -0.327893 1.577267 0.996097 -1.312264 3.775071 -2.226182 1.440808 1.259602 -0.792137 0.199092 
-2.180701 2.920315 1.751756 -0.551773 1.235101 1.052377 -1.419565 2.768573 -1.771943 1.103662 0.655827 -0.434317 0.389943 
-2.213617 2.569428 1.350401 -0.613220 1.011615 0.831466 -1.429962 2.237727 -1.672602 0.849479 0.326608 -0.636246 0.230360 
-2.402008 2.361534 0.773138 -0.881944 0.827021 0.553695 -1.343031 2.068140 -1.594527 0.691818 0.349483 -0.672347 0.115196 
-2.658248 2.221466 0.651147 -0.713549 0.788167 0.420540 -1.088089 1.983467 -1.520973 0.542765 0.553876 -0.686115 0.030090 
-2.716209 2.355999 0.622326 -0.825551 1.008833 0.560363 -1.192654 2.136628 -1.424813 0.488700 0.709896 -0.532505 -0.016082 
-2.924928 2.472964 1.485571 -0.746128 1.623984 1.444866 -1.368534 3.013670 -1.514278 0.529683 0.744730 -1.012092 -0.186425 
-3.096316 2.505927 1.629861 -1.602135 1.392360 1.446555 -2.312667 3.214095 -1.669786 0.683009 1.129895 -1.149347 -0.325269 
-3.696661 2.694521 -1.450823 -2.384238 0.869944 1.045014 0.592694 2.321763 -1.789858 0.264046 0.514861 -1.128868 -0.209387 
-3.384553 2.866903 -1.031105 -1.858025 1.409422 1.347019 0.593229 2.365323 -2.226295 0.179697 0.853784 -0.671422 -0.043964 
-3.170421 3.585434 -0.130046 -0.699376 2.465988 1.315360 -0.006664 2.701739 -3.085847 -0.450394 1.300189 -0.777718 -0.009572 
-1.989955 4.230700 0.410127 -1.222262 1.736941 0.510675 -1.565005 2.843744 -2.212021 0.390144 0.394990 -0.658083 0.162032 
-2.323792 3.817892 0.453868 -0.816014 1.775074 0.712958 -1.176852 2.692077 -1.858143 0.633894 0.559669 -0.336144 0.619391 
-3.042340 3.166115 0.773465 0.555924 2.390454 0.774167 -1.068896 2.169246 -1.321962 0.859590 1.324652 -0.569242 0.589124 
-3.401071 2.991139 0.800378 1.307471 2.537337 0.208147 -1.176472 2.244124 -0.491739 0.643697 1.229840 -0.862720 0.715304 
-3.636207 2.489001 1.282274 1.576324 2.010039 0.080959 -0.674616 2.679769 -0.487565 0.385784 1.010007 -1.113338 0.688344 
-4.229812 2.072481 2.046104 1.432778 1.223860 0.099582 -0.336896 2.641503 -0.818202 0.199501 1.018431 -0.642458 0.461895 
-4.930443 2.567713 2.701888 1.343641 0.800570 -0.034402 -0.193000 2.516474 -1.127935 0.073351 1.162714 -0.753143 0.292876 
-4.301027 2.160955 1.815934 0.554107 0.897644 0.264750 -0.486608 2.656381 -1.045121 0.277140 1.109291 -0.822614 0.369579 
-4.051487 2.287163 1.531055 0.532495 0.779670 0.209284 -0.235880 2.388229 -1.146039 0.375190 1.722093 -0.588839 0.271711 
-4.676281 2.944315 2.661466 1.327437 1.039912 0.068683 -0.253673 2.398798 -1.594884 0.130841 1.890453 -0.899810 -0.188969 
-3.301111 2.348498 1.712369 0.143641 1.201639 0.622407 -0.788717 2.681890 -1.384018 0.224755 1.137983 -0.648434 0.079061 
-3.080396 2.433154 1.526884 -0.249083 1.192398 0.655077 -0.989749 2.788626 -1.206668 0.151849 1.266682 -0.519030 0.251936 
-4.937508 2.064212 2.453259 -0.566239 0.302582 0.780282 -0.641407 2.061471 -1.698405 0.196473 1.706789 -0.763908 -0.330093 
-4.766696 1.239511 1.803594 -0.791522 0.330698 0.745199 -1.138531 1.721062 -1.251704 0.195329 0.825312 -0.773965 -0.094988 
-4.256017 1.308541 1.625515 -0.755194 0.768454 0.912265 -1.447492 1.736477 -1.041729 0.053126 0.739272 -0.811699 0.093315 
-3.561272 1.585458 1.305006 -1.100906 0.901179 0.558376 -1.977482 2.139904 -0.940164 -0.476088 0.753217 -0.773959 0.107292 
-3.380754 1.489821 1.302697 -1.538410 0.656506 0.788385 -2.076147 2.201031 -0.840106 -0.224414 0.367531 -0.433787 0.087302 
-3.354139 1.735379 1.139275 -1.709036 0.803674 1.050059 -1.989834 1.868200 -0.792208 0.202606 0.523425 -0.608483 -0.143339 
-2.980679 1.925794 0.905838 -1.505075 1.023962 0.753628 -1.959184 1.967326 -1.252278 0.079313 1.054243 -0.944154 -0.065069 
-2.955463 2.037573 0.967222 -1.594311 1.059254 0.817203 -1.975107 2.071940 -1.325015 -0.057409 1.037496 -0.839400 0.011020 
-2.921072 1.959074 1.184646 -1.646936 0.973382 0.746522 -2.087025 2.400994 -1.425258 -0.056844 0.847513 -0.986945 -0.071900 
-2.918013 1.880571 1.168642 -1.750856 0.901894 0.700708 -2.232658 2.419995 -1.393824 -0.020586 0.924221 -1.074857 -0.154790 
-3.072645 1.891866 1.320240 -1.445595 1.139840 0.727811 -2.224901 2.419288 -1.415251 -0.168180 1.079006 -1.018389 -0.119192 
-2.909458 1.974340 1.368683 -1.630285 1.027080 0.822422 -2.224376 2.439604 -1.531440 -0.048719 0.930380 -0.954680 -0.094505 
-2.821517 1.914637 1.235369 -1.697641 1.043953 0.883151 -2.117771 2.496066 -1.611998 -0.166928 0.977138 -0.937976 -0.144600 
-2.949200 1.882792 1.243826 -1.712652 0.956809 0.772117 -2.187188 2.443695 -1.540601 -0.123402 0.950687 -0.933389 -0.121502 
-2.984600 1.917646 1.211586 -1.770644 0.958643 0.798512 -2.183272 2.429147 -1.519840 -0.125209 0.977054 -0.946946 -0.150679 
-2.872400 1.874197 1.185579 -1.837986 0.951742 0.818630 -2.211550 2.506261 -1.547165 -0.104484 0.969183 -0.952032 -0.176432 
-2.800848 1.963322 1.300915 -1.781386 0.979188 0.810728 -2.243744 2.522442 -1.566416 -0.120075 0.985978 -0.958262 -0.152626 
