-2.851171 1.934891 1.380761 -1.703253 1.014079 0.841727 -2.287512 2.492563 -1.524997 -0.052468 1.078020 -0.904927 -0.120970 
-2.889804 1.913489 1.289264 -1.686462 1.036063 0.878699 -2.172039 2.481814 -1.471239 -0.054806 1.061491 -0.858716 -0.143849 
-2.940816 1.985803 1.143300 -1.752686 1.014988 0.711990 -2.288084 2.316538 -1.489303 -0.178646 0.944180 -0.977277 -0.142605 
-2.843800 1.904312 1.244439 -1.759781 0.862706 0.697855 -2.242708 2.418172 -1.517797 0.043172 0.941651 -0.934258 -0.164704 
-2.899010 1.935579 1.487762 -1.704971 0.892047 0.827609 -2.238193 2.529066 -1.570626 -0.042490 0.921057 -0.894454 -0.125083 
-2.901258 1.964768 1.374291 -1.674629 0.987147 0.834037 -2.194407 2.499412 -1.479606 -0.083587 0.961953 -0.915973 -0.136255 
-2.935915 1.937270 1.210834 -1.642855 1.080912 0.807971 -2.212152 2.370504 -1.516837 -0.152834 1.114172 -0.898168 -0.122529 
-2.990464 1.927035 1.224265 -1.613667 1.078041 0.805673 -2.175991 2.359967 -1.539752 -0.154394 1.151845 -0.890571 -0.157550 
-2.934133 1.845010 1.285164 -1.651692 1.015307 0.792356 -2.209944 2.467483 -1.536516 -0.090027 1.094069 -0.944516 -0.181916 
-3.015902 1.885736 1.317570 -1.716252 1.027458 0.885827 -2.208461 2.399731 -1.563729 -0.127592 0.998278 -0.923722 -0.145429 
-3.039585 2.010552 1.263027 -1.712897 1.113844 0.949412 -2.121216 2.358917 -1.632755 -0.188511 1.107406 -0.825221 -0.099542 
-2.998252 1.960339 1.206601 -1.749918 1.107918 0.922828 -2.216923 2.380413 -1.526476 -0.100420 1.182942 -0.901460 -0.163310 
-3.816760 1.421979 1.184430 -1.389709 1.006036 0.999625 -1.931114 1.906142 -1.100313 -0.256330 0.894902 -0.717891 -0.185947 
-3.748345 1.410503 1.165882 -1.414252 0.931223 0.902511 -1.976717 1.924907 -1.179266 -0.299563 0.809636 -0.747341 -0.214958 
-3.135443 1.683993 1.477006 -1.959815 0.602100 0.953144 -2.329181 2.360912 -1.415199 -0.207968 0.641969 -0.639905 -0.191790 
-3.045191 1.963803 1.547492 -1.743337 0.841825 1.088765 -2.168026 2.327178 -1.237913 -0.059722 0.686090 -0.632003 -0.177338 
-2.874371 2.106706 1.247336 -1.563135 1.076080 0.885144 -2.041917 2.327429 -1.515325 -0.076813 0.885533 -0.819269 -0.043099 
-2.736958 2.052481 1.093420 -1.627519 0.974222 0.720233 -2.051184 2.304977 -1.653899 -0.069429 0.897389 -0.844343 -0.088321 
-2.786781 1.988582 1.050593 -1.761091 0.860315 0.727363 -2.034989 2.293354 -1.574462 -0.043531 0.919898 -0.854398 -0.079258 
-2.890378 1.916150 1.265624 -1.733598 0.933015 0.781324 -2.225308 2.442466 -1.485715 0.016568 1.049985 -0.859249 -0.093477 
-3.084202 1.909669 1.051235 -1.570072 1.087981 0.772334 -2.105538 2.183508 -1.355982 -0.161201 0.952060 -0.969189 -0.088261 
-3.149908 1.815120 0.959490 -1.533844 1.050367 0.728013 -2.033946 2.071524 -1.402972 -0.190590 1.037362 -0.923971 -0.078000 
-3.050326 1.817457 1.116668 -1.861397 0.836686 0.852444 -2.219685 2.261976 -1.258248 -0.307358 1.017724 -0.775431 -0.164940 
-4.417140 2.366930 2.151521 1.057938 0.179400 -0.955142 -0.752069 1.088538 -1.382322 -0.010188 0.173568 -1.332088 0.594534 
-4.547437 2.286243 2.525765 1.837748 0.240208 -1.030024 -0.844126 0.582365 -1.938037 0.471589 -0.624114 -1.130484 0.695487 
-4.197743 1.314669 2.542102 1.742023 -0.295217 -1.237074 -1.267445 1.206436 -0.857408 1.561119 -0.558040 -0.324427 0.000212 
-6.315089 1.757295 2.766777 2.886143 -0.700942 -1.984476 0.049734 0.374771 -0.338272 0.585316 -0.382121 -0.725484 0.563708 
-6.852142 1.914596 3.250858 3.128130 -1.004278 -2.041657 0.616775 0.519554 -0.619477 -0.214928 -0.829113 -0.727880 0.636536 
-6.953755 2.061821 3.618637 3.132649 -1.138017 -1.754383 1.104506 0.639283 -0.890333 -0.353324 -0.639583 -0.403795 0.482556 
-5.508554 2.088880 2.254754 1.684083 -0.747410 -0.728253 1.247982 0.782259 -1.525367 0.394624 -0.200140 -0.468511 0.239056 
-5.411094 2.234105 2.399112 1.399793 -0.881309 -0.540822 1.237811 0.757179 -1.804489 0.600605 0.064823 -0.458540 0.105377 
-7.008060 3.359461 4.859145 2.631801 -1.471925 -1.362332 1.099535 0.738133 -1.758703 0.730281 0.184711 -0.236860 0.257137 
-6.899676 3.547075 4.936631 2.547741 -1.163673 -0.935399 1.278638 0.913076 -1.916765 0.994982 0.451927 -0.490058 -0.109207 
-6.357769 3.622564 4.571129 2.096475 -1.099044 -0.591865 1.488701 1.110253 -2.044140 1.000434 0.621568 -0.496848 -0.248158 
-4.252573 2.461784 1.889429 0.523046 -0.348217 0.212332 0.921980 1.146209 -1.823861 1.247610 0.655748 -0.733124 -0.104944 
-3.408018 2.690860 1.512911 -0.125875 0.233298 0.400673 -0.025212 1.695529 -2.113694 1.224620 0.569849 -0.960881 -0.083967 
-3.710962 4.234872 3.255669 0.338729 1.198774 0.253758 -1.449695 3.563162 -2.559220 0.535576 1.035675 -0.990888 0.071510 
-3.121027 4.751470 2.809111 0.062459 1.642683 0.395583 -1.310929 4.116535 -2.928083 0.565593 1.461104 -1.333089 -0.450222 
-3.082104 4.857533 2.906002 -0.191385 1.411530 0.475236 -1.277817 4.015841 -2.749132 0.585075 1.639143 -1.228652 -0.420370 
-3.259483 4.980302 2.384417 0.112888 1.633837 -0.200850 -1.248921 4.093300 -3.147508 0.490687 2.350877 -1.374041 -0.413634 
-2.837973 4.922774 2.599802 -0.007026 2.026437 0.407729 -1.777745 3.887415 -3.039192 0.396384 1.745265 -1.346008 -0.310305 
-2.737511 3.143137 2.014971 -0.798370 1.678560 1.194261 -2.046265 3.050137 -2.046058 0.228375 1.068553 -1.002405 -0.028373 
-2.671638 2.300383 1.194720 -1.395197 1.102718 0.959777 -2.008982 2.536857 -1.653945 0.323826 0.862563 -0.766776 -0.027950 
-3.474134 2.247960 -3.744695 -2.137566 1.607397 -0.021464 0.159745 1.957296 -0.978235 -0.331119 1.274419 0.302318 0.212909 
-3.202015 3.081032 -3.865221 -1.988263 2.512643 0.078186 0.217982 2.851413 -0.974262 -0.379992 1.692195 0.389938 0.178079 
-3.095981 4.047265 0.267972 -0.281469 2.891110 0.471655 -0.843661 4.392178 -1.630130 -0.819680 0.832123 -0.843414 0.543725 
-3.425468 3.678613 0.616870 -0.248403 2.317019 0.782450 -0.337743 3.754313 -2.017059 -0.726269 0.697292 -0.993267 0.272272 
-2.872752 3.196214 0.585741 -0.316792 2.070353 0.844064 -0.788248 3.187157 -1.558715 0.082935 0.639910 -0.719819 0.399035 
-3.104337 2.739130 0.353176 -0.200989 2.040348 0.843037 -0.840219 2.816790 -1.244807 0.260263 1.203067 -0.326144 0.743626 
-3.170766 3.169929 0.990624 0.777042 2.807725 0.926274 -1.236883 2.646347 -1.070024 0.428877 1.414590 -0.816490 0.459941 
-3.044460 2.164207 1.355217 1.289998 2.270418 0.173553 -1.563948 2.797271 -0.907215 0.427819 0.800494 -0.919819 0.571204 
-4.030552 2.167744 1.954681 1.845395 1.620507 -0.324949 -1.048973 2.427022 -0.756429 0.014532 0.862002 -1.255153 0.724082 
-4.387861 2.181550 1.627545 1.200406 1.058878 -0.118491 -0.313499 2.343065 -1.007063 -0.083143 1.248081 -0.926289 0.679274 
-4.205023 2.066156 1.893060 0.573580 0.625742 0.492280 -0.122472 2.149644 -1.016441 0.713211 0.777395 -0.356925 0.811988 
-5.702403 2.175456 3.018243 1.321156 0.479681 0.371684 0.318055 2.318549 -1.110053 0.365362 0.908314 -0.403045 0.497542 
-3.974022 2.266464 1.711316 0.313346 0.412031 0.144639 -0.079220 2.090091 -1.610603 0.050500 0.957036 -0.605646 0.119940 
-3.453588 2.776335 1.856863 -0.000032 0.743572 0.589847 -0.290056 2.525219 -1.721432 0.448552 1.123744 -0.515264 0.229339 
-5.474242 3.774817 4.024283 1.166757 0.802538 0.482245 0.115765 3.082940 -1.934713 0.422390 1.595624 -0.831902 0.106008 
-3.941048 2.568256 2.346902 -0.172289 0.942912 0.744481 -0.880338 2.819229 -1.732311 0.287218 1.539617 -0.841114 0.096487 
-3.896538 1.835405 2.129908 -1.008183 0.422736 0.983851 -1.323302 2.073420 -1.498656 0.014344 0.986147 -0.892472 -0.029874 
-4.580188 1.027678 1.838143 -0.911022 0.248054 0.557837 -1.396541 1.769459 -1.039008 -0.684290 0.853138 -1.201172 -0.115056 
-3.586124 1.329188 1.365899 -1.058316 0.797044 0.767216 -1.721567 1.872169 -0.843158 -0.606574 0.932929 -0.976299 -0.034609 
-3.470143 1.632988 1.011769 -1.285467 1.133848 1.010099 -1.893541 1.638401 -0.725007 -0.374099 0.397233 -1.106330 0.413185 
-4.394214 1.377702 1.072260 -1.175306 0.937982 0.767001 -1.784339 1.603161 -0.887030 -0.437191 0.523118 -1.202938 0.095084 
-3.419468 1.911611 1.124378 -1.678356 0.932522 0.978854 -1.904009 2.020056 -1.332196 -0.027477 0.808596 -0.807331 -0.027510 
-3.014811 1.964404 1.029958 -1.735055 1.045898 0.973356 -2.022748 2.244147 -1.346908 0.068178 0.916912 -0.825925 -0.091204 
-2.760135 2.076490 1.238883 -1.532873 1.074973 0.847062 -2.185431 2.122941 -1.678887 0.023815 1.016450 -0.820679 -0.142267 
-2.746428 2.048398 1.152246 -1.706281 0.936175 0.783634 -2.154545 2.209036 -1.701119 -0.025547 0.954443 -0.872330 -0.181184 
-2.801427 1.937951 1.053762 -1.835848 0.877882 0.763527 -2.093202 2.367470 -1.568224 -0.043679 0.889099 -0.869302 -0.116028 
-2.905088 1.966700 1.206614 -1.679044 0.976716 0.702808 -2.201186 2.435688 -1.538130 -0.131898 0.961937 -0.864341 -0.104926 
-2.827421 2.035959 1.165402 -1.708757 1.034453 0.790823 -2.162073 2.470715 -1.515182 -0.093703 0.939884 -0.817671 -0.081075 
-2.870593 1.901271 1.140843 -1.630418 0.944195 0.683858 -2.174802 2.355133 -1.474447 -0.056228 0.926020 -0.871912 -0.029023 
-2.960163 1.917512 1.196665 -1.600292 0.901109 0.667542 -2.150313 2.329150 -1.448735 -0.073524 1.016708 -0.855661 -0.071444 
-2.898307 1.924113 1.173717 -1.671591 0.918346 0.704081 -2.155935 2.421451 -1.530838 -0.087721 0.920731 -0.849348 -0.117761 
-2.836039 1.921965 1.112885 -1.651696 0.903035 0.666988 -2.099883 2.413907 -1.511966 -0.147382 0.881058 -0.839021 -0.071743 
