-2.888418 1.891088 1.356729 -1.762455 1.041297 0.890598 -2.300147 2.511002 -1.549615 -0.075489 1.073666 -0.936707 -0.145527 
-2.899486 1.883492 1.388129 -1.800212 1.028834 0.929828 -2.273511 2.543338 -1.588855 -0.143207 1.079226 -0.920995 -0.156389 
-2.893843 1.918693 1.405479 -1.733496 1.006105 0.904126 -2.267366 2.481147 -1.522247 -0.042004 1.021771 -0.952491 -0.142444 
-2.988365 1.982243 1.293725 -1.759362 0.990140 0.800221 -2.326103 2.391410 -1.541801 -0.184980 0.917450 -0.987863 -0.177881 
-2.866601 1.967602 1.216835 -1.750451 0.957306 0.819395 -2.207886 2.429307 -1.534845 -0.078346 0.905252 -0.875437 -0.062470 
-2.801821 2.097961 1.299583 -1.703267 0.963752 0.819124 -2.154397 2.535936 -1.498999 0.092420 0.925561 -0.849174 -0.140553 
-2.731647 2.120271 1.213327 -1.590153 0.990428 0.682263 -2.218203 2.340718 -1.482411 0.011728 0.906874 -0.860865 -0.169501 
-2.745625 1.927498 1.199147 -1.596037 0.921457 0.688971 -2.216348 2.259569 -1.514406 -0.032152 0.897053 -0.841887 -0.151760 
-2.788283 1.756343 1.166854 -1.611952 0.947016 0.775791 -2.160320 2.324833 -1.487454 -0.083694 0.946842 -0.851657 -0.093565 
-2.825946 1.880270 1.297312 -1.638242 0.959034 0.795561 -2.201329 2.418399 -1.455892 -0.068019 0.960415 -0.878016 -0.116634 
-2.892215 1.927424 1.246676 -1.670554 0.974589 0.763429 -2.167265 2.446758 -1.521801 -0.077380 0.975524 -0.904158 -0.116529 
-2.861979 1.943012 1.200521 -1.696994 0.958652 0.769923 -2.191884 2.387060 -1.593168 -0.124537 1.037970 -0.847458 -0.048501 
-2.815210 1.947638 1.170759 -1.632295 0.950930 0.681451 -2.203470 2.395435 -1.581700 -0.085546 0.949042 -0.850857 -0.110695 
-2.854315 1.858248 1.184826 -1.595352 0.966803 0.674088 -2.217967 2.405241 -1.537202 -0.068225 0.903875 -0.886735 -0.141042 
-2.864181 1.935526 1.351142 -1.391028 0.980229 0.824883 -1.948819 2.381117 -1.481858 -0.013995 0.946892 -0.817383 -0.083127 
-4.607871 2.643519 2.886300 1.362726 -0.615679 -1.229415 -0.143717 1.100047 -2.113541 -0.285404 0.302048 -0.348308 0.589047 
-4.894594 2.889149 2.794540 2.603103 -0.331030 -1.828154 0.511587 1.103413 -1.929649 -0.337489 0.439555 -0.768681 0.482098 
-5.889939 2.640609 3.005952 3.127528 -0.555999 -1.972082 1.041115 0.750075 -1.547821 -0.227390 0.314931 -0.788098 0.276889 
-6.207655 2.263596 3.498883 2.498156 -0.810960 -1.633930 0.278229 1.059374 -0.723670 0.036353 0.300436 -0.795120 -0.151344 
-6.320949 2.310904 3.601279 2.340550 -0.890107 -1.543155 0.291663 1.144555 -0.883595 0.324028 0.379330 -0.923349 -0.228920 
-6.738472 3.022123 3.862542 2.926585 -0.921047 -1.764317 1.074485 0.805736 -1.671415 0.272533 0.523628 -0.759378 0.156588 
-7.103769 3.000594 4.330625 3.226594 -0.831680 -1.405603 1.528578 0.932075 -1.503269 0.125903 0.331329 -0.935018 0.096813 
-6.001042 2.872429 3.610903 2.407053 -0.739505 -0.825993 1.531520 0.831522 -1.957830 0.406002 0.699392 -0.662977 -0.028102 
-6.104381 3.274312 4.033765 1.480027 -1.001029 -0.462255 0.750315 0.937333 -1.448570 0.419854 0.858846 -0.591878 -0.163550 
-6.967991 3.484351 4.775923 1.810819 -1.334836 -0.935516 0.594386 1.029359 -1.286390 0.479573 0.666922 -0.801589 -0.310418 
-7.095567 3.583591 4.843873 2.064494 -0.897872 -0.448941 1.258355 1.174616 -2.260119 0.590424 0.932899 -0.769001 -0.448620 
-6.738415 4.391453 5.114212 1.742901 -0.850023 -0.192691 1.458994 1.397604 -2.765000 1.105452 1.631137 -0.757701 -0.501621 
-6.045120 4.546254 4.777899 1.318582 -0.448440 0.276813 1.281790 1.567348 -2.818150 1.654547 1.941617 -1.054553 -0.610624 
-3.742861 3.764827 2.582154 0.624387 1.149160 0.711537 -0.005136 2.726758 -2.388531 1.180341 1.525467 -1.311708 -0.048752 
-2.374497 2.906094 1.351724 -0.329917 1.288230 0.688845 -1.219728 2.478020 -1.612786 0.662317 0.891271 -0.624641 0.118890 
-2.487253 2.319860 1.088955 -0.560905 0.787261 0.521266 -1.139856 1.984923 -1.773921 0.561857 0.622771 -0.702877 -0.085229 
-2.566934 2.334634 0.741481 -0.694357 0.856298 0.456752 -1.148324 1.975149 -1.568222 0.624360 0.634997 -0.683789 -0.032490 
-2.640676 2.290852 0.609792 -0.696713 0.797219 0.285213 -1.163390 1.910563 -1.532628 0.467020 0.585014 -0.661731 -0.042482 
-2.284642 2.090176 1.037340 -0.808014 0.971711 0.852271 -1.358719 2.234319 -1.511495 0.647915 0.521730 -0.563338 0.015033 
-2.752842 2.849878 1.737241 -0.859799 1.406995 0.991793 -1.692362 3.144163 -1.902200 0.430809 1.070880 -0.518137 0.395647 
-2.882740 2.330845 1.798303 -1.664814 1.286594 1.330659 -2.614957 3.356205 -1.850542 0.205770 1.095843 -0.880760 -0.007042 
-3.067203 2.448638 1.755358 -1.661104 1.433778 1.281377 -2.564926 3.394891 -1.724778 0.145737 1.441010 -0.916305 0.150537 
-3.513175 2.136155 -0.928069 -0.291893 1.559144 0.104293 -0.549109 0.601429 -1.968784 -0.554558 1.408969 -0.665218 -0.505190 
-3.244102 2.373085 -0.736179 -0.042483 1.853730 0.219131 -0.584465 1.313789 -1.553734 -0.027639 1.570691 -0.333603 0.006868 
-2.726699 3.008821 0.608297 0.094532 2.114119 0.786181 -0.715380 2.905193 -1.421397 0.213761 1.246912 -0.174541 0.547259 
-2.599986 3.918449 0.578139 -0.081877 2.069343 0.872703 0.121511 3.470440 -2.168576 -0.152153 0.863414 -0.010645 0.864945 
-2.544574 3.778613 0.553937 -0.307364 2.114347 1.066547 0.035080 3.674234 -1.845548 0.368680 0.549256 -0.358078 0.793405 
-2.557929 3.641564 0.457596 -0.214719 2.378381 1.063200 -0.352514 3.208733 -2.201998 0.058244 0.802063 -0.332766 0.822611 
-2.950950 2.972064 -0.246617 0.699774 3.351378 0.812412 -0.749296 2.638813 -2.536003 -0.532283 1.652986 -0.162457 0.266125 
-2.778383 3.096688 -0.854261 -0.041875 2.607058 -0.091240 -1.344833 2.241841 -1.892004 0.040514 1.658854 -0.428781 0.177544 
-2.922672 2.543335 0.312185 0.434207 2.193713 0.063869 -1.509411 2.419331 -0.952799 0.650599 0.838951 -0.872414 0.473450 
-3.891948 1.890301 0.905013 1.258362 1.873006 -0.255763 -1.265544 2.458005 0.018384 0.067174 0.803602 -0.775921 1.366166 
-5.623538 2.363363 2.834218 2.759901 2.131573 -0.164477 -0.732135 2.837503 -0.017404 -0.238582 0.841909 -1.009508 1.356639 
-4.656581 2.550453 2.950600 1.839766 1.551342 0.249717 -0.521498 3.204578 -0.846898 0.096726 1.078948 -0.687453 0.654768 
-3.715990 2.552645 2.030525 0.764155 1.338451 0.443880 -0.740520 2.793446 -1.159688 0.276727 1.145843 -0.627960 0.483099 
-3.493557 2.459208 1.862356 0.318982 1.254531 0.593321 -0.964043 2.666462 -1.256388 0.310223 1.122908 -0.473949 0.393506 
-4.895116 3.258701 4.081987 0.864842 1.700155 1.366111 -1.178617 2.938110 -1.829609 0.976249 1.493125 -0.550798 -0.325915 
-3.847420 2.682023 2.752248 -0.597494 1.185871 1.654377 -1.445883 2.595301 -1.569593 0.728817 1.163929 -0.852239 -0.109533 
-4.148005 1.638430 2.186331 -0.836722 0.756756 1.255581 -1.495350 2.349171 -1.429925 0.361212 1.260811 -0.856519 -0.255148 
-3.884790 1.208139 1.690704 -1.291889 0.254631 0.644298 -1.769578 1.981551 -1.459020 0.009436 1.312789 -0.671060 -0.140424 
-3.205534 1.450470 1.386675 -1.355862 0.748787 0.751503 -2.135770 2.159955 -1.198997 -0.287313 1.211856 -0.679460 -0.065123 
-3.172032 1.832363 1.251718 -1.309546 0.965728 0.615202 -2.270730 1.929349 -1.192053 -0.203967 0.920550 -0.946572 -0.101022 
-2.917030 1.932970 0.964285 -1.464756 1.049133 0.597858 -2.277541 1.875869 -1.230326 -0.152606 0.929862 -0.945003 -0.055832 
-2.968979 1.626863 0.702371 -1.733378 0.962153 0.730797 -2.017743 2.100766 -1.435925 -0.223591 1.219404 -0.768747 -0.065848 
-3.051530 1.874991 1.009789 -1.498600 1.091153 0.706459 -2.120196 2.188318 -1.240561 -0.030552 1.131488 -0.932100 -0.116655 
-2.943985 1.869185 0.986237 -1.473629 1.137426 0.678293 -2.212641 2.120489 -1.334174 -0.089899 1.073194 -0.954437 -0.132854 
-2.914537 1.867993 1.161160 -1.556084 1.080940 0.811908 -2.195044 2.245518 -1.541334 -0.067894 1.032771 -0.836021 -0.126596 
-3.013619 1.937883 1.173586 -1.608057 0.925220 0.686163 -2.109993 2.327600 -1.564011 -0.206212 0.992038 -0.859484 -0.163318 
-2.995567 1.971644 1.162602 -1.646448 0.965925 0.716872 -2.130209 2.382589 -1.530332 -0.214405 0.985540 -0.825249 -0.174229 
-2.907734 1.964666 1.343290 -1.585984 0.965898 0.747132 -2.191525 2.431118 -1.538212 -0.100178 0.998043 -0.771496 -0.108029 
-2.857003 1.918902 1.236474 -1.527554 0.906444 0.638279 -2.088839 2.399335 -1.536345 -0.108066 0.922910 -0.856388 -0.150764 
-2.825306 1.884732 1.147371 -1.563962 0.896204 0.609225 -2.082852 2.403438 -1.500686 -0.128098 0.969811 -0.903083 -0.192296 
-2.856421 1.814457 1.105687 -1.600842 1.011667 0.671751 -2.241737 2.391068 -1.368028 -0.102015 1.050022 -0.882068 -0.228694 
-2.860758 1.868190 1.200872 -1.585479 1.063336 0.757745 -2.289515 2.349516 -1.475139 -0.202999 0.942534 -0.879128 -0.125607 
-2.912930 1.935447 1.211744 -1.649275 0.998753 0.754054 -2.226722 2.372241 -1.519372 -0.169671 0.833047 -0.883773 -0.070030 
-2.925648 1.944800 1.246904 -1.597997 1.034863 0.786621 -2.119091 2.445028 -1.471875 -0.116749 0.924030 -0.869253 -0.054955 
-2.883997 2.001745 1.347875 -1.575222 1.085778 0.865093 -2.101985 2.525352 -1.484486 -0.148170 0.973967 -0.937484 -0.143810 
-2.843374 1.946018 1.405845 -1.688647 1.023907 0.848408 -2.297088 2.420048 -1.580830 -0.160196 0.949730 -0.990237 -0.238044 
-3.048307 1.993108 1.328695 -1.891963 0.995260 0.827251 -2.302742 2.555861 -1.557978 -0.243167 0.963616 -1.036505 -0.179711 
-2.967009 1.952811 1.314917 -1.827846 1.064255 0.873152 -2.290760 2.598013 -1.508383 -0.151789 1.090874 -0.922587 -0.167118 
