-2.881766 1.858162 1.408382 -1.761361 1.033591 0.900033 -2.320004 2.565545 -1.566096 -0.100672 1.101206 -0.923619 -0.116724 
-2.895119 1.902101 1.333077 -1.797933 1.047136 0.934474 -2.266492 2.492425 -1.614566 -0.113069 1.086022 -0.899916 -0.138577 
-2.913593 1.859973 1.331599 -1.754288 1.008689 0.902702 -2.268508 2.511297 -1.557889 -0.136098 1.062923 -0.951926 -0.163926 
-2.950954 1.930000 1.300694 -1.742840 0.955478 0.772620 -2.290203 2.496084 -1.601868 -0.135838 0.921213 -0.998955 -0.134523 
-2.902133 1.966009 1.219179 -1.681772 1.019599 0.825833 -2.202242 2.445810 -1.584668 -0.077341 0.996976 -0.832714 -0.006711 
-2.733491 2.074979 1.304487 -1.659318 1.020356 0.900119 -2.080005 2.632525 -1.548897 0.042914 0.908760 -0.823237 -0.074224 
-2.732244 2.017939 1.260280 -1.558983 0.950788 0.662017 -2.149281 2.467906 -1.541145 -0.015327 0.931105 -0.909955 -0.118909 
-2.853343 1.882391 1.175944 -1.578239 0.907283 0.634493 -2.129056 2.364587 -1.512241 -0.084966 0.985852 -0.886118 -0.115745 
-2.996677 1.827920 1.163408 -1.627409 0.920568 0.734180 -2.086698 2.345854 -1.468470 -0.121529 0.962316 -0.872621 -0.106714 
-2.959414 1.916368 1.140947 -1.682558 0.990735 0.777037 -2.122892 2.374885 -1.470028 -0.188854 1.005464 -0.873134 -0.077446 
-2.938541 1.812802 0.978662 -1.564877 1.138842 0.742143 -2.179256 2.254499 -1.403430 -0.202513 1.025986 -0.937870 -0.065017 
-2.880441 1.747096 1.120119 -1.617992 1.045177 0.818078 -2.252715 2.212314 -1.553686 -0.095240 0.938851 -0.832148 -0.169772 
-2.921109 1.780624 1.167564 -1.607888 0.925192 0.738802 -2.200345 2.271517 -1.418942 -0.077787 0.884587 -0.856674 -0.029169 
-2.991564 1.956209 1.174736 -1.651336 0.904621 0.634655 -2.192473 2.379245 -1.414817 -0.127450 0.907551 -0.973134 -0.103777 
-2.792023 1.948468 1.339543 -1.608613 0.935081 0.746117 -2.171099 2.487166 -1.471982 -0.062782 0.847774 -0.811825 -0.048361 
-2.833922 1.781443 1.317542 -1.356759 0.961832 0.601925 -2.131083 2.514115 -1.357073 -0.233575 0.923949 -0.781296 0.080337 
-3.657165 3.735810 2.660269 1.245013 0.816778 -1.082217 -1.449184 1.818402 -1.896316 -0.482321 0.513341 -1.057546 0.597783 
-3.976129 3.410185 2.458264 1.398360 -0.113506 -1.239721 -0.348287 1.183423 -2.094328 -0.143017 -0.402287 -1.027308 0.824006 
-4.949798 2.933647 2.528805 2.973654 -0.170623 -2.217157 0.396120 0.961185 -1.836085 -0.564387 -0.245846 -1.122322 0.807966 
-5.648797 2.795586 3.262153 3.195890 -0.648062 -2.080720 0.527614 0.502981 -1.490497 0.210299 -0.066514 -0.461994 0.592529 
-5.920457 2.947515 3.679493 3.146206 -0.719885 -1.886419 0.598040 0.747614 -1.225168 0.296444 -0.052811 -0.427440 0.335079 
-4.953643 2.517934 2.588211 2.167026 -0.276847 -0.651512 1.074351 0.748984 -1.697569 0.290396 -0.071668 -0.604640 0.098021 
-4.995754 2.425646 2.576944 1.967700 -0.495664 -0.698112 1.101352 0.648645 -1.917419 0.322743 0.172875 -0.654572 0.106478 
-5.758156 3.570313 4.203713 2.450452 -0.615231 -0.701902 1.239285 0.954676 -2.195299 0.533469 0.542510 -0.566787 0.022753 
-4.759952 3.294012 2.940413 2.065722 -0.090896 -0.450675 1.449886 1.273358 -2.230891 0.905781 0.600040 -0.856070 0.117746 
-4.667637 3.346485 3.024177 1.570405 -0.208720 -0.303593 0.881108 0.854194 -2.632303 0.815949 0.418725 -0.926594 0.155043 
-5.021671 3.854131 3.867817 1.723164 -0.365037 -0.362157 0.874950 1.203802 -2.564486 0.868979 0.670346 -1.003288 -0.168550 
-5.267781 4.232743 4.327612 1.765226 -0.259146 -0.033060 1.240211 1.603878 -2.587546 1.152626 1.083522 -1.065137 -0.489322 
-3.086776 3.070201 2.089687 0.314947 -0.035117 0.107209 0.189469 1.579729 -2.316581 1.316255 0.466150 -0.977114 -0.078807 
-3.047400 3.098782 2.032306 0.038026 0.087241 0.085261 -0.299965 1.788034 -2.372403 0.955410 0.520340 -1.010208 -0.208975 
-5.299421 4.580305 4.681710 1.246478 0.224535 -0.099618 -0.323175 2.639216 -2.683069 0.126798 1.167006 -1.042960 -0.414176 
-3.133377 5.587029 3.286899 -0.055171 2.089159 0.603510 -1.860254 4.658609 -2.876859 0.604712 1.680891 -1.415734 -0.257511 
-2.515271 4.013587 2.229625 -0.561547 1.974187 1.251123 -1.934253 3.608902 -1.846279 0.680951 1.173918 -0.833154 0.003072 
-2.174066 3.069451 1.478686 -0.757975 1.517169 1.112658 -1.582232 2.907238 -1.540250 0.751698 0.848533 -0.348089 0.378482 
-2.376113 2.695932 1.225071 -0.683757 1.231420 0.802637 -1.340519 2.602606 -1.660119 0.313714 0.779771 -0.551465 -0.027596 
-2.417389 2.801543 1.564336 -0.786674 1.218191 1.063005 -1.454867 2.467043 -1.776828 0.394194 0.857383 -0.469312 -0.064363 
-3.154951 3.031681 2.346492 -0.529189 1.471826 0.963823 -1.795781 3.373349 -1.604964 0.447091 1.574369 -0.896496 0.100801 
-4.089031 2.071229 1.646472 -2.005843 1.043726 1.213889 -2.576039 3.573238 -1.821068 -0.146498 1.700401 -1.239436 -0.246855 
-3.015789 1.880295 1.332379 -1.649055 1.080212 0.981967 -2.303419 2.656141 -1.539101 0.042463 1.111957 -0.777308 0.036662 
-3.395869 2.615243 -2.590683 -0.984665 2.913260 0.791372 0.198141 1.973021 -1.313682 -0.749870 1.592600 -0.421410 -0.364520 
-2.908762 3.698709 -2.338274 -0.612168 3.631424 0.803298 0.040835 2.438342 -1.851309 -0.493576 1.847745 -0.268029 -0.220570 
-2.538657 3.785411 0.333300 -0.241839 2.425485 0.969864 -0.863457 2.262624 -1.847825 0.039261 1.052205 -0.188892 0.407993 
-2.824781 3.511656 0.586165 0.427888 2.654498 0.806879 -0.780146 2.717973 -1.931459 -0.280947 1.249937 -0.116695 0.569865 
-3.088989 3.369536 0.498746 0.565463 2.563096 0.797909 -0.367809 2.656049 -1.898166 -0.201012 1.530209 -0.181715 0.206114 
-3.043025 3.460493 0.317188 0.398112 2.694347 0.605079 -0.811096 2.704209 -1.681220 -0.317106 1.303202 -0.459452 0.422657 
-2.794453 2.897954 0.384861 -0.334001 1.845593 0.792821 -1.063450 2.132580 -1.054524 0.573323 0.865119 -0.567432 0.213185 
-2.888004 2.769348 0.432199 0.104853 1.864362 0.663270 -0.887434 2.027124 -0.803808 0.676866 0.912086 -0.586911 0.442720 
-3.931538 2.482259 1.255422 1.823569 2.358622 -0.079730 -0.981448 2.642431 -0.273672 0.578881 1.402511 -0.918479 1.008083 
-5.510825 2.544020 3.207046 3.280636 2.232367 -0.531606 -0.728241 2.969962 -0.737560 0.152906 0.947875 -0.917914 1.004219 
-6.636559 2.457253 4.035684 3.515589 1.624500 -0.283772 0.096367 2.665066 -0.712873 -0.343134 0.882352 -0.631243 0.635471 
-3.666029 2.160154 1.581169 0.879870 0.860535 0.073207 -0.256833 2.159094 -0.909091 -0.095362 1.138402 -0.538697 0.366406 
-3.069683 2.318916 1.440823 0.475440 1.021416 0.332916 -0.438241 2.446007 -1.172471 0.283417 1.102350 -0.412739 0.295586 
-4.281028 3.124241 2.786870 1.003088 0.930859 0.533585 0.080324 2.925787 -1.372398 0.206706 1.515393 -0.496614 0.292417 
-4.894349 3.226760 3.246543 1.459236 1.198715 0.178562 -0.222255 3.270573 -1.385658 -0.224968 1.568038 -0.912176 0.226548 
-3.588247 2.709928 2.264439 -0.185963 0.927456 0.737911 -0.990244 2.650411 -1.402517 0.039008 1.409592 -0.463847 0.190843 
-3.331050 2.159252 2.082745 -0.696964 0.729116 0.960545 -1.209583 2.480178 -1.437651 0.256064 1.126726 -0.453565 -0.018176 
-4.032325 1.303055 2.306337 -0.615892 0.438885 0.738294 -1.492121 2.047750 -1.451665 -0.343271 0.675230 -0.617043 -0.018044 
-3.529850 1.224714 1.555422 -0.754307 0.595931 0.415517 -1.825684 1.985875 -0.959505 -0.193920 0.489736 -0.748482 0.087044 
-3.259368 1.264308 1.068419 -1.011844 1.166314 0.783564 -2.259188 1.750697 -0.500518 -0.313178 0.593738 -0.866603 0.318509 
-3.412635 1.747347 0.655239 -1.207821 1.321783 0.708192 -2.061399 1.638442 -0.549536 -0.319397 0.655444 -1.012564 0.174365 
-3.468230 1.848293 0.523699 -1.154988 1.266052 0.503784 -1.854771 1.716874 -0.694775 -0.045358 0.913329 -1.005590 0.146043 
-3.703965 1.508396 0.634811 -1.118780 1.326525 0.717989 -2.069876 1.389344 -0.996156 -0.013748 0.995934 -1.094439 -0.053789 
-3.335103 1.620314 0.570241 -1.472718 1.215995 0.761329 -2.211440 1.558214 -1.236525 0.031601 1.101322 -0.972289 -0.021477 
-3.122714 1.843361 1.100440 -1.427531 1.054523 0.700775 -2.168717 2.074525 -1.459866 -0.078486 1.013585 -0.826587 -0.089121 
-3.010382 1.955935 1.086571 -1.447396 1.116483 0.723918 -2.102635 2.145677 -1.502600 -0.126971 0.976705 -0.884653 -0.112176 
-2.826121 2.089580 1.171017 -1.566123 1.139672 0.853635 -2.059339 2.378772 -1.505045 -0.047644 0.984937 -0.824548 -0.088095 
-2.863181 2.069990 1.124264 -1.742798 0.964056 0.739951 -2.133365 2.268272 -1.617589 -0.197063 0.907360 -0.900084 -0.204980 
-2.950256 1.886045 1.203307 -1.678624 0.974305 0.706157 -2.263596 2.256289 -1.632522 -0.151555 1.014967 -0.785619 -0.106011 
-2.915106 1.802890 1.177591 -1.707229 0.941352 0.770309 -2.215574 2.357981 -1.518785 -0.113567 0.943695 -0.916627 -0.128914 
-2.939493 1.872747 1.226493 -1.687749 0.968724 0.807410 -2.158463 2.389687 -1.501039 -0.113485 0.961838 -0.920217 -0.119589 
-2.965913 1.926336 1.251367 -1.710425 0.961152 0.836512 -2.068027 2.466523 -1.537241 -0.149533 0.986239 -0.945574 -0.142777 
-2.963917 1.935344 1.323322 -1.742161 0.913774 0.797661 -2.181501 2.445320 -1.526128 -0.088895 1.023469 -0.894728 -0.173801 
-2.933814 1.966661 1.353321 -1.824190 0.947175 0.841244 -2.302560 2.417851 -1.515937 -0.087209 1.037323 -0.898408 -0.168475 
-2.937243 1.976808 1.323250 -1.844752 0.978235 0.914600 -2.230943 2.425582 -1.521846 -0.122734 0.949070 -0.917852 -0.159119 
-2.914732 1.998468 1.286800 -1.821725 0.974732 0.798249 -2.292088 2.482916 -1.594265 -0.124247 1.019769 -0.966456 -0.225666 
