-3.622268 1.703816 0.508868 -0.962921 0.931312 0.678666 -1.336348 1.781763 -1.039088 0.045711 0.638737 -0.540633 0.118738 
-3.798734 1.422153 0.695248 -0.814378 1.201931 1.308279 -1.088962 1.604412 -1.118541 -0.020076 0.565383 -0.762145 -0.185088 
-3.758798 1.742142 0.434128 -0.962617 1.036124 0.874131 -1.086601 1.635244 -1.099278 0.216793 0.649461 -0.601634 0.140168 
-3.659697 1.239829 0.615531 -0.981596 1.171837 1.435733 -1.131110 1.595569 -1.323557 -0.180928 0.561568 -0.823736 -0.456871 
-3.704041 2.079896 0.344830 -1.086862 1.201853 1.228080 -0.974723 1.219771 -1.035861 0.069988 0.736627 -0.815093 0.035316 
-3.824203 1.278129 0.543667 -0.981072 1.153767 1.359961 -1.036041 1.557894 -1.292484 -0.029444 0.690214 -0.766911 -0.415368 
-3.631710 1.673547 0.583359 -0.672729 1.157285 1.036066 -1.128917 1.253475 -0.954335 -0.034570 0.715618 -0.818114 0.190562 
-3.972456 1.707414 0.554475 -1.219159 1.060730 1.355034 -1.173898 1.270133 -1.078383 0.110882 0.751748 -0.614177 -0.154573 
-3.436712 1.670072 0.561842 -0.524117 1.352728 0.822588 -1.365599 1.527710 -0.975909 -0.039137 0.724675 -0.704454 -0.017898 
-3.811062 1.639062 0.625419 -1.064300 1.002313 1.341917 -0.988743 1.403960 -0.945334 0.070413 0.605512 -0.721288 0.048171 
-3.682096 1.934211 0.585509 -0.773260 1.362396 1.148929 -1.133675 1.555080 -0.803962 -0.125250 0.649669 -0.737784 -0.124218 
-3.809349 1.572808 0.509551 -0.840006 1.339218 1.419403 -0.906150 1.376679 -1.382415 -0.078346 0.513757 -0.875669 -0.218874 
-3.860858 1.912511 0.747962 -0.929396 1.033562 1.214153 -1.103348 1.231712 -0.879280 0.009838 0.774239 -0.759870 -0.061867 
-3.783292 1.718667 0.472363 -0.977745 1.335240 1.466898 -1.120224 1.020138 -1.292257 0.047745 0.634833 -0.881316 -0.175811 
-3.793709 1.986516 0.661829 -1.116325 0.897310 1.293381 -0.924466 1.162488 -0.932806 0.008335 0.734824 -0.744639 0.005775 
-3.684318 1.925598 0.485913 -1.071829 1.237121 1.430432 -1.034580 1.196429 -1.146253 -0.050417 0.711048 -0.814386 -0.031556 
-3.981168 1.918659 0.441502 -0.881151 1.159502 1.142152 -0.955569 1.061700 -1.178493 0.163824 0.782608 -0.840404 0.034225 
-3.515509 1.738761 0.346364 -0.979498 1.470969 1.332899 -1.272720 1.493954 -1.068284 0.054513 0.656450 -0.758438 0.009985 
-4.028178 1.728723 0.321374 -0.713985 1.457195 1.176722 -0.978042 1.315862 -1.205351 0.259420 0.666701 -0.966166 0.081068 
-3.707888 1.588087 0.304819 -0.741294 1.524199 1.256556 -1.133432 1.445010 -1.123645 -0.121293 0.883019 -0.771975 -0.032020 
-3.947495 1.483081 0.438559 -0.914145 1.293786 1.305921 -1.104517 1.391780 -1.112173 -0.103132 0.415057 -0.745736 0.126220 
-3.537787 1.513450 0.401194 -0.761989 1.074829 0.861860 -1.057450 1.670324 -0.975114 -0.019078 0.709071 -0.996832 -0.028702 
-3.873281 1.299163 0.632003 -0.801386 1.293927 1.473339 -0.899607 1.595471 -1.194387 -0.026166 0.551365 -0.792562 -0.209029 
-3.645807 1.456831 0.190750 -0.707222 1.345447 0.996352 -0.914406 1.685215 -1.228688 0.111711 0.567659 -1.051370 0.082603 
-3.672447 1.446524 0.492039 -0.639244 1.333325 1.230989 -0.935629 1.495310 -1.142591 -0.104603 0.613942 -1.096813 -0.366485 
-3.783275 1.663548 0.371993 -0.874426 1.077231 1.057512 -0.951712 1.297515 -1.063056 0.125517 0.461866 -1.095342 -0.087445 
-3.554961 1.843302 0.373833 -0.819808 1.083809 0.876764 -1.002956 1.466988 -1.011806 0.027791 0.716835 -0.930563 0.020790 
-3.676683 1.820302 0.435620 -1.016595 1.206824 1.352319 -0.992896 1.349281 -0.878309 0.117997 0.555516 -1.075851 -0.253032 
-3.655890 1.692756 0.379452 -0.840852 1.159410 1.003781 -1.179165 1.291518 -0.903061 -0.107018 0.932185 -0.720951 -0.043818 
-4.154536 1.176800 0.570064 -0.559992 1.564211 1.465813 -1.049268 1.415435 -1.266629 0.327540 0.589163 -0.952348 -0.336802 
-3.743902 1.515883 0.457839 -0.648429 1.566339 1.169358 -1.348263 1.458056 -1.117307 -0.262013 0.805359 -0.625928 -0.084521 
-3.738088 1.533717 0.820759 -0.549136 1.385004 1.168720 -1.367657 1.250942 -1.453561 0.161188 0.572712 -0.739395 -0.068265 
-3.852974 1.621084 0.611489 -0.869415 1.442345 1.368912 -1.302398 1.462667 -1.077943 0.216804 0.542290 -0.773150 -0.078911 
-3.279560 1.898179 0.413409 -0.779593 1.285078 0.910573 -1.287787 1.368172 -1.083194 -0.135262 1.012861 -0.898493 -0.272745 
-3.675155 1.753845 0.577018 -0.757844 1.424786 1.321471 -1.134016 1.368184 -1.037031 0.155574 0.514130 -0.991818 0.024353 
-3.613846 1.577202 0.375773 -0.887958 1.210837 1.163142 -1.075977 1.401207 -1.032670 -0.038329 1.001533 -0.872648 -0.399496 
-3.658704 1.393555 0.806834 -0.361670 1.199674 0.892887 -1.194011 1.467587 -1.120909 0.150241 0.587142 -0.874375 -0.010128 
-3.679574 1.526977 0.462757 -0.992306 1.170293 1.334113 -1.149790 1.146223 -1.210019 0.123002 0.705902 -0.695363 0.013566 
-3.674122 1.536627 0.604869 -0.583353 1.066317 0.708831 -1.288083 1.391145 -1.206756 0.201474 0.701375 -0.742823 0.105641 
-3.734581 1.602176 0.279798 -0.797616 1.234924 1.105793 -0.860086 1.378325 -1.189565 0.130304 0.779441 -0.436058 0.206772 
-3.520262 1.661880 0.603263 -0.712002 1.132787 0.970951 -1.232961 1.266319 -1.213083 0.229469 0.826730 -0.862779 0.006292 
-3.838686 1.448486 0.374027 -0.726561 1.080433 0.943129 -0.906907 1.398891 -1.165903 0.047919 0.822261 -0.559898 0.003460 
-3.579116 1.597276 0.570920 -0.789164 1.145605 1.087277 -1.169730 1.338187 -1.101489 -0.030198 0.742947 -0.817393 -0.052459 
-3.773022 1.680515 0.496811 -0.944475 1.187067 1.299062 -1.072754 1.218724 -1.144369 0.089231 0.477252 -0.864598 0.099845 
-3.767831 1.423010 0.454940 -0.791675 1.114205 0.962533 -1.085254 1.584489 -1.114846 0.044188 0.690480 -0.754451 -0.055593 
-3.534224 1.482518 0.635864 -0.702081 1.183318 1.148618 -1.255600 1.184944 -1.088203 -0.049291 0.697772 -0.851442 -0.112977 
-3.676208 1.533685 0.513970 -0.763187 1.211591 1.079924 -0.990520 1.687630 -1.137734 0.380263 0.630604 -0.950766 -0.113720 
-3.743732 1.729250 0.517490 -0.845802 1.203153 1.109317 -0.985183 1.517990 -1.270398 -0.004979 0.491936 -1.000709 -0.214137 
-3.710561 1.483095 0.695042 -0.507502 1.279314 1.153658 -0.995279 1.304437 -1.426560 0.249019 0.609046 -0.875722 -0.052367 
-4.042061 1.639203 0.492859 -0.965897 1.291358 1.546205 -0.762995 1.415869 -1.255163 0.104657 0.352280 -0.891631 0.102772 
-3.742967 1.683022 0.528421 -0.709231 1.075420 1.076942 -0.685489 1.456016 -1.449669 -0.127324 0.647104 -0.773105 0.058142 
-4.114407 1.782845 0.532660 -0.876808 1.122533 1.264824 -0.821082 1.254150 -1.004371 -0.200056 0.930840 -0.730952 0.006233 
-3.564076 1.706841 0.664128 -0.954236 0.851158 1.190684 -0.895041 1.291927 -1.159672 -0.173561 0.803877 -0.813771 -0.006121 
-4.180346 1.653756 0.521626 -0.810551 1.222983 1.234376 -0.895909 1.309949 -1.206688 -0.047331 1.010684 -0.883407 -0.202598 
-3.666429 1.502507 0.600316 -0.895671 0.931015 1.203640 -0.935196 1.288918 -1.031022 -0.214154 0.638069 -0.766133 0.230555 
-3.781234 1.395736 0.638249 -0.686583 1.321611 1.254881 -0.972394 1.624741 -1.480065 0.185313 0.501844 -0.973072 -0.268005 
-3.981442 1.825565 0.359834 -0.909475 1.216765 1.108760 -0.946581 1.523932 -0.692507 -0.300309 0.714997 -0.533442 0.205616 
