-4.206502 1.376787 0.523174 -0.513811 1.076534 1.107908 -0.819295 1.086003 -1.251305 0.022621 0.516644 -1.061109 0.053881 
-3.769982 1.871981 -0.058757 -0.990541 1.238841 1.127518 -0.715716 1.300738 -1.052771 0.216385 0.634152 -1.030104 -0.152735 
-3.798261 1.472091 0.499914 -0.630790 1.196836 1.481501 -0.429423 1.345563 -1.387497 0.067098 0.512062 -0.871009 -0.111744 
-3.994447 1.666993 0.102624 -0.900798 1.210660 1.187793 -1.018855 0.903333 -0.889135 0.418787 0.849937 -1.027814 -0.208884 
-3.427505 1.381445 0.563424 -0.769639 1.170116 1.528492 -0.792441 1.277981 -1.415673 0.124370 0.450326 -0.716754 -0.086914 
-3.806301 1.403368 0.382094 -0.559049 0.987487 0.835897 -0.865075 1.486861 -0.868483 0.337578 0.766698 -0.835404 -0.236455 
-3.541480 1.569097 0.514405 -0.735149 1.228782 1.344697 -0.856759 1.331027 -1.426931 0.144692 0.336847 -0.995082 -0.143967 
-3.890467 1.528006 0.396641 -0.630371 1.006469 0.724145 -1.010276 1.525891 -0.918209 0.302904 0.995654 -0.658692 -0.246249 
-3.756432 1.734348 0.361830 -0.846240 1.190828 1.345547 -0.646531 1.417464 -1.087667 0.306132 0.449348 -1.079470 -0.219670 
-3.922146 1.607143 0.355087 -0.852487 1.041382 1.076028 -0.902148 1.350959 -0.903001 0.182660 0.897240 -0.631238 -0.182731 
-3.846921 1.485362 0.650045 -0.836874 1.182076 1.563433 -0.921420 1.284938 -0.875030 0.243653 0.388417 -0.864276 -0.231948 
-3.806467 1.602124 0.269031 -0.935785 0.976517 1.111312 -0.862134 1.278873 -0.749692 0.290389 0.823100 -0.905782 -0.177691 
-4.099362 1.561914 0.793426 -0.834906 1.167397 1.555528 -1.039178 1.161217 -0.939515 0.308492 0.413553 -0.753814 -0.049640 
-3.717913 2.030067 0.407363 -0.826102 1.047852 1.049722 -1.055369 0.825693 -0.977652 0.136892 0.863028 -1.000010 -0.162215 
-3.803403 1.351349 0.475082 -0.609522 1.277429 1.199656 -1.032252 1.436242 -1.042655 0.018336 0.371504 -0.750175 -0.011853 
-3.851058 2.144678 0.307342 -0.620611 1.498575 1.204246 -0.874078 0.970068 -1.340643 0.399980 0.737504 -1.065985 -0.400802 
-3.805779 1.205996 0.331410 -0.467887 1.049502 0.957388 -0.823273 1.206936 -1.068246 0.091371 0.556824 -1.025524 0.136450 
-4.217405 1.621561 0.427950 -0.339835 1.482134 1.220593 -0.734874 1.064702 -1.264698 0.159388 0.646863 -0.944963 0.178359 
-3.920956 1.792505 0.491719 -0.951288 0.978882 1.382399 -0.776086 0.837368 -1.155998 0.242188 0.678813 -0.960230 0.056936 
-3.868052 1.705715 0.573799 -0.643489 1.240191 1.358976 -1.030099 0.809347 -0.924596 0.170747 0.552315 -0.801106 0.360255 
-4.021943 2.280242 0.492818 -1.191189 1.114014 1.577811 -0.768042 0.823994 -1.251433 0.011624 0.797229 -0.860126 0.035606 
-3.794673 1.780529 0.612825 -0.823276 1.089800 1.406107 -0.756628 1.230526 -1.031707 0.077014 0.472511 -0.635860 0.006634 
-4.180766 1.788496 0.244349 -0.902985 0.902531 0.960247 -0.637973 1.295968 -1.067096 0.042319 0.814979 -0.866775 -0.080104 
-3.710233 1.853289 0.644279 -0.963288 1.065357 1.423527 -0.918593 1.284456 -0.892287 -0.070277 0.268041 -0.915172 -0.115520 
-4.123323 1.891739 0.471536 -0.630787 1.182022 1.034368 -0.716912 1.520267 -0.915617 -0.047946 0.525372 -0.820136 0.028544 
-3.738308 1.716455 0.199553 -0.935529 1.239570 1.306298 -0.896881 1.209517 -1.105598 -0.041098 0.880213 -0.661241 -0.285058 
-4.002064 2.057018 0.390906 -0.706250 1.368433 1.128143 -0.944101 1.295817 -0.878962 0.251265 0.194221 -0.943061 0.167139 
-3.865009 1.507943 0.391514 -0.674695 1.174654 1.108037 -0.883047 1.365124 -1.294282 -0.142333 0.973520 -0.796475 -0.518103 
-3.823184 1.757419 0.271583 -0.919781 1.396376 1.459648 -0.873076 1.283354 -1.099924 0.241813 0.191611 -0.941419 -0.039593 
-3.853980 1.266622 0.201587 -0.505337 1.370435 0.970832 -1.129483 1.261121 -1.173363 0.274065 0.882680 -0.978539 -0.334435 
-3.738047 1.628114 0.157550 -0.815914 1.520133 1.447314 -0.908281 1.257831 -1.237291 0.063970 0.301681 -0.993376 -0.011470 
-4.005944 1.576250 0.368632 -0.570815 1.474430 1.210612 -1.158249 1.013100 -1.078936 0.406296 0.756953 -0.981665 -0.050786 
-3.568541 1.718408 0.350635 -0.774860 1.312078 1.288794 -0.839887 1.445986 -1.362039 0.002368 0.296526 -0.897238 -0.012991 
-3.654098 1.584002 0.576976 -0.738435 1.147778 1.289438 -1.012794 1.269061 -1.017138 -0.073515 0.595295 -0.644918 0.050452 
-3.488210 1.588312 0.153448 -1.047084 1.455303 1.580406 -0.985718 1.383347 -1.168213 0.386871 0.416938 -0.759875 0.012382 
-3.318944 1.511523 0.326849 -0.771835 0.983447 1.012766 -0.943656 1.381459 -1.039889 -0.014375 0.674026 -0.734438 0.136218 
-3.598755 1.553896 0.407668 -0.856796 1.371800 1.546651 -0.978021 1.271573 -1.191713 0.224373 0.415691 -0.802609 -0.075293 
-3.636792 1.671095 0.382790 -0.980381 1.007440 1.231835 -0.983582 1.236407 -0.916763 0.161953 0.518621 -0.908406 0.169605 
-3.721293 1.888453 0.628943 -0.658507 1.321287 1.366406 -0.908051 1.206475 -1.246755 -0.027764 0.407562 -0.744014 -0.021411 
-3.874082 1.552575 0.385234 -0.781244 1.232043 1.333162 -0.752554 1.400856 -1.110524 0.405812 0.643014 -1.128504 -0.174956 
-3.638091 1.770628 0.485486 -0.582119 1.408793 1.219720 -1.069317 1.151900 -1.288774 0.077482 0.499539 -0.683502 0.103409 
-3.390685 1.460863 0.136759 -0.809246 1.403853 1.155803 -1.106243 1.626142 -1.105977 0.000062 0.687720 -0.825138 0.012557 
-3.834934 1.200002 0.272155 -0.453082 1.283876 0.895044 -1.103279 1.429130 -1.091135 0.034980 0.541956 -0.758060 -0.022856 
-3.486047 1.688224 0.014050 -0.783892 1.450865 0.978969 -1.198441 1.613799 -0.683460 -0.112042 0.638648 -0.771409 0.213662 
-3.812739 1.400840 0.280149 -0.618989 1.294060 1.109230 -0.943795 1.358881 -1.163250 -0.049468 0.533829 -0.889803 -0.038007 
-3.789280 1.919678 -0.020900 -0.778830 1.560724 1.281744 -0.980633 0.941081 -0.874641 0.053077 0.933900 -1.028612 -0.186425 
-3.779030 1.758277 0.354637 -0.892102 1.283847 1.272724 -1.179651 1.028657 -1.006787 0.206172 0.531823 -1.021634 0.009075 
-3.842252 1.690022 0.394966 -0.736909 1.125197 1.175961 -1.012315 0.766302 -1.292900 0.340469 0.935551 -1.102046 -0.058174 
-3.900346 1.657895 0.409734 -0.638311 1.293468 1.117859 -1.101421 0.972713 -1.223583 0.267000 0.553022 -0.942170 -0.047054 
-3.589662 1.583447 0.262328 -0.800148 1.203031 1.282332 -0.903629 1.057933 -1.355755 0.322143 0.334139 -0.978550 0.305626 
-3.959866 1.731717 0.622423 -0.565670 1.349403 1.207075 -1.131583 1.031541 -1.234634 0.245350 0.629699 -0.792173 -0.146875 
-3.697577 1.313175 0.366520 -0.477712 1.339257 1.208115 -0.822180 1.325838 -1.413886 -0.022895 0.363124 -0.878967 0.120034 
-3.749187 1.920461 0.417708 -0.920061 1.379712 1.444562 -1.079797 1.001420 -1.308092 0.156281 0.775514 -0.691938 -0.285167 
-3.760634 1.350229 0.473350 -0.416255 1.300974 1.041193 -0.863639 1.448398 -1.456156 0.083972 0.619832 -0.857468 -0.115956 
-3.618699 1.941292 0.434848 -0.965017 1.451640 1.595698 -0.871961 1.275435 -1.558667 0.381037 0.742335 -0.774290 -0.453212 
-3.864072 1.473224 0.572112 -0.693925 1.160895 1.234662 -0.988748 1.243283 -1.242174 0.161963 0.402285 -1.003308 0.034955 
-3.694892 1.639118 0.568153 -0.769640 1.212355 1.147407 -1.166674 1.457897 -1.071079 0.228672 0.790402 -0.530771 -0.122872 
