-3.572423 1.854292 0.723732 -0.707925 1.071545 1.111894 -0.961613 1.396006 -0.852437 0.119761 0.749135 -1.015550 -0.224540 
-3.635884 1.747664 0.541640 -0.793239 0.830907 0.949031 -0.861328 1.275442 -0.774629 -0.250923 1.092069 -0.825219 -0.186986 
-3.487257 1.379792 0.655596 -0.371512 1.291843 1.103803 -1.013843 1.361295 -1.179961 0.327655 0.816712 -1.094330 -0.226868 
-3.611371 1.711331 0.280986 -0.898882 1.281024 1.081637 -1.189421 1.428916 -0.823725 -0.158497 0.829613 -0.839119 -0.286782 
-4.008567 1.055657 0.490310 -0.466916 1.322237 1.168587 -1.010470 1.321718 -1.244946 0.262863 0.718760 -0.911748 -0.138935 
-3.694503 1.745188 0.168984 -0.867432 1.541933 1.293095 -0.906240 1.606111 -1.109388 -0.083195 0.535697 -0.864261 -0.118247 
-3.864784 1.370846 0.642065 -0.836879 1.247241 1.473562 -1.011885 1.436670 -1.041406 0.183351 0.641014 -0.713867 -0.071945 
-3.717081 1.519691 0.403998 -0.822920 1.168956 1.106559 -0.926884 1.586092 -1.198929 0.202664 0.470757 -0.838026 0.150910 
-3.608147 1.325891 0.764570 -0.731379 1.164615 1.414845 -0.985523 1.479130 -1.226460 0.043103 0.823290 -0.670793 -0.227672 
-3.657053 1.542829 0.624564 -0.762384 1.013152 0.966925 -1.015390 1.588123 -1.327971 0.138785 0.596738 -0.768628 -0.044208 
-3.718702 1.459138 0.581994 -1.027099 1.091502 1.346514 -1.102459 1.517922 -1.008036 0.131861 0.556225 -0.664068 -0.264544 
-4.144457 1.448560 0.585914 -0.753374 1.150330 1.024700 -1.110998 1.539515 -1.178759 0.170760 0.572095 -0.664123 -0.222152 
-3.757047 1.725788 0.618088 -1.066516 0.834551 1.186273 -0.837775 1.431966 -1.065187 0.238497 0.579922 -1.055400 -0.221895 
-3.809296 1.588680 0.634124 -0.663704 0.935098 0.682401 -1.217370 1.454923 -1.022438 0.071134 0.713721 -0.768463 -0.010118 
-3.314716 1.615686 0.421973 -0.757957 0.914817 0.801433 -1.003733 1.480505 -0.967706 0.156510 0.768617 -1.106093 -0.108244 
-3.616650 1.922666 0.456605 -0.742014 1.045992 0.626186 -1.171210 1.505272 -1.087487 -0.229578 0.868236 -0.750214 -0.097476 
-3.185545 1.401928 0.466492 -0.952342 1.086052 1.294972 -1.128181 1.542950 -0.792409 0.165030 0.422025 -0.854148 -0.045187 
-3.927905 1.778032 0.652382 -0.818415 1.088921 1.040414 -1.113241 1.367242 -1.064437 -0.006041 0.669359 -0.698776 0.091999 
-3.614546 1.624364 0.442892 -0.925992 1.253431 1.273268 -1.042769 1.535378 -1.126651 0.035110 0.405717 -0.705652 -0.000584 
-3.893947 1.285479 0.654110 -0.530566 1.299991 1.087641 -1.096518 1.528006 -1.279907 -0.065428 0.664909 -0.605792 0.050832 
-3.792222 1.795222 0.305038 -0.890017 1.104501 1.081997 -0.652008 1.650740 -1.217825 -0.175001 0.682569 -0.940281 -0.059451 
-3.927431 1.518106 0.542691 -0.535621 1.558414 1.265313 -1.039091 1.441856 -1.367927 0.157868 0.588063 -0.867200 -0.057137 
-3.861603 1.681107 0.220305 -0.840796 1.117427 1.072409 -0.610151 1.627243 -0.970866 -0.310939 0.810395 -0.743098 -0.079468 
-4.159022 1.459128 0.596189 -0.617589 1.350300 1.439027 -0.594473 1.487839 -1.448941 -0.019550 0.560416 -0.704041 -0.072515 
-3.772396 1.615821 0.339854 -0.911496 1.282297 1.299154 -1.012977 1.355329 -0.915340 -0.082002 0.729577 -0.681289 -0.025663 
-3.710918 1.570301 0.791548 -0.939136 0.837628 1.192914 -0.960511 1.302393 -1.481309 -0.110487 0.538413 -0.543046 0.261250 
-3.673872 1.590436 0.540823 -0.977592 1.234653 1.367599 -1.246348 1.293023 -0.726056 0.187591 0.471297 -0.736836 0.060059 
-3.751018 1.980845 0.828041 -0.946558 0.943304 1.098592 -1.243650 1.077862 -1.029396 -0.103986 0.554332 -0.757854 -0.003513 
-3.873620 1.435186 0.819145 -0.586356 1.170504 1.185711 -1.159815 1.365320 -0.803327 0.108226 0.642226 -0.770147 0.149009 
-3.916191 1.633811 0.485034 -0.849883 1.068746 1.137640 -0.877830 1.435455 -0.739564 -0.355507 0.394176 -0.780835 0.092893 
-3.689600 1.875217 0.520082 -1.035727 1.079107 1.360095 -0.825452 1.287994 -1.120434 0.141804 0.791652 -0.728449 -0.166739 
-3.764275 1.314691 0.400856 -1.036075 1.050934 1.292032 -0.935979 1.560558 -1.033806 -0.075716 0.602350 -0.585701 0.210865 
-3.686464 1.746562 0.330357 -1.010316 1.256722 1.355124 -0.824547 1.362459 -1.303390 0.108264 0.656657 -1.105618 -0.195730 
-3.948222 1.376029 0.771911 -0.821721 0.824082 0.944845 -1.109229 1.396358 -1.359079 0.227138 0.672856 -0.565716 0.098310 
-3.976175 1.389253 0.610341 -0.614333 1.356170 1.421525 -0.800502 1.344547 -1.446510 -0.266175 0.501102 -0.940987 0.022314 
-4.074301 1.254128 0.960890 -0.732069 0.931509 1.217522 -1.081050 1.477698 -1.124534 0.294766 0.312261 -0.572295 0.063932 
-3.887309 1.219877 0.425632 -0.586104 1.516661 1.327284 -1.209722 1.234285 -1.075051 -0.228671 0.407482 -0.742059 0.085921 
-4.006102 1.323732 0.833620 -0.969265 1.139736 1.533436 -1.130111 1.626796 -0.855576 0.283251 0.258196 -0.657875 -0.123110 
-3.593841 1.551760 0.571957 -0.819075 1.314699 1.310284 -1.371933 1.068636 -0.980885 0.431479 0.662087 -0.828968 -0.019555 
-3.630796 1.716618 0.452240 -1.102380 1.094122 1.372357 -0.958634 1.356593 -1.129957 -0.018906 0.497940 -0.565518 0.166051 
-3.806876 1.603059 0.629386 -0.706666 1.198180 1.046335 -1.114718 1.514576 -1.125708 0.183842 0.784225 -0.788729 0.060313 
-3.545690 2.071068 0.481384 -1.117948 1.047800 1.369056 -0.854290 1.123931 -1.159168 0.016145 0.632951 -0.865810 0.160726 
-3.920040 1.725045 0.437165 -0.828346 1.206441 0.922034 -1.119259 1.542923 -1.281702 0.038751 0.753516 -0.627021 -0.011643 
-3.422902 2.236643 0.408041 -1.475706 0.802471 1.298096 -1.139391 0.780221 -1.145904 0.290736 0.861689 -0.951024 0.069778 
-3.890864 1.591840 0.185069 -0.821681 1.315231 0.985988 -1.074167 1.439392 -1.142750 -0.041948 0.794331 -0.633305 0.188707 
-3.522371 1.947715 0.356914 -1.299599 0.999687 1.231934 -1.322459 0.930293 -0.993734 0.197928 0.682697 -0.719526 0.201943 
-3.932625 1.500415 0.526056 -0.714220 1.065954 1.100708 -0.786305 1.389677 -1.239418 -0.216104 0.679435 -0.676044 0.217195 
-3.839247 1.594040 0.778522 -0.431953 1.352674 1.206337 -1.151949 1.154836 -1.021186 -0.214946 0.389779 -0.917727 0.139542 
-3.748349 1.451518 0.879529 -0.632726 1.120236 1.266109 -1.080739 1.184103 -1.527703 0.012043 0.477409 -0.759246 0.115262 
-3.863375 1.795384 0.600471 -0.698076 1.440598 1.199387 -1.219612 1.459340 -0.954768 -0.197757 0.505245 -0.815431 -0.071736 
-3.850055 1.683074 0.491031 -1.089756 1.296515 1.395943 -1.578256 0.659689 -1.262500 0.197686 0.501591 -0.691527 0.287024 
-3.811218 1.758610 0.310821 -1.211998 1.281672 1.390848 -1.197536 1.285360 -1.096570 0.034819 0.543344 -0.862442 -0.111075 
-3.964173 1.434084 0.352359 -1.162770 1.263459 1.483761 -1.266029 1.179185 -0.910387 0.226529 0.698653 -0.522932 0.088252 
-3.791870 1.727763 0.544722 -0.958010 1.170412 1.325492 -1.122203 1.152269 -1.055041 -0.044872 0.644809 -0.758748 0.092257 
-3.674070 1.710815 0.609016 -0.978858 1.108981 1.309482 -1.099964 1.332422 -0.916940 0.057672 0.577091 -1.024100 -0.363374 
-3.814774 1.581818 0.669758 -0.757918 0.991096 1.147471 -1.007914 1.292658 -0.813708 -0.111670 0.614674 -0.815272 0.009321 
-3.753078 1.780909 0.473846 -0.882679 1.201122 1.161421 -1.111254 1.332974 -0.873313 -0.026174 0.556793 -1.056873 -0.213608 
