-3.225593 1.582587 0.220628 -0.997230 1.138515 0.927937 -1.380048 1.366494 -1.088522 0.194504 0.423352 -1.001174 -0.182174 
-3.587241 1.714290 0.612547 -0.777659 1.070971 1.281177 -1.008096 0.900589 -0.987879 0.144909 0.717210 -1.002013 0.000068 
-3.325441 1.836643 0.139589 -1.322941 1.011577 1.101503 -1.255427 1.304750 -0.883761 0.250265 0.751694 -0.997703 -0.232012 
-3.734560 1.508570 0.650991 -0.584162 1.093599 1.043944 -1.051253 1.175091 -1.042852 -0.000109 0.579454 -0.867630 -0.101216 
-3.926679 1.540009 0.597788 -0.955738 1.007526 1.344336 -0.897045 1.319429 -1.016057 0.041696 0.565846 -0.778887 -0.159137 
-3.876502 1.442035 0.341137 -0.377703 1.407586 0.742595 -1.091090 1.595404 -1.023195 -0.213241 0.631466 -0.683575 -0.174381 
-3.954966 1.523048 0.719810 -0.732435 1.036033 1.225009 -0.904966 1.356290 -0.941265 0.060069 0.535070 -1.101342 -0.232805 
-3.980361 1.489824 0.541756 -0.439031 1.303661 0.846672 -1.000412 1.713132 -1.075351 -0.067830 0.560412 -0.613297 -0.216294 
-3.891706 1.610662 0.376072 -0.838644 1.278826 1.340153 -0.831003 1.288588 -1.121736 0.091368 0.706006 -1.096616 -0.236938 
-3.902057 1.557133 0.468775 -0.692626 1.081697 0.880066 -0.920625 1.561698 -1.230949 0.331982 0.453108 -1.008446 -0.031961 
-4.134043 1.475768 0.504992 -0.764856 0.993899 1.090679 -0.793407 1.235371 -1.154944 0.253803 0.873665 -0.739134 -0.142278 
-3.953748 1.736301 0.374162 -0.929453 1.095451 1.150659 -0.753024 1.568842 -0.868452 0.224242 0.400853 -1.071170 0.052873 
-3.810044 1.464038 0.794681 -0.643911 0.947118 1.006305 -1.169408 1.191966 -0.886404 -0.054549 0.802596 -0.681612 -0.171587 
-3.980155 1.904295 0.524164 -1.254859 0.792062 1.595083 -0.371210 1.193106 -1.103503 0.206215 0.537378 -1.099727 0.120080 
-3.765993 1.550982 0.802455 -0.604095 1.131474 1.118400 -1.352487 1.138237 -0.704368 -0.289217 0.910815 -0.761229 -0.106552 
-3.830648 1.724250 0.596936 -1.136100 0.934322 1.532700 -0.759647 1.150986 -1.285718 0.198769 0.691269 -0.833794 -0.156909 
-3.630774 1.603908 0.512004 -0.638694 1.278683 1.110567 -1.227070 1.220442 -0.797682 -0.327845 0.693391 -1.034151 0.009183 
-3.491247 1.956262 0.492596 -1.023340 1.162353 1.333619 -0.905722 1.381627 -1.110656 -0.076480 0.706386 -0.865020 -0.085146 
-3.631651 1.184886 0.362473 -0.695255 1.428807 1.385582 -1.158868 1.278941 -1.190645 -0.215950 0.607973 -0.875269 0.072728 
-4.138433 1.897953 0.318476 -0.666590 1.850771 1.438244 -1.010652 1.403257 -1.172835 0.031124 0.297235 -0.814068 0.001247 
-3.985932 1.252336 0.456511 -0.538470 1.449262 1.414877 -0.857825 1.161586 -1.541952 -0.096253 0.781068 -0.717825 0.182914 
-4.026071 1.528012 0.310577 -0.872987 1.476945 1.251632 -1.130137 1.521616 -1.388191 0.386398 0.487446 -0.885773 -0.268779 
-3.851037 1.467402 0.694721 -0.610048 1.183298 1.196450 -0.848110 1.467921 -1.417139 -0.160160 0.671232 -0.672434 0.002692 
-3.447716 1.588328 0.811140 -0.807374 0.940784 1.192670 -0.990649 1.318089 -1.287867 0.273447 0.621712 -1.010814 0.006380 
-3.813376 1.576685 0.684317 -0.587214 1.200402 0.932497 -1.154996 1.461465 -1.276906 -0.033163 0.818547 -0.773271 -0.176909 
-3.474288 1.275289 0.509547 -0.511439 1.121782 1.000726 -0.877997 1.453718 -1.261206 -0.136017 0.539846 -0.783358 0.193965 
-4.151440 1.484204 0.411747 -0.534126 1.366587 0.728199 -1.225921 1.653126 -1.185466 -0.125280 0.917915 -0.709124 -0.239115 
-3.688486 1.350190 0.437478 -0.365760 1.242136 0.791864 -0.996496 1.401793 -1.417198 -0.181087 0.747515 -0.581587 0.219074 
-3.707623 1.428492 0.268079 -0.865021 1.508030 1.188902 -1.333611 1.604075 -1.084063 -0.048754 0.384486 -0.838866 -0.226766 
-3.693316 1.709490 0.476437 -0.696805 1.102173 0.858480 -1.006518 1.448190 -1.217374 -0.170068 0.824050 -0.702056 -0.137494 
-3.696507 1.534942 0.631183 -1.073614 1.244456 1.542560 -1.293709 1.184757 -1.051364 0.401898 0.280207 -1.033180 -0.159434 
-3.874429 2.021292 0.131395 -0.895527 1.406722 1.041269 -1.053677 1.264815 -1.009931 -0.101089 0.938027 -0.940491 -0.238266 
-3.884360 1.699831 0.837612 -0.908054 1.010969 1.430221 -0.929077 1.127162 -1.237273 0.296245 0.893030 -0.735541 -0.148581 
-3.682202 1.756444 -0.057919 -0.886552 1.269907 0.881411 -0.962376 1.305611 -1.152294 0.157349 0.973111 -1.104237 -0.002739 
-3.454932 1.570031 0.526882 -0.797726 0.993029 1.050117 -0.812063 1.491380 -1.458302 0.107471 0.852042 -0.777597 -0.146409 
-3.845094 1.530425 0.119568 -0.923371 1.300518 1.225910 -1.115268 1.020561 -0.904574 0.391861 0.658363 -1.039775 0.117896 
-3.424779 1.470692 0.392404 -0.847423 0.993351 0.971691 -0.987700 1.583967 -1.062457 -0.200931 0.640157 -0.832264 -0.093746 
-4.059768 1.496121 0.245842 -0.965243 1.268681 1.405553 -0.917084 1.107464 -0.978279 0.165446 0.924124 -0.968522 0.010089 
-3.684669 1.462426 0.336327 -0.873013 1.302020 1.154001 -1.197074 1.536666 -0.907946 0.176282 0.470978 -0.774339 0.028364 
-3.826923 1.678500 0.276043 -0.907293 1.225189 1.215330 -0.834905 1.344394 -1.103229 0.023646 1.179541 -0.953602 -0.169846 
-4.013360 1.435864 0.617304 -0.769215 0.915455 0.949733 -0.986902 1.529900 -0.814265 0.111360 0.751319 -0.682863 0.017972 
-3.619652 1.849881 0.265087 -0.892288 1.145443 1.090830 -0.887813 1.251897 -1.030846 -0.037850 0.924671 -0.922593 -0.048419 
-3.785215 1.481063 0.631218 -0.807870 0.885748 1.111643 -0.880998 1.348562 -1.066269 0.010984 0.961591 -0.797355 -0.155715 
-3.786313 1.230587 0.463727 -0.713672 0.911435 1.009517 -0.741452 1.463522 -1.206021 -0.206327 0.682205 -0.758567 -0.031892 
-3.651833 1.511430 0.412877 -0.888838 0.923637 1.105285 -0.902924 1.135396 -1.131864 0.103284 0.813016 -0.855133 0.010167 
-3.956688 1.207329 0.534699 -0.507492 1.020558 0.709000 -1.023433 1.655348 -1.044424 0.030128 0.799773 -0.618169 -0.023671 
-3.738534 1.777693 0.383915 -0.956286 1.057276 1.072017 -1.054442 1.154338 -1.184818 -0.016100 0.824261 -0.751727 -0.095076 
-3.951056 1.577298 0.346423 -0.740051 1.504967 1.214708 -1.170169 1.370033 -1.039187 -0.012416 0.359711 -0.750756 0.200599 
-3.414305 1.578366 0.443371 -0.797663 1.106231 0.892021 -1.222224 1.512666 -1.162280 0.037090 0.776454 -0.765633 -0.028305 
-3.728663 1.640865 0.486086 -0.930190 1.155282 1.284550 -0.925997 1.397186 -0.998790 0.053780 0.270319 -1.084487 -0.140034 
-3.663156 1.420148 0.712837 -0.727552 0.847387 0.861648 -0.994473 1.664156 -1.275899 -0.111666 0.433377 -0.722227 0.134810 
-3.760886 1.428561 0.422497 -0.867033 1.053082 1.021430 -0.993865 1.651599 -1.038447 -0.228213 0.697671 -0.825473 -0.287098 
-4.061871 1.578889 0.668558 -0.795565 1.028074 1.004641 -1.129174 1.343589 -1.164532 0.033189 0.467760 -0.795300 0.064649 
-3.772878 1.568981 0.487828 -0.825046 1.065498 1.057773 -1.029076 1.370033 -1.181345 -0.191728 0.731030 -0.627236 -0.080666 
-3.715176 1.569704 0.318864 -1.076447 1.079204 1.031079 -1.328851 1.183877 -1.162299 0.026668 0.662363 -0.480167 0.199837 
-3.867509 1.765916 0.490768 -0.748318 1.230713 1.029985 -1.093451 1.282099 -1.072251 0.173208 0.657451 -0.917904 -0.055164 
-3.424474 1.257475 0.378386 -0.879504 1.148586 1.057932 -1.260810 1.457175 -1.295215 0.093551 0.721290 -0.519919 0.042369 
