-3.851112 1.786649 0.336542 -1.280508 1.112880 1.416586 -1.016744 1.372624 -0.682856 0.156906 0.540124 -1.053897 -0.076238 
-3.791377 1.555703 0.708401 -0.768088 1.188190 1.117675 -1.265140 1.317781 -1.144447 0.225905 0.448970 -0.810621 -0.064017 
-3.836181 1.628281 0.373301 -1.056533 1.031795 1.154670 -0.944971 1.552634 -0.800546 0.148402 0.621082 -1.240686 -0.209619 
-3.387337 1.655067 0.688126 -0.866721 1.044310 0.953649 -1.376716 1.428921 -1.158020 -0.041358 0.604046 -0.554713 0.081464 
-4.004918 1.491405 0.664896 -0.703713 1.227927 1.338642 -0.789178 1.491880 -1.148419 0.112697 0.599488 -1.097508 -0.228576 
-3.697784 1.399201 0.113132 -0.946212 1.076230 0.823318 -1.122384 1.588247 -1.036807 -0.004195 0.800027 -0.626725 -0.072956 
-3.957940 1.437828 0.844256 -0.798675 1.146848 1.510350 -0.926417 1.191419 -1.449748 0.173851 0.857882 -0.747741 -0.259142 
-3.798881 1.620177 0.225926 -1.001711 0.985271 0.794098 -1.033583 1.588631 -1.150083 0.256576 0.802925 -0.722702 -0.161629 
-3.931085 1.252392 0.553138 -0.898256 1.117894 1.489999 -0.942656 1.179838 -1.065039 0.145006 0.661611 -0.768673 -0.158263 
-3.639838 1.616887 0.501333 -0.833039 1.040817 0.767088 -1.238881 1.580346 -1.226327 0.264354 0.624224 -0.559663 0.187318 
-3.751525 1.289967 0.798294 -0.733187 0.942545 1.224253 -0.959456 1.442381 -1.009366 0.041529 0.457246 -0.939510 -0.196567 
-3.780611 1.389859 0.405378 -0.674187 1.240847 1.045440 -1.138118 1.314857 -0.999847 0.098014 0.673817 -0.688665 0.050258 
-4.069242 1.634820 0.694908 -0.725246 1.362778 1.558350 -0.760742 1.146355 -1.463068 0.128965 0.576807 -0.911754 -0.110659 
-3.837011 1.293802 0.507161 -0.912169 1.045723 1.398873 -0.806879 1.417047 -0.900892 -0.324437 0.596980 -0.799973 0.033660 
-3.981970 1.861500 0.427517 -0.761968 1.599853 1.430836 -1.032364 0.949286 -1.522600 -0.408495 0.586889 -0.785727 0.102471 
-3.798297 1.880096 0.566166 -1.043611 1.182473 1.282532 -1.110617 1.422539 -0.880863 -0.257868 0.473902 -0.836503 0.063803 
-3.707166 1.763967 0.349206 -0.555969 1.626980 1.176360 -1.206836 1.029443 -1.203483 -0.362426 0.625948 -0.983262 0.312509 
-3.960641 1.944081 0.549479 -0.998816 1.115469 1.143310 -1.179273 1.262700 -0.874592 0.014576 0.711103 -0.625659 0.224936 
-4.060698 1.378261 0.602264 -0.657437 1.257875 0.932017 -1.259943 1.741366 -1.090403 -0.242531 0.216097 -0.787573 0.220147 
-3.959462 1.622878 0.321031 -0.832442 1.550217 1.209254 -1.444160 1.256941 -0.956339 0.006251 0.659737 -0.453238 0.259279 
-4.235663 1.388027 0.395423 -0.767938 1.416421 1.060058 -1.318528 1.574919 -1.006020 0.012286 0.315697 -0.782065 0.121350 
-3.573810 1.377859 0.233131 -0.849339 1.537665 1.253769 -1.359840 1.551590 -1.029240 -0.153569 0.608880 -0.394530 0.060694 
-3.955595 1.626232 0.546915 -0.957567 1.022408 1.139950 -0.980638 1.439529 -1.082327 0.558205 0.571397 -1.036061 0.017974 
-3.669163 1.141098 0.590539 -0.721460 1.172585 1.399082 -0.963602 1.461667 -1.072681 -0.252333 0.456251 -0.761349 0.022665 
-3.731686 1.700768 0.368095 -1.018136 1.037049 1.157302 -0.923058 1.214367 -1.314963 0.263019 0.688144 -0.991833 -0.082175 
-4.060106 1.385132 0.383636 -0.571288 1.496612 1.225997 -0.936328 1.503468 -1.165361 -0.172884 0.252464 -1.008145 0.084120 
-4.005888 1.682762 0.183703 -1.018325 1.334415 1.360539 -0.888732 1.204837 -1.139818 0.161420 0.716137 -0.918860 -0.008429 
-3.625827 1.430548 0.396930 -0.698817 1.259798 0.910338 -1.273607 1.523520 -0.984849 0.433055 0.539143 -0.986810 0.030042 
-3.914280 1.566328 0.417105 -0.897276 1.029189 1.025632 -0.923604 1.393800 -1.177543 0.117084 0.843602 -0.670961 0.056822 
-3.541895 1.802647 0.414837 -1.270730 1.076311 1.147893 -1.406868 1.382962 -0.947455 0.423426 0.575848 -0.564750 -0.101290 
-3.801899 1.465083 0.632134 -0.878182 0.858235 1.063732 -1.038075 1.282147 -0.940493 0.332991 0.695283 -0.821690 0.146309 
-3.815997 1.645455 0.553697 -0.891618 1.239840 1.133837 -1.434093 1.010730 -1.191302 0.272483 0.905001 -0.558018 -0.073602 
-3.619186 1.566278 0.712503 -0.972604 1.022760 1.435885 -0.972682 1.328858 -0.972581 0.169974 0.458383 -0.920887 0.245554 
-3.952725 1.709566 0.414091 -0.976205 1.125654 1.094533 -1.073184 1.281745 -1.114898 0.200133 0.800375 -0.820580 -0.066402 
-3.589219 1.431015 0.670143 -0.746794 1.204273 1.442699 -1.005580 1.348219 -0.883013 -0.023233 0.335199 -0.996810 0.123478 
-4.061508 1.644596 0.442056 -0.699553 1.339752 1.265996 -0.932818 1.188831 -1.014042 0.174065 0.410190 -1.049167 0.237399 
-3.802574 1.441485 0.458287 -0.881199 1.274181 1.460531 -0.915252 1.316947 -1.284261 0.003054 0.402019 -0.815589 0.083734 
-3.904351 1.415649 0.805089 -0.517679 1.187175 1.140201 -1.119643 1.348981 -0.931017 -0.023262 0.704239 -0.835737 -0.037225 
-4.008097 1.460009 0.675534 -0.842155 1.337934 1.498517 -1.040843 1.307829 -1.579574 -0.081473 0.656154 -0.436810 -0.072714 
-3.675539 1.537832 0.853911 -0.890891 1.084735 1.473486 -1.154578 1.048052 -1.302850 -0.005793 0.550665 -0.861871 -0.050657 
-4.116259 1.213319 0.641594 -0.658027 1.190364 1.229056 -1.086076 1.197460 -1.399216 0.105305 0.628537 -0.822719 -0.174708 
-3.731283 1.567527 0.577870 -0.642029 1.264277 1.185575 -0.943486 1.229694 -1.591990 -0.116978 0.556150 -0.956335 0.090396 
-3.849250 1.201248 0.479268 -0.800794 1.071790 1.172400 -1.163038 1.148177 -0.991145 -0.012253 0.703893 -0.706691 -0.027433 
-4.079295 1.620083 0.561182 -0.706531 1.363552 1.195943 -1.049017 1.347945 -1.255947 -0.097280 0.306294 -0.763785 -0.033442 
-3.488669 1.395251 0.608525 -0.907506 0.962946 1.142182 -1.165029 1.355220 -1.148609 -0.144133 0.744502 -0.462989 -0.010585 
-4.000360 1.744719 0.610363 -1.061680 1.100940 1.382509 -0.922475 1.322176 -1.218103 -0.106475 0.542966 -0.482687 -0.112819 
-3.637817 1.446354 0.728536 -0.746163 1.003275 1.129630 -1.114223 1.228278 -1.231761 0.148206 0.738418 -0.819175 -0.148607 
-3.833672 1.626093 0.513063 -1.019670 1.124668 1.212692 -1.128359 1.311322 -1.241277 0.007587 0.768229 -0.356619 -0.059278 
-4.192744 1.604424 0.551711 -0.536377 1.299027 1.134738 -0.849699 1.246773 -1.139306 -0.257930 0.688769 -1.107149 -0.078492 
-3.830971 1.491350 0.534000 -0.812837 1.140233 1.062454 -1.130999 1.465677 -1.104405 0.100741 0.641010 -0.500642 -0.005610 
-3.591717 1.601444 0.509299 -0.839373 0.942826 0.965860 -0.978325 1.367441 -1.147444 0.035057 1.011274 -0.987455 -0.132868 
-3.647532 1.361190 0.632519 -1.092504 0.645853 1.197686 -0.782880 1.424515 -1.247573 0.034483 0.807163 -0.820665 -0.085828 
-3.624431 1.715399 0.630358 -0.967331 0.922960 1.045729 -1.109093 1.356401 -1.060944 0.110989 0.772709 -0.741878 -0.251553 
-3.691862 1.497740 0.778683 -0.532757 1.143207 1.148823 -0.880045 1.342932 -1.364239 0.174307 1.005802 -1.014681 -0.241919 
-3.974284 1.672389 0.427620 -0.777746 1.446000 1.408902 -0.928653 1.311160 -1.160991 -0.162671 0.663730 -0.935899 -0.160652 
-3.470423 1.462084 0.387454 -0.547733 1.324924 0.920948 -1.187465 1.379853 -1.158694 0.065634 0.980886 -0.754843 0.157891 
-3.814665 1.729596 0.257787 -0.602191 1.667101 1.167585 -1.198193 1.283163 -1.153228 -0.226605 0.551270 -1.010561 -0.072384 
