-2.950760 1.906787 1.447366 -1.752694 1.059312 0.901814 -2.356616 2.538115 -1.574993 -0.215732 1.022295 -1.054394 -0.186652 
-3.079076 1.833360 1.295762 -1.834991 0.959675 0.792804 -2.408797 2.494530 -1.647779 -0.128520 1.077678 -1.044505 -0.213290 
-2.831106 2.083929 1.446256 -1.557073 1.143348 0.928314 -2.165176 2.636945 -1.493324 -0.113777 0.910047 -0.949425 -0.150589 
-2.725313 2.104906 1.362259 -1.544513 0.960364 0.713282 -2.221645 2.347664 -1.554796 0.010532 0.788948 -0.896732 -0.142566 
-2.730329 1.951379 1.273664 -1.638284 0.914082 0.730530 -2.262736 2.301357 -1.535776 0.010569 0.789023 -0.855432 -0.133115 
-2.795168 1.747686 1.217458 -1.611084 0.940698 0.772897 -2.152086 2.385240 -1.471267 -0.152733 0.966429 -0.937260 -0.138228 
-2.957767 1.958283 1.225251 -1.629681 0.985952 0.735609 -2.137340 2.411221 -1.471573 -0.136045 0.957142 -0.941977 -0.108210 
-2.981862 1.953356 1.274285 -1.601570 0.988396 0.731242 -2.190760 2.406798 -1.494441 -0.089819 0.903738 -0.897167 -0.167683 
-2.920318 1.891170 1.202991 -1.619992 0.955122 0.733747 -2.131015 2.451107 -1.547307 -0.193649 0.935117 -0.938025 -0.158067 
-2.954291 2.011279 1.081708 -1.625793 0.935658 0.693417 -2.006146 2.384712 -1.453298 -0.134633 0.909516 -0.931680 -0.121053 
-2.931590 2.039071 1.111474 -1.537418 1.037724 0.675531 -2.077398 2.402325 -1.473176 -0.050103 0.875002 -0.842406 -0.085548 
-2.737547 1.949942 1.128119 -1.608603 0.926881 0.680480 -2.053078 2.474831 -1.470588 -0.096889 0.772365 -0.855486 -0.154689 
-2.894971 1.949854 1.054288 -1.650654 0.840075 0.607864 -2.045611 2.335372 -1.469219 -0.174172 0.918960 -0.867050 -0.096105 
-2.988845 2.009705 1.054986 -1.589646 0.993944 0.676849 -2.034613 2.344028 -1.542476 -0.252529 0.956942 -0.725724 -0.089854 
-2.727555 1.924520 1.087827 -1.746557 1.013298 0.843287 -2.114918 2.505554 -1.640428 -0.183533 0.791332 -0.706510 -0.199063 
-2.430305 2.032275 1.082346 -1.943136 1.053977 0.918615 -2.380771 2.489365 -1.639139 0.070374 0.735689 -0.873803 -0.138396 
-2.841557 1.968148 1.336935 -1.610358 0.989141 0.770573 -2.213729 2.442662 -1.528268 -0.024023 0.929949 -0.906337 -0.105465 
-6.390145 -0.653531 0.750609 0.386617 -0.417237 0.907928 1.128034 0.061587 0.106347 0.622458 0.780885 -0.916146 -1.031437 
-6.270228 -0.264708 0.845462 0.198239 -0.440676 0.730261 0.768140 0.068601 -0.118231 0.546217 0.775513 -0.876026 -0.777794 
-5.197536 1.289549 1.595839 -0.296527 0.197313 1.139854 -0.302122 0.340198 -0.644808 0.478508 0.491441 -0.847420 -0.349933 
-4.784485 1.332638 1.321122 0.354844 1.121633 0.956365 -0.909494 0.245972 -0.169700 0.304363 0.581214 -1.254252 -0.042678 
-5.518652 0.260177 -0.089104 0.741088 0.233016 -0.706219 -0.831398 -0.188424 0.723198 0.533862 0.775324 -0.698550 -0.493639 
-5.080170 1.549067 0.896834 0.685772 0.932556 -0.405434 -1.612956 0.546521 -0.052225 0.522633 0.939476 -0.667816 -0.356462 
-2.376684 3.662981 -0.174080 -1.234890 0.748864 -0.837850 -2.511867 1.280785 -0.755621 0.666159 0.305015 -0.262162 -0.348640 
-1.208910 4.777760 -2.461058 -1.034543 1.678305 -1.768168 -2.252419 1.104152 -1.319067 1.353027 0.006351 -0.490985 0.046231 
-1.328169 4.322059 -3.093915 -0.979115 1.491480 -2.130864 -1.899573 1.272164 -1.636596 1.180364 0.242406 0.108467 0.056025 
-2.408132 3.102300 -2.145921 -1.211631 0.589773 -1.282834 -1.322955 0.885707 -1.379939 1.524125 0.587281 0.513394 0.232536 
-2.487374 3.198021 -3.665066 -1.758815 0.650745 -1.451799 -0.973253 0.510112 -1.079635 1.432076 0.661725 0.093831 -0.165577 
-2.193571 3.611219 -5.487249 -1.559035 1.091042 -2.343194 -0.492540 0.640354 -1.443230 1.387135 0.798392 -0.047295 -0.479332 
-2.344123 3.451139 -6.073178 -1.184853 1.147764 -2.806317 -0.058790 0.586702 -1.764743 1.392909 1.223845 -0.144145 -0.491384 
-2.512492 2.632185 -6.378621 -1.359854 0.706293 -2.966612 0.068261 0.701795 -1.657249 1.145440 1.151128 0.125314 -0.508329 
-2.033720 2.991504 -5.241797 -1.602707 0.620390 -2.439778 -0.430811 1.000117 -1.789739 1.426821 1.121332 0.729405 -0.518721 
-2.566041 2.799699 -4.544232 -2.229067 0.267556 -1.555974 -0.418410 0.875716 -1.117988 1.838182 1.295055 1.019789 -0.482368 
-3.521900 2.391090 -3.695065 -2.623700 -0.151959 -1.261545 -0.945236 0.275467 -0.958436 1.719744 1.321971 0.568304 -0.576233 
-3.414032 3.355550 -2.083794 -3.105026 0.541577 -0.674771 -1.992000 1.379278 -1.742648 1.580196 2.043750 1.223759 -0.058296 
-3.255574 3.035364 -0.907868 -2.157059 1.224024 -0.030010 -1.853422 1.599569 -1.586461 0.559148 1.683091 0.271440 0.168847 
-2.635648 2.298287 0.740985 -1.882248 0.752926 0.424024 -1.980319 2.378426 -1.594666 0.154525 0.968121 -0.519260 -0.028399 
-2.822617 2.205658 0.921378 -1.578274 1.059358 0.704807 -1.953630 2.166157 -1.547168 0.056049 0.930255 -0.781469 -0.215203 
-2.961471 1.808168 0.696837 -1.549249 1.219417 0.763118 -2.111595 1.993629 -1.529261 0.185027 1.220627 -0.761202 -0.138891 
-3.058149 1.755694 0.572004 -1.358362 1.242750 0.688447 -1.872709 1.914274 -1.370514 -0.125942 1.030445 -1.073001 -0.148017 
-3.069988 1.963109 0.588149 -1.538565 1.262795 0.729499 -1.956221 1.990164 -1.431410 -0.149645 1.143633 -0.844681 -0.169029 
-2.973524 1.917656 0.708631 -1.590657 1.219580 0.793984 -1.989147 2.106442 -1.424350 -0.070883 1.092834 -0.842661 -0.212037 
-2.814333 1.976567 1.183700 -1.721807 0.991816 0.799828 -2.171138 2.407732 -1.474663 0.023821 0.974992 -0.890523 -0.157206 
-2.653323 0.643751 0.370906 -1.446102 0.225688 0.252617 -1.606514 1.692020 -0.885113 -0.473232 0.596847 -0.368109 0.153286 
-3.470598 0.977671 0.414199 -1.596160 -0.007247 0.177219 -1.807436 1.431890 -1.112060 -0.196106 -0.519495 -0.414304 -0.200458 
-3.338133 1.587896 0.030624 -2.351037 -1.466152 -0.301164 -0.893327 1.188598 -1.014317 0.783831 0.038380 0.078391 -0.018624 
-3.258181 2.311428 0.003278 -2.057116 -1.561133 -1.059829 -1.366770 0.662989 -2.057281 0.307292 -0.540563 -0.357130 -0.382185 
-2.962687 3.168702 -0.198287 -1.555690 -0.494920 -0.928204 -1.344613 0.915433 -1.597498 0.440343 0.007175 -0.195233 -0.695282 
-3.204909 3.103271 0.162786 -1.582346 -0.283929 -0.486623 -1.395381 0.920161 -1.160506 0.456418 -0.072875 -0.225319 -0.497774 
-4.344701 1.409980 0.056665 -2.091877 -0.561413 -0.051223 -1.390499 1.308412 -1.144350 -0.209270 -0.104424 -0.306929 -0.564104 
-4.728254 1.127333 0.514301 -1.982257 0.162153 1.226274 -1.005069 1.329576 -1.303201 -0.552558 0.502837 -0.169890 -0.814179 
-4.711301 2.350121 1.928628 -1.627062 -0.387204 0.940416 -0.884442 0.942740 -1.466398 -0.192079 0.882914 -0.492471 -0.954756 
-3.678023 2.587725 1.972976 -1.205011 0.086744 0.384510 -1.668431 1.097785 -1.078371 -0.271224 1.128595 -0.549865 -0.872248 
-3.495752 1.465155 1.331162 -1.045331 0.657445 0.644846 -1.816219 1.742609 -0.914021 -0.323189 1.059913 -0.666995 -0.598224 
-3.332429 1.734571 1.133104 -1.285107 0.911190 0.608805 -2.034960 2.178115 -1.053018 -0.305464 0.701153 -0.620669 -0.331576 
-3.036610 2.228821 1.291635 -1.592339 1.058549 0.872104 -2.097856 2.208557 -1.629006 -0.320565 0.697102 -0.928909 -0.297927 
-2.910846 1.949821 1.031248 -1.603731 0.942511 0.627567 -2.044492 2.386947 -1.446014 -0.249135 0.992115 -0.856820 -0.177185 
-3.181352 2.179887 1.079888 -1.626410 0.898188 0.698179 -1.778865 2.365016 -1.533060 -0.263395 1.066167 -0.850049 -0.204782 
-3.261223 1.999837 1.077772 -1.541497 0.969824 0.689825 -1.901637 2.339224 -1.493482 -0.216065 1.064525 -0.883243 -0.239147 
-2.928809 1.896121 1.040163 -1.652778 0.942885 0.749652 -2.004812 2.410568 -1.417983 -0.143223 0.952555 -0.875557 -0.091662 
-2.905888 2.020830 0.998108 -1.573458 0.978813 0.707387 -1.956863 2.330940 -1.373609 -0.152566 0.903357 -0.853017 -0.115753 
-2.921064 2.101711 1.112052 -1.513879 1.027484 0.632853 -2.095504 2.273469 -1.445465 -0.089083 0.816056 -0.828929 -0.071715 
-2.868237 2.104867 0.644569 -1.739130 0.932522 0.472873 -1.981359 2.318011 -1.028297 -0.058117 0.931314 -1.030187 -0.204125 
-3.010841 2.202595 0.571883 -1.660367 1.065319 0.468450 -1.989541 2.301806 -0.792363 -0.116697 1.121732 -1.110790 -0.198286 
-3.164000 1.950815 1.233429 -1.374959 0.888303 0.769881 -1.764148 2.123596 -1.242142 -0.087351 1.081761 -0.893971 -0.121202 
-3.025856 1.739140 1.303044 -1.514931 0.843439 0.801147 -1.992462 2.207061 -1.503517 -0.089464 0.895425 -0.825147 -0.155465 
-2.877143 2.089489 1.244841 -1.632402 1.066368 0.844547 -2.109945 2.405635 -1.417103 -0.048404 0.909637 -0.912700 -0.149855 
-2.867012 2.074813 1.287563 -1.544036 1.111982 0.798375 -2.206925 2.348637 -1.477930 -0.032330 0.906992 -0.923263 -0.133061 
-2.879178 1.901345 1.302220 -1.693154 0.990451 0.825818 -2.298743 2.335821 -1.565351 -0.141664 0.945596 -0.905086 -0.140978 
-3.079767 2.085367 1.182798 -1.746654 1.012809 0.743796 -2.176798 2.332546 -1.370136 -0.281283 1.011241 -0.836122 -0.075242 
-3.154036 2.154886 1.429670 -1.592518 1.052338 0.674609 -2.257038 2.436037 -1.323120 -0.262827 0.876807 -0.913348 -0.103038 
-3.009332 1.926068 1.501084 -1.719877 0.989422 0.877240 -2.306380 2.483035 -1.645814 -0.155838 0.937048 -0.893598 -0.129392 
-3.108008 2.049127 1.203045 -2.006182 0.923231 0.956183 -2.089355 2.451814 -1.592461 -0.081475 0.894613 -0.867854 -0.158486 
-2.909310 2.219990 1.388925 -1.885904 0.905239 0.889928 -2.043221 2.576750 -1.595026 0.008966 0.730034 -1.140831 -0.332535 
-2.876089 2.153655 1.443891 -1.724510 1.109128 1.015214 -2.162985 2.570956 -1.592356 -0.162658 0.916794 -1.010511 -0.207151 
