-3.828749 1.441231 0.256972 -0.993633 1.182957 1.265543 -1.162022 1.127401 -0.844797 0.275041 0.574757 -0.801978 0.134524 
-3.788139 1.482155 0.223529 -0.865453 1.229367 1.142461 -0.951845 1.421378 -1.037889 0.225890 0.728274 -0.852348 0.159985 
-3.831769 1.628096 0.404397 -0.966637 1.144695 1.358697 -0.964588 1.129888 -0.993705 0.166967 0.606565 -0.848000 -0.084223 
-3.849259 1.534496 0.508144 -1.000093 1.264479 1.358017 -1.208283 1.267178 -1.398931 0.146903 0.596640 -0.564415 0.130591 
-3.478524 1.903728 0.373614 -0.697412 1.219283 0.923175 -1.222056 1.062687 -0.982057 0.139143 1.020104 -1.002575 -0.178923 
-3.867065 1.376189 0.439730 -0.671720 1.318234 0.962904 -1.381136 1.447364 -0.869641 0.260893 0.555127 -0.980971 0.141263 
-3.982183 1.839289 0.432097 -0.921157 1.242163 1.284467 -0.993762 1.093625 -1.212354 0.199837 0.712619 -0.977667 -0.169046 
-3.597480 1.394746 0.433327 -0.748905 1.276728 1.118070 -1.277481 1.426476 -0.857743 0.207098 0.281943 -1.072669 0.035284 
-4.304356 1.570716 0.742409 -0.867191 1.252221 1.654780 -0.809120 1.246407 -1.209527 0.126314 0.543505 -0.711993 -0.141771 
-3.703384 1.588997 0.339384 -0.879475 1.074247 0.999113 -0.872217 1.620256 -1.235972 -0.066386 0.412877 -0.883745 -0.154356 
-3.635119 1.486644 0.630733 -0.854626 1.140072 1.101262 -1.322297 1.585323 -1.019343 0.148540 0.551169 -0.613303 -0.186299 
-3.853020 1.633348 0.118025 -0.897198 1.031446 0.936882 -0.743979 1.362068 -1.181809 -0.000098 0.648084 -0.998366 -0.140228 
-3.648247 1.796070 0.325043 -0.936985 1.239909 0.948604 -1.325396 1.590970 -0.683801 0.074888 0.557489 -0.708949 0.192425 
-3.728202 1.869984 0.231297 -1.085157 0.939343 1.107900 -0.857739 0.964621 -1.130755 0.031039 0.815991 -0.947183 -0.036925 
-3.842850 1.724387 0.145889 -0.695801 1.184462 0.824728 -0.897141 1.204261 -0.998593 0.359002 0.812762 -0.806354 0.325921 
-3.554334 1.423014 0.159241 -0.913367 1.186032 1.265231 -1.055344 0.994983 -1.042194 0.215646 0.655448 -0.990844 0.011689 
-3.845343 1.670719 0.120986 -0.769677 1.252048 0.979639 -0.945620 1.121680 -1.220021 0.410979 0.950331 -0.712907 0.299333 
-3.428153 1.173120 0.211668 -0.712053 1.297369 1.180469 -1.142883 1.311497 -1.074927 0.263016 0.391109 -1.194198 0.067474 
-3.958874 1.672900 0.458018 -0.918900 1.249250 1.254149 -1.029963 1.487473 -0.833648 0.228752 0.686360 -0.723701 -0.126378 
-4.067583 1.383130 0.061954 -0.601833 1.578600 1.062138 -0.942405 1.564546 -1.113397 0.135662 0.172228 -1.154657 0.029043 
-3.955199 1.567604 0.603079 -0.908068 0.992646 1.326893 -0.722327 1.416103 -1.025815 0.202841 0.868105 -0.777392 -0.216560 
-4.346631 1.559633 0.167576 -0.578022 1.497819 1.231128 -0.762896 1.000038 -1.285326 -0.196996 0.619575 -1.003589 -0.008971 
-3.675368 1.375622 0.596168 -0.687844 1.078467 1.332609 -0.876240 1.179318 -0.959834 0.188375 0.738001 -0.911881 -0.098540 
-3.716136 1.495193 0.234340 -0.886577 1.094491 1.118353 -0.873829 1.475219 -0.846922 -0.181170 0.794075 -0.811851 -0.017260 
-3.943607 1.788332 0.533037 -0.585164 1.427642 1.181001 -1.087561 1.108799 -0.973959 0.178820 0.810659 -0.890363 0.001230 
-3.382518 1.559145 0.364011 -1.024742 1.040989 1.057768 -1.203320 1.583132 -0.838959 -0.076445 0.646394 -0.883082 0.056602 
-4.186746 1.639456 0.394114 -0.721790 1.243234 0.979306 -1.099672 1.270566 -0.979616 -0.006637 0.830545 -0.739748 -0.014403 
-3.619988 1.534558 0.597851 -0.701824 1.249694 1.119709 -1.299653 1.202747 -1.155825 0.165393 0.668730 -1.033995 -0.017677 
-4.182086 1.382464 0.313223 -0.636778 1.359273 0.972619 -1.044381 1.668752 -0.942338 0.057615 0.701735 -0.769591 -0.292519 
-3.955082 1.586823 0.449252 -0.910779 1.057023 1.212185 -0.986078 1.178427 -0.783481 0.115354 0.842823 -1.036402 -0.082949 
-4.188732 1.297615 0.414369 -0.787884 1.367344 1.369801 -0.926449 1.585267 -1.006655 0.220110 0.710527 -0.760095 -0.328308 
-4.001648 1.718381 0.559156 -0.871006 0.851505 1.095537 -0.820570 1.100216 -0.920881 -0.197242 1.087712 -0.922296 -0.115260 
-3.533845 1.545114 0.486584 -1.062838 1.125988 1.197664 -1.448182 1.188194 -1.116016 0.263741 0.611906 -0.509233 0.132244 
-3.776589 1.451064 0.463674 -0.965573 0.856127 1.185231 -0.842867 1.278407 -0.937510 0.039447 0.804202 -0.949214 -0.172292 
-3.606680 1.616882 0.358341 -0.794874 1.039954 0.909685 -1.151812 1.138112 -0.901246 0.178926 0.968579 -0.909794 0.165255 
-3.782702 1.614425 0.275496 -0.994163 1.090386 1.343589 -0.876984 1.077591 -0.762933 0.030167 0.728614 -1.114388 0.026566 
-3.954501 1.283120 0.568719 -0.563532 1.257896 1.369609 -0.816420 1.327060 -0.980576 0.010588 0.652117 -1.084251 -0.152745 
-3.923894 1.449921 0.318718 -0.846263 1.172297 1.437810 -0.760982 1.110379 -0.891963 -0.368960 0.806798 -0.932217 -0.046665 
-3.809192 1.510315 0.553138 -0.980806 1.081366 1.434369 -1.016169 1.176426 -0.898239 0.147361 0.487957 -0.855022 0.061845 
-3.659836 1.359646 0.584319 -0.787246 1.034761 1.384855 -0.895444 1.025349 -1.336657 0.001899 1.039719 -0.593104 -0.269947 
-4.109985 1.760279 0.478295 -0.907465 1.160391 1.243668 -0.984594 1.154124 -0.903827 -0.113688 0.703835 -0.561347 0.276237 
-3.838962 1.153527 0.701795 -0.562469 1.120655 1.344274 -0.961923 1.081463 -1.178761 0.179407 0.645832 -0.797683 -0.236630 
-3.985936 1.855408 0.477734 -0.901316 1.165463 1.245396 -1.048106 1.074900 -0.700065 -0.233453 0.765290 -0.760509 0.008513 
-4.201601 1.460663 0.686684 -0.655050 1.418676 1.390363 -1.112344 1.290002 -1.158991 0.084188 0.308187 -0.727719 -0.047501 
-3.778187 1.762651 0.268185 -1.052137 1.323658 1.502179 -1.023839 0.915041 -1.049806 0.148820 0.605557 -1.096312 -0.014937 
-4.240032 1.500249 0.508832 -0.913801 1.465011 1.709962 -0.883382 1.342305 -1.166171 0.270460 0.481135 -0.620379 0.040531 
-3.636043 1.535739 0.397568 -0.917279 1.249724 1.386952 -1.089175 1.114079 -1.080556 0.158642 0.474652 -1.081026 -0.164533 
-3.642408 1.681375 0.458709 -0.917129 1.375350 1.450519 -1.010940 1.253669 -1.425943 0.284270 0.585468 -0.870487 -0.061815 
-3.501545 1.354280 0.376772 -0.717080 1.148601 0.983882 -1.229744 1.354789 -0.805871 -0.085747 0.744115 -0.740692 -0.109565 
-3.844101 1.620476 0.544286 -1.076041 1.072551 1.220643 -1.361570 1.061205 -1.185793 0.339523 0.656543 -0.677526 0.258909 
-3.973407 1.370514 0.372954 -0.597878 1.327325 1.059807 -1.094288 1.446360 -0.778008 -0.171205 0.641180 -0.539896 0.184086 
-3.873507 1.347711 0.333071 -1.169590 1.052586 1.448858 -1.158190 0.926445 -1.183209 0.384109 0.767993 -0.506247 0.250115 
-4.112786 1.432326 0.497593 -0.616266 1.178173 1.228664 -0.669618 1.457008 -0.951014 -0.297944 0.787523 -0.609152 0.064876 
-4.257013 1.496636 0.399022 -0.879485 1.312048 1.633312 -0.672912 1.003974 -1.353179 0.088392 0.426853 -1.016373 -0.045354 
-3.910802 1.537036 0.467849 -0.857855 0.971978 1.236704 -0.594708 1.344707 -1.191585 0.055378 0.695814 -0.920270 -0.092059 
-4.062460 1.608539 0.469897 -0.633007 1.421789 1.253317 -0.866314 1.439324 -1.112338 -0.083860 0.674479 -1.116043 -0.351011 
-3.983680 1.424774 0.311916 -0.674938 1.296342 1.215849 -0.748001 1.368245 -1.191450 -0.009310 0.516435 -0.910831 -0.028360 
