-2.883074 1.885287 1.377735 -1.688174 1.044946 0.870404 -2.271224 2.502014 -1.535631 -0.128727 1.070092 -0.938565 -0.121361 
-2.881275 1.856946 1.316030 -1.762196 1.001008 0.869611 -2.265185 2.522614 -1.499646 -0.110377 1.022505 -0.914749 -0.108515 
-2.872164 1.882327 1.279679 -1.650382 0.949050 0.765902 -2.210320 2.402919 -1.519413 -0.049628 1.025082 -0.922423 -0.103708 
-2.909843 1.916651 1.176565 -1.668072 1.021747 0.826468 -2.165908 2.412923 -1.526673 -0.095147 0.956609 -0.888516 -0.093498 
-2.885247 1.938391 1.183273 -1.695687 0.937291 0.756261 -2.174977 2.428849 -1.434537 -0.048910 0.879419 -0.934343 -0.100357 
-2.814580 1.934727 1.196095 -1.687521 0.908225 0.737808 -2.155667 2.367568 -1.530698 -0.013397 0.936748 -0.809728 -0.124623 
-2.735521 1.920694 1.238079 -1.668215 0.908030 0.757100 -2.114651 2.461256 -1.544149 0.000403 0.940645 -0.823345 -0.120287 
-2.853264 1.914566 1.245083 -1.561442 0.956138 0.719587 -2.140862 2.365884 -1.513389 -0.097341 0.964674 -0.883100 -0.078050 
-3.092211 2.223428 0.862926 -1.632121 0.820723 0.282465 -2.022669 2.107519 -1.861816 -0.262686 0.938756 -0.635388 0.119321 
-2.743141 2.584209 1.291675 -1.646617 0.683549 0.275605 -1.975141 2.297220 -1.744393 -0.521467 1.013913 -0.799965 -0.035846 
-2.529820 2.148629 1.456398 -1.605124 0.829369 0.576261 -2.238711 2.391763 -1.438956 -0.374209 1.181922 -0.805328 -0.120516 
-3.152205 1.759718 1.198977 -1.600685 0.953107 0.721865 -2.131012 2.363710 -1.377581 -0.211763 1.019839 -0.922143 -0.075646 
-2.944164 1.887524 1.259972 -1.731119 0.949472 0.805486 -2.149668 2.456697 -1.478474 -0.169243 1.048366 -0.926801 -0.136884 
-2.902349 1.889525 1.316658 -1.829453 0.898496 0.835956 -2.236515 2.486058 -1.633668 -0.087530 1.006830 -0.946152 -0.138479 
-2.965317 1.976404 1.352795 -1.764017 0.940581 0.849922 -2.208410 2.411083 -1.599457 -0.119282 0.980626 -0.968178 -0.127704 
-2.974052 2.059520 1.357192 -1.705531 1.030935 0.852244 -2.202421 2.452961 -1.566674 -0.160784 1.014056 -0.953744 -0.132318 
-2.946983 2.022100 1.330227 -1.749316 1.016581 0.823950 -2.280952 2.446471 -1.576589 -0.222953 0.982045 -0.923517 -0.109947 
-2.946953 1.980970 1.333828 -1.696421 0.989383 0.840649 -2.200013 2.461775 -1.539821 -0.052017 0.999237 -0.842336 -0.105164 
-2.909056 2.092380 1.311984 -1.681834 1.013000 0.796097 -2.218098 2.471320 -1.573768 -0.073532 0.909672 -0.959246 -0.189463 
-2.904343 2.041052 1.272222 -1.696598 0.975810 0.741654 -2.277033 2.444780 -1.600472 -0.114273 0.891060 -0.960598 -0.151243 
-2.912481 1.953962 1.177924 -1.740160 0.921051 0.755011 -2.188667 2.451763 -1.544790 -0.108380 0.886698 -0.948833 -0.089765 
-5.485146 0.279771 1.557199 0.269353 -0.713458 0.187380 0.057916 0.349377 -0.767330 0.446593 0.511508 -0.521554 -0.139426 
-6.122570 0.410248 1.727355 0.108848 -0.764660 0.371235 0.280298 0.592111 -0.738645 0.278547 0.412032 -0.710789 -0.200866 
-6.311097 1.381923 2.180971 -0.249155 -0.839773 0.445124 0.342112 0.932998 -0.906328 0.494125 0.263700 -1.257808 -0.370375 
-5.093550 1.493538 1.959379 0.045991 0.074478 0.398489 -0.748423 0.913635 -0.945596 0.804266 0.351552 -0.962820 -0.737835 
-4.937277 1.582520 1.898100 0.537650 0.120389 -0.004104 -0.761576 0.846384 -0.341021 0.612237 0.704742 -1.054531 -0.801702 
-5.699187 1.100696 1.935654 1.735627 0.018568 -1.021826 -0.625039 0.970957 1.223216 0.374902 0.099047 -1.638052 -0.579429 
-2.807712 2.943776 -0.953420 -0.566066 0.805665 -0.572088 -0.604645 1.385702 -0.956810 0.617028 -0.063949 -0.452985 0.437920 
-1.576345 4.882773 -2.458103 -1.027292 1.766644 -1.597168 -1.718561 1.137969 -1.936451 0.950933 0.781312 -0.440197 -0.263473 
-1.758468 3.833884 -3.066844 -0.780299 1.426218 -1.743100 -1.659606 0.452424 -1.201057 1.278777 0.432298 -0.272581 -0.306227 
-1.894108 3.628915 -3.494144 -0.844869 0.987445 -2.232647 -1.756383 0.235465 -1.109148 1.397474 0.343504 0.253287 0.016177 
-1.825264 3.064529 -3.380498 -0.998159 0.648391 -1.903641 -1.529941 0.255357 -0.868933 1.433787 -0.125327 0.291162 0.021152 
-1.864218 2.845644 -3.829715 -1.125907 0.543521 -2.046456 -1.435550 0.265127 -0.777769 1.497893 -0.190538 0.330051 -0.053711 
-2.648480 2.697112 -4.757742 -1.074608 0.467646 -2.264204 -0.830140 -0.132330 -0.611341 1.391980 0.345039 0.797280 0.233246 
-3.189315 1.881735 -5.389432 -1.492676 -0.043845 -2.283778 -0.588799 -0.396153 -0.513807 1.310107 0.272336 0.806759 -0.035766 
-2.984458 1.609401 -4.703482 -2.207653 -0.329534 -1.717745 -0.823523 0.163413 -0.563295 1.759478 0.210780 0.906128 -0.362774 
-3.329857 2.173726 -4.295333 -2.362018 -0.039187 -1.339685 -0.734030 0.183523 -0.783982 1.596328 0.761364 0.696886 -0.347606 
-3.098401 2.672431 -3.918677 -2.673073 0.334608 -0.984732 -0.998042 0.423970 -0.874451 1.403695 0.977084 0.551363 -0.447688 
-2.967786 3.365370 -3.240357 -3.293348 0.553420 -0.754706 -1.300120 1.468874 -0.870193 1.909198 1.627645 0.515831 -0.681542 
-3.307261 3.127286 -1.836573 -2.519426 1.178274 -0.434769 -1.770187 1.347373 -1.779218 0.355032 1.985521 0.055826 -0.904586 
-3.260032 2.390234 -1.020121 -1.890617 1.172461 0.431767 -1.053880 1.621315 -1.488618 0.415184 1.629351 0.065179 -0.128991 
-2.963116 2.308262 -0.185785 -1.765866 1.042593 0.615083 -1.168295 2.104784 -1.497888 0.357980 1.267306 -0.074186 -0.071518 
-2.984732 2.016829 1.082487 -1.949124 0.931509 0.744437 -2.185806 2.489986 -1.425414 -0.136369 1.026563 -0.977432 -0.065677 
-2.907708 1.864933 1.160033 -1.607397 1.170840 0.859215 -2.250151 2.360235 -1.496927 -0.131893 1.070918 -0.964877 -0.054185 
-3.493493 1.832649 0.440100 -1.509233 1.442153 0.816685 -2.016756 1.710544 -1.504287 -0.284057 1.316382 -0.955442 -0.228290 
-3.329755 1.832044 0.403230 -1.499399 1.392574 0.897654 -1.819828 1.759510 -1.367540 -0.184226 1.257095 -0.736722 -0.102283 
-2.720441 2.050411 1.283273 -1.483572 1.103555 0.879026 -2.039744 2.512880 -1.473260 0.059050 0.851217 -0.978456 -0.152357 
-2.728646 1.320308 0.847507 -1.513264 0.129793 0.315807 -1.706517 1.690735 -0.766582 -0.024949 0.819060 -1.124226 -0.080434 
-4.060241 1.363345 0.849314 -1.087700 0.107140 -0.367584 -1.803978 1.882147 -1.290595 0.092360 0.501207 0.191610 0.481529 
-3.996667 1.698672 -0.038779 -2.117632 -0.489886 -0.221853 -1.032164 2.041233 -1.484435 0.000968 -0.091907 -0.224185 -0.262457 
-3.381177 2.111479 -0.727853 -3.208518 -0.931243 0.066744 -1.154882 1.406352 -1.346689 0.172157 -0.166868 -0.046439 -1.068266 
-3.024504 2.440866 -0.512352 -2.740077 -1.014906 -0.453546 -1.161230 1.749635 -1.198719 0.460135 -0.166459 0.108595 -0.768427 
-3.359431 2.035971 -0.197001 -2.683606 -1.186472 -0.388762 -1.459129 1.419212 -1.080419 0.661023 -0.086733 -0.077702 -1.107106 
-4.118277 1.179053 0.593064 -1.974679 -0.363899 0.657776 -1.737094 0.830318 -0.885400 0.318098 -0.204832 -0.806870 -1.017347 
-3.651231 1.423294 0.488511 -1.511573 0.300717 0.519253 -1.732294 0.992101 -1.573298 -0.197326 0.329524 -0.770077 -0.577067 
-2.979824 2.356352 1.316133 -1.419414 0.352262 0.328474 -1.825912 1.309832 -1.611955 -0.049586 1.073134 -0.535507 -0.933594 
-2.979236 1.975998 0.945019 -1.432567 1.063365 1.015984 -1.757504 1.549633 -1.172468 0.154957 1.367924 -0.862853 -0.553018 
-2.976774 1.808244 1.020536 -1.522312 1.238851 1.148678 -2.010360 1.612144 -1.561687 -0.053760 1.145329 -0.988415 -0.503377 
-2.958297 2.069831 1.125953 -1.757380 0.914379 0.604894 -2.307315 2.247036 -1.360431 -0.326335 1.018729 -1.121180 -0.287071 
-2.877160 1.968228 1.006593 -1.584193 1.147293 0.863150 -2.097099 2.156443 -1.460911 -0.085045 0.990802 -0.950265 -0.138174 
-2.913399 1.859952 1.201324 -1.679205 1.028953 0.872238 -2.183805 2.284575 -1.543355 -0.144438 0.993186 -0.854591 -0.077130 
-2.864287 1.872763 1.324434 -1.701101 0.994909 0.855253 -2.195207 2.483634 -1.578868 -0.148086 0.969874 -0.924735 -0.060230 
-2.846557 1.959999 1.354936 -1.677938 0.984890 0.831731 -2.209525 2.421356 -1.561283 -0.065870 0.985013 -0.921748 -0.130200 
-2.894060 1.924902 1.308924 -1.737412 0.966506 0.846648 -2.238290 2.379201 -1.555602 -0.054106 1.024540 -0.896401 -0.155202 
-2.943004 2.011066 1.338443 -1.773288 1.028832 0.887483 -2.264628 2.450513 -1.601090 -0.089998 1.017942 -1.003158 -0.223126 
-2.991351 1.960103 1.317384 -1.720180 1.071225 0.858160 -2.233212 2.453034 -1.575438 -0.093358 1.032506 -1.028073 -0.212670 
-2.936503 1.910525 1.318464 -1.721666 1.060909 0.903735 -2.221064 2.510777 -1.481830 -0.110222 1.043021 -0.961997 -0.102549 
-2.882055 1.944690 1.329791 -1.759208 0.936397 0.821920 -2.188710 2.579840 -1.460382 -0.114201 0.930371 -0.935749 -0.143943 
-2.865116 2.008493 1.336996 -1.758271 0.949581 0.848462 -2.215972 2.517670 -1.557423 -0.098031 0.850425 -0.961779 -0.200099 
-2.866958 1.895673 1.229830 -1.735816 0.926294 0.870174 -2.124640 2.441267 -1.615761 -0.057295 0.877798 -0.921494 -0.160574 
-2.736798 1.929846 1.225884 -1.689152 0.952079 0.858688 -2.137247 2.498555 -1.538350 0.054154 0.937970 -0.828094 -0.063686 
-2.733965 2.023783 1.190628 -1.567598 1.073996 0.856716 -2.106579 2.369893 -1.557573 -0.093793 0.840934 -0.872752 -0.072156 
-2.759718 2.098512 1.158545 -1.734886 0.932215 0.723273 -2.178299 2.374442 -1.561407 -0.089699 0.811765 -0.861679 -0.141990 
-2.713744 1.999172 1.185258 -1.776917 0.915487 0.761097 -2.204964 2.408508 -1.576519 -0.055081 0.864758 -0.831321 -0.128314 
-2.859014 1.877431 1.222218 -1.623375 0.999600 0.744466 -2.212658 2.357411 -1.480265 -0.112263 0.993707 -0.931839 -0.119120 
