-2.878057 1.909044 1.332746 -1.734278 1.007309 0.887382 -2.238661 2.501093 -1.537637 -0.057395 1.036888 -0.882938 -0.086252 
-2.894580 1.940605 1.343748 -1.599193 1.000398 0.846839 -2.114871 2.466873 -1.487390 0.001629 0.990291 -0.869473 -0.049174 
-2.912431 1.780416 1.222373 -1.534922 0.882483 0.724405 -2.049364 2.335538 -1.491277 -0.034842 0.855113 -0.918388 -0.096161 
-2.783175 1.901773 1.091665 -1.748643 0.836404 0.672424 -2.149248 2.381608 -1.518046 -0.148329 0.882209 -0.744525 0.056278 
-2.764970 1.952698 1.159844 -1.798262 0.883589 0.781114 -2.097183 2.634099 -1.540766 -0.113570 0.710547 -0.904455 -0.153156 
-3.036706 1.785244 0.689926 -1.863815 0.912460 0.830362 -1.849200 2.207199 -1.470738 -0.000930 0.915762 -0.673387 -0.316896 
-2.986090 1.585804 0.824626 -1.935103 0.839616 0.916809 -2.111419 2.002693 -1.170457 -0.198708 0.934754 -0.469388 -0.286516 
-2.751135 1.488849 1.430904 -1.828263 0.914452 1.199357 -2.411630 2.193534 -1.310188 -0.243765 0.842019 -0.568972 -0.250369 
-2.860684 1.946027 1.306908 -1.637146 1.072328 0.817784 -2.236995 2.432663 -1.511704 -0.140086 0.845697 -0.967191 -0.146914 
-2.906720 1.874348 1.330727 -1.675241 1.034951 0.781564 -2.347474 2.451982 -1.502570 -0.126354 0.964386 -0.971116 -0.142636 
-2.945149 1.967036 1.344018 -1.701616 1.110167 0.895784 -2.315773 2.454046 -1.495683 -0.111985 1.001050 -0.935430 -0.096495 
-2.924099 1.960813 1.349663 -1.771375 1.101905 0.900499 -2.348686 2.465038 -1.505380 -0.104274 0.991209 -0.964605 -0.142362 
-2.938818 1.944813 1.421947 -1.762133 0.994378 0.871960 -2.248808 2.495579 -1.558145 -0.090632 0.987308 -1.019931 -0.194408 
-2.934558 2.096074 1.457805 -1.722104 1.013097 0.835510 -2.207127 2.606471 -1.515223 -0.116721 1.021330 -0.959497 -0.129354 
-2.963847 2.107401 1.348357 -1.801113 1.070204 0.862862 -2.269737 2.601789 -1.520683 -0.199769 0.946395 -1.015329 -0.182053 
-3.034657 1.919894 1.281532 -1.849772 0.921263 0.793138 -2.372833 2.457718 -1.563401 -0.226342 0.965242 -0.983464 -0.176430 
-3.015397 1.954610 1.315585 -1.612183 1.058735 0.862159 -2.214057 2.501544 -1.454365 -0.047804 1.025919 -0.863287 -0.023797 
-7.876978 0.676236 2.476611 0.450915 -0.823672 0.278542 0.127850 0.875248 0.171111 -0.623783 -1.279886 -1.282829 -1.370974 
-6.891755 1.144512 2.411971 -0.013399 -1.229447 -0.155023 -0.398294 0.648912 0.057851 -0.224795 -0.637596 -0.674182 -0.885944 
-4.447372 1.249952 1.636136 -0.949015 -0.466574 0.070859 -1.441350 0.896581 -0.638613 0.155624 0.708941 -0.719816 0.209819 
-5.501159 0.542185 1.174541 0.163185 0.319663 0.234532 -0.391048 1.324764 -0.426064 0.382182 0.698023 -1.096874 -0.227826 
-5.580545 0.170552 0.805116 0.885637 0.312559 -0.467646 -0.904697 0.633037 0.658936 -0.248298 0.362973 -0.737941 -0.457957 
-4.781523 1.028895 0.013132 -0.182312 0.310189 -0.834916 -1.734447 0.936770 0.501460 0.398442 0.797231 -0.258487 0.094886 
-2.305738 3.614532 -1.410100 -0.771377 1.532422 -1.064219 -1.907562 1.228325 -1.139239 0.933992 0.814129 -0.404976 -0.060877 
-1.333542 4.111504 -3.784608 -1.239057 1.766728 -2.171932 -2.042398 0.911982 -1.592832 1.153240 0.769691 -0.341734 -0.072895 
-1.034263 4.169084 -4.685979 -0.564389 1.843921 -3.063124 -1.557090 0.956861 -1.668436 1.420857 1.140913 -0.357015 0.094683 
-1.850635 3.730280 -5.224910 -0.668237 1.614253 -3.044594 -1.100843 0.823465 -1.315216 1.258809 1.295219 0.029259 -0.058475 
-2.801789 2.342045 -3.558989 -1.221882 0.507108 -1.619171 -0.891551 0.310316 -0.731992 1.269714 0.953790 0.160091 -0.405912 
-2.945410 1.818107 -3.977878 -1.544127 -0.065353 -1.976399 -0.735584 0.417380 -1.083163 0.838643 0.631703 0.322077 -0.388023 
-2.794464 2.552014 -5.222954 -1.309650 0.635151 -2.560676 -0.405635 0.635328 -1.201913 0.964731 1.166923 0.079860 -0.544637 
-2.186195 3.002067 -5.584535 -1.298614 0.824635 -2.751519 -0.172069 0.956907 -1.779140 1.286793 1.365997 0.127690 -0.399864 
-2.656476 2.605017 -4.518161 -1.898589 0.354132 -2.069080 -0.694860 0.949767 -1.591146 1.263879 1.319323 0.836762 -0.400067 
-3.214622 2.753264 -3.900662 -2.618922 -0.077688 -1.598149 -0.917889 0.723906 -1.079242 1.442674 1.304788 0.529200 -0.565790 
-3.767873 1.861360 -3.214037 -2.748264 0.376424 -0.847896 -1.194272 0.903171 -1.097729 1.097173 2.041489 0.409170 -0.786442 
-3.670086 2.139050 -1.822439 -2.862130 0.363551 -0.488863 -1.719615 1.505051 -1.175041 1.144922 1.782686 0.423661 -0.265237 
-2.731061 2.362010 0.839112 -2.162888 0.882067 0.362011 -2.527282 2.547524 -1.503440 0.296459 1.200035 -0.467189 0.002691 
-2.985930 2.072192 1.163204 -1.857955 1.059356 0.784420 -2.289845 2.424308 -1.552138 -0.110817 1.057709 -0.842896 -0.218148 
-3.099028 2.126722 1.332254 -1.678696 1.021516 0.719896 -2.028083 2.767537 -1.472269 0.086861 1.171366 -0.895676 -0.214468 
-3.077692 2.009058 1.348617 -1.760694 0.997187 0.889510 -2.050349 2.658819 -1.593312 -0.077044 1.053524 -0.932155 -0.327861 
-2.962694 2.129231 1.300006 -1.757143 1.115282 0.939553 -2.195732 2.533804 -1.560348 -0.154185 1.061536 -0.914449 -0.268978 
-3.022502 2.016579 1.323605 -1.682407 1.005607 0.860932 -2.175748 2.490943 -1.557368 -0.212619 1.016853 -1.000378 -0.240353 
-2.943494 2.101590 1.424278 -1.600067 1.086281 0.940631 -2.149536 2.611082 -1.509896 0.042621 1.091398 -0.846167 -0.180686 
-2.699053 2.128129 1.329881 -1.522918 1.122294 0.941206 -2.087383 2.423603 -1.633483 -0.036060 0.814282 -0.864783 -0.086566 
-2.830398 2.345690 1.106241 -1.656586 0.617250 0.720798 -1.865862 2.074751 -0.998516 0.327402 0.615920 -0.696206 -0.182395 
-2.916885 2.177334 1.040719 -1.733944 0.329565 0.394981 -1.816860 2.301226 -0.839261 0.393773 0.858829 -0.587598 -0.366145 
-4.092430 1.420355 0.236410 -1.328438 0.355329 -0.433497 -1.899525 2.009884 -0.174697 -0.691531 1.023670 -0.229921 -0.285180 
-4.302362 1.295947 0.345845 -0.983643 0.677151 0.001337 -1.766567 1.702440 -0.087630 -0.241013 1.199074 0.055743 -0.328380 
-3.825035 1.502187 0.451690 -1.723472 0.650236 0.618320 -1.978330 1.496407 -0.817080 -0.104991 1.159527 -0.268698 -0.694845 
-3.016117 2.098510 0.330962 -1.718399 1.097783 0.624363 -2.283821 1.546121 -1.066823 -0.348021 1.093642 -0.599858 -0.466872 
-2.984657 2.223728 0.554667 -1.325574 1.303697 0.597614 -2.215638 1.431838 -1.143155 -0.483324 0.758638 -1.100097 -0.460194 
-3.169084 2.015046 0.899796 -1.654951 0.982669 0.811660 -1.955865 2.054686 -1.375619 -0.228291 0.912803 -0.702185 -0.344189 
-2.822487 1.871917 1.063482 -1.589165 0.963368 0.815995 -1.962250 2.255524 -1.601583 -0.128153 0.835868 -0.811052 -0.066756 
-2.848924 1.922331 0.962506 -1.722887 0.942389 0.812156 -1.964260 2.233001 -1.498200 -0.113694 0.880664 -0.785794 -0.033524 
-2.950231 1.917428 0.921216 -1.628295 0.969384 0.549251 -2.226445 2.184835 -1.179050 -0.046019 1.122033 -1.048486 -0.311734 
-3.086689 1.876406 1.148514 -1.434960 1.057939 0.712230 -2.085830 2.179714 -1.356483 -0.231255 0.940052 -0.990448 -0.150377 
-3.090556 1.748313 1.183377 -1.634754 0.930825 0.824884 -2.075502 2.261662 -1.472443 -0.114362 0.891284 -0.921134 -0.136953 
-2.811028 2.042442 1.396618 -1.628052 1.031862 0.854530 -2.205044 2.498762 -1.528004 -0.026205 0.890340 -0.910709 -0.159071 
-2.840399 2.032301 1.251421 -1.615500 1.018499 0.777958 -2.172799 2.324125 -1.480219 -0.097120 0.921971 -0.892328 -0.163408 
-2.927754 1.984968 1.243993 -1.633963 0.985845 0.746854 -2.158878 2.361160 -1.482295 -0.137140 1.006335 -0.930227 -0.175921 
-2.897964 1.868896 1.282071 -1.701798 1.046077 0.880178 -2.186014 2.470895 -1.581892 -0.095040 1.003772 -0.937930 -0.181985 
-2.911438 2.097393 1.485597 -1.747037 1.056730 0.886475 -2.284245 2.576910 -1.540722 -0.127320 0.934979 -1.022934 -0.163386 
-3.016901 2.058460 1.458802 -1.689891 1.089522 0.899170 -2.229546 2.506452 -1.476148 -0.165265 1.026618 -1.000674 -0.146489 
-2.903966 2.094840 1.485785 -1.734467 1.071885 0.883690 -2.335896 2.547757 -1.483842 -0.104441 1.109102 -0.905070 -0.103473 
-3.048614 2.082373 1.429434 -1.851909 1.030215 0.932289 -2.312560 2.509435 -1.460472 -0.095193 1.038661 -0.794559 -0.087553 
-3.029572 2.012321 1.363476 -1.760276 1.024420 0.815407 -2.366790 2.498315 -1.530778 -0.217206 0.942715 -0.936533 -0.194519 
-3.044949 1.874355 1.383906 -1.817668 0.863978 0.805611 -2.338346 2.543875 -1.614601 -0.112733 0.952604 -0.969177 -0.144604 
-2.782231 2.105841 1.439458 -1.545660 1.101564 0.949956 -2.115126 2.644000 -1.478958 0.097351 0.894238 -0.903667 -0.124984 
-2.642441 2.097378 1.269646 -1.545491 1.028059 0.801588 -2.126343 2.353917 -1.555779 0.103818 0.902230 -0.973772 -0.155418 
-2.807524 1.850098 0.986769 -1.541928 1.013793 0.673382 -2.076509 2.264006 -1.469223 -0.057040 0.958596 -0.889903 -0.144809 
-2.872253 1.758584 0.935604 -1.580336 1.080588 0.735079 -2.114894 2.307460 -1.417622 -0.099524 1.010121 -0.858057 -0.146044 
-2.802628 1.925933 1.215945 -1.733622 1.025687 0.879734 -2.181871 2.497168 -1.461233 -0.043080 0.955359 -0.872319 -0.080790 
-2.818910 1.946769 1.153707 -1.697490 0.985749 0.820650 -2.127621 2.348341 -1.573648 -0.132733 0.904714 -0.875614 -0.112450 
-2.912736 1.991955 1.144146 -1.669769 0.941146 0.712728 -2.153780 2.378865 -1.525039 -0.097950 0.835857 -0.895620 -0.093269 
-2.871209 1.812333 1.056963 -1.674984 0.823032 0.695548 -2.021751 2.343712 -1.537052 -0.096336 0.881122 -0.905892 -0.089636 
-2.913818 1.798226 1.129761 -1.630128 0.763340 0.699711 -1.915739 2.354166 -1.446461 -0.142156 0.957912 -0.856996 -0.084488 
