-2.859622 1.942457 1.327084 -1.706924 1.049445 0.902834 -2.210913 2.470996 -1.537756 -0.060456 1.004844 -0.932437 -0.144885 
-2.837783 1.933602 1.263109 -1.670412 1.003694 0.773434 -2.227542 2.401372 -1.559240 -0.090956 0.898169 -0.906495 -0.096778 
-2.939390 1.937360 1.090873 -1.727991 0.916363 0.652124 -2.155477 2.479759 -1.271290 0.051549 0.889912 -1.066236 -0.179698 
-3.005133 1.953981 1.318881 -1.538298 0.907414 0.708686 -2.147963 2.224524 -1.472825 -0.147681 0.939043 -0.969474 -0.120894 
-2.988009 1.915040 1.200299 -1.616515 0.909090 0.779771 -2.053561 2.224207 -1.478175 -0.129800 0.936163 -0.892547 -0.114458 
-2.925501 2.076826 1.172096 -1.699618 0.953893 0.778555 -2.062559 2.331492 -1.474431 -0.062631 0.957936 -0.868342 -0.092666 
-2.960761 1.973055 1.244003 -1.684753 1.016274 0.796821 -2.243401 2.308168 -1.555110 -0.097478 0.961103 -0.930963 -0.083716 
-3.034185 1.909086 1.352188 -1.695076 0.889262 0.714046 -2.328319 2.259385 -1.520029 -0.111409 0.994475 -0.797386 0.011176 
-3.037685 1.988208 1.383162 -1.726308 0.938308 0.715998 -2.385613 2.317298 -1.532571 -0.155679 0.914507 -0.963818 -0.143262 
-3.046772 2.020582 1.430011 -1.726575 1.089926 0.874142 -2.366304 2.434605 -1.574288 -0.138600 0.972570 -0.943691 -0.180388 
-2.939031 2.082982 1.397303 -1.741355 1.140644 0.889553 -2.257885 2.511803 -1.617666 -0.249857 1.058718 -0.904398 -0.199223 
-3.014886 2.060436 1.339378 -1.768434 1.107491 0.931377 -2.229551 2.501685 -1.594808 -0.218161 1.030835 -0.905434 -0.104746 
-2.957714 2.085250 1.421195 -1.774975 1.081076 0.929519 -2.290950 2.566336 -1.601327 -0.104376 0.889127 -0.939592 -0.170677 
-2.976670 1.958540 1.370128 -1.797919 0.995683 0.805677 -2.433183 2.446047 -1.644117 -0.235384 0.890330 -1.032919 -0.212228 
-3.014930 1.927825 1.291714 -1.660062 1.009189 0.810534 -2.215559 2.483672 -1.538661 -0.114983 1.050601 -0.880129 -0.079429 
-2.866371 2.113138 1.412707 -1.502562 1.122588 0.892646 -2.139028 2.521349 -1.460961 0.005008 0.952445 -0.946083 -0.173344 
-2.766242 2.149430 1.328064 -1.492049 1.082961 0.794263 -2.181836 2.333028 -1.511878 0.035459 0.906499 -1.020963 -0.169473 
-2.849091 1.960537 1.026453 -1.475108 1.033136 0.625057 -2.055315 2.253380 -1.483257 -0.068513 0.902924 -0.921263 -0.098092 
-2.972861 1.755379 0.907135 -1.546786 1.020655 0.663819 -2.021072 2.275273 -1.387240 -0.127003 0.944544 -0.877014 -0.071674 
-2.863538 2.039000 1.197573 -1.653982 1.013990 0.813277 -2.078961 2.397460 -1.451263 -0.127304 0.928591 -0.864278 -0.076132 
-2.830715 2.049448 1.234324 -1.623632 1.019709 0.813831 -2.067416 2.459049 -1.447254 -0.149896 0.909015 -0.875990 -0.093357 
-2.897291 2.046036 1.197124 -1.632364 0.964828 0.726979 -2.133645 2.380060 -1.499933 -0.056291 0.877628 -0.897096 -0.099385 
-4.717469 2.779879 1.570948 -1.274000 -0.124732 0.829112 -0.338529 0.848561 -0.326663 -0.024158 0.688325 -0.882726 -0.650390 
-5.007045 1.847848 2.110246 -1.120010 -0.272596 1.205243 -0.682181 0.903660 -0.543875 -0.243723 0.001031 -0.174806 -0.619606 
-5.322737 1.618271 2.576870 -0.065827 0.183948 1.145414 -0.372552 0.863504 -0.863711 -0.348063 0.522829 -0.458215 -0.277501 
-4.670333 2.062245 2.127239 -0.287031 0.030868 0.708223 -0.364211 0.960943 -1.050155 0.233311 0.949126 -1.080650 -0.558274 
-4.935200 1.183354 1.606397 0.161358 -0.155021 0.103784 -0.433746 1.005352 -0.571852 0.308311 1.038968 -0.633497 -0.384948 
-4.877024 0.465991 1.160396 0.806248 0.325172 -0.342210 -0.711528 0.980952 -0.729052 -0.435188 0.677341 -1.067434 -0.299461 
-5.302819 0.437462 0.682734 0.920120 -0.297261 -1.216314 -0.315076 0.748411 -0.450823 0.318645 0.389081 -1.178102 -0.238687 
-5.763332 1.228357 0.992537 1.047221 -0.205170 -1.627392 -0.920560 0.688343 -0.809041 1.452582 0.735835 -0.883865 -0.124956 
-2.084126 4.842137 -2.230773 -1.257984 1.486953 -1.351957 -1.917588 0.782549 -1.528176 1.981421 0.035320 -0.715994 0.300890 
-1.635822 4.777158 -3.523226 -1.350134 1.590232 -2.007164 -2.091802 0.689824 -1.269776 1.612767 0.171963 -0.005994 0.360292 
-2.250332 3.439141 -3.107090 -1.012280 0.956100 -1.661952 -1.531571 0.226209 -0.845561 1.609251 0.738814 0.281061 0.125292 
-2.616337 2.905459 -3.983935 -1.322846 0.830126 -1.607734 -1.040224 0.098140 -0.874321 0.851431 0.345720 0.266088 -0.012639 
-2.568514 3.061650 -4.432432 -1.292129 1.039188 -1.854174 -1.056047 0.334247 -0.660713 0.463796 0.002454 0.081735 -0.318033 
-2.669771 2.600598 -4.797719 -1.235604 0.880234 -2.045961 -0.959740 0.189651 -0.662912 0.254360 -0.040012 0.175000 -0.365287 
-2.883445 1.999966 -4.569948 -1.440530 0.570674 -1.743551 -0.594510 0.550244 -0.591848 0.444586 0.209980 0.309118 -0.282458 
-3.184086 2.460443 -3.587076 -1.792981 0.438874 -1.506339 -1.017898 0.767267 -0.522213 1.299145 1.000169 0.454645 -0.459536 
-2.525985 2.863869 -4.033052 -2.349220 0.657570 -1.758301 -1.538653 1.311438 -1.227593 1.365626 1.048593 1.001413 -0.783700 
-2.912187 2.931209 -3.500370 -2.897409 0.588605 -1.240312 -1.711954 1.220282 -1.032617 1.179323 1.415235 0.535230 -0.865685 
-3.266626 2.730956 -2.981285 -3.221484 0.505660 -0.735771 -1.725538 1.328759 -0.985685 1.121734 1.762210 0.458197 -0.791893 
-2.830605 3.435359 -1.975797 -2.884740 0.867099 -0.599264 -1.898601 1.648775 -1.553243 1.119728 2.038056 0.465209 -0.345370 
-2.645008 2.529563 1.023060 -1.817241 0.794008 0.158772 -2.608295 2.155683 -1.456637 0.504136 1.009924 -0.608003 -0.034239 
-2.903797 1.963832 0.856077 -1.800186 0.945195 0.639394 -2.150323 2.300275 -1.268953 0.075923 1.060193 -0.792323 -0.087899 
-2.962115 1.974139 1.047656 -1.739578 0.987496 0.745044 -2.119343 2.355924 -1.460247 -0.038253 0.992594 -0.832277 -0.086426 
-2.892250 1.970550 1.132403 -1.708651 0.923607 0.787978 -2.077299 2.341456 -1.568377 -0.035877 0.937491 -0.901445 -0.158846 
-3.007257 2.005684 0.844172 -1.699503 1.020565 0.752860 -2.000564 2.162424 -1.448756 -0.134676 1.010668 -1.018795 -0.246330 
-3.112228 1.908299 0.739948 -1.680536 1.132944 0.775056 -2.061282 2.132388 -1.357487 -0.130120 0.964870 -1.078959 -0.226821 
-3.299173 1.765961 0.775118 -2.025678 0.266503 0.582565 -1.811466 1.902167 -1.348604 0.335527 1.099111 -0.830574 -0.115980 
-3.318048 0.975085 0.170135 -2.139744 -0.352114 0.197371 -1.641612 1.645728 -1.648529 0.539391 0.060819 -0.349631 -0.264937 
-2.854241 1.834172 0.309234 -2.280706 -0.576685 0.167369 -1.478515 1.754434 -1.705409 0.836296 -0.313497 -0.159893 -0.612844 
-3.211281 2.839001 0.147779 -2.643534 -0.891163 -0.071930 -1.356328 1.057314 -1.583697 0.554816 -0.002107 -0.304805 -0.380839 
-3.380709 2.860100 0.339916 -2.373181 -1.062574 -0.498131 -1.638975 0.727601 -1.817241 0.100269 0.346957 -0.223852 -1.005800 
-3.061954 2.184306 0.412845 -1.526675 0.131335 -0.217692 -2.050684 1.291227 -1.459371 0.103740 0.338697 -0.079587 -1.022899 
-3.306962 1.491377 0.652256 -0.957908 0.795640 0.195173 -2.055218 1.033747 -1.274851 -0.485560 0.801105 -0.607265 -0.576210 
-3.692302 1.884875 0.589571 -1.131874 1.043118 0.494732 -1.728443 1.111507 -1.035144 -0.340050 1.167951 -0.779496 -0.519529 
-3.320706 1.809503 0.693572 -1.523901 1.187313 0.835352 -2.179756 1.545867 -0.670297 -0.645661 1.000118 -1.078764 -0.472182 
-3.209923 1.990626 0.872474 -1.866549 1.123827 0.914229 -2.266011 1.785039 -1.745460 -0.587019 1.451760 -0.610223 -0.536531 
-2.919339 1.986824 1.053163 -1.822091 1.120640 0.903104 -2.203924 2.198581 -1.658211 -0.255998 1.110204 -0.863167 -0.223673 
-2.962204 2.163975 1.285981 -1.767987 1.115422 0.812913 -2.234745 2.514858 -1.616436 -0.186729 1.024963 -0.961658 -0.214821 
-2.944046 2.221512 1.357307 -1.766234 1.140374 0.883228 -2.234829 2.534572 -1.549842 -0.169273 1.017220 -0.988313 -0.176327 
-2.956092 2.126266 1.396862 -1.751086 1.028073 0.873863 -2.170266 2.538783 -1.492712 -0.139892 1.025319 -0.971620 -0.130424 
-2.984664 2.029516 1.408621 -1.770090 0.993550 0.897817 -2.211593 2.568089 -1.575987 -0.149078 0.938409 -1.027099 -0.208943 
-2.972139 1.928899 1.256465 -1.824667 1.013528 0.894561 -2.304330 2.449205 -1.629600 -0.144764 0.899820 -0.931940 -0.149877 
-2.902924 1.976568 1.298206 -1.707876 1.092755 0.959551 -2.259366 2.534455 -1.503896 0.030052 1.008617 -0.894501 -0.119893 
-2.820838 2.074183 1.412690 -1.545590 1.142085 1.007557 -2.167374 2.507570 -1.494807 -0.080590 0.859820 -0.896152 -0.137467 
-2.769787 2.126686 1.248263 -1.642867 0.909389 0.696265 -2.163733 2.374081 -1.481581 -0.095886 0.834223 -0.851475 -0.142647 
-2.776603 2.061548 1.082778 -1.662804 0.896819 0.608714 -2.077146 2.365476 -1.507251 -0.117484 0.946548 -0.888708 -0.094193 
-3.065956 2.036009 1.105500 -1.634523 1.003668 0.742862 -2.054626 2.300803 -1.392184 -0.118531 1.007324 -0.814296 -0.046413 
-3.270627 1.848072 1.318111 -1.555999 0.798438 0.819654 -1.874610 2.144891 -1.497331 0.041871 0.867617 -0.886546 -0.109240 
-3.251751 1.859900 1.222777 -1.545683 0.762779 0.757770 -1.813325 2.083021 -1.486689 -0.018888 0.889878 -0.970272 -0.104249 
-3.064280 2.068516 1.127510 -1.685984 0.860228 0.740497 -1.986332 2.218668 -1.449563 -0.077033 0.920441 -0.897135 -0.022350 
-3.117675 2.043411 1.077318 -1.676178 0.878198 0.790035 -1.953872 2.156750 -1.426804 -0.072958 1.018708 -0.921342 -0.022367 
-2.892661 1.814188 1.146989 -1.569656 0.907897 0.783271 -2.037436 2.322001 -1.314180 -0.062869 0.981843 -0.838539 -0.101088 
-2.911532 2.111893 0.464738 -1.829965 0.702346 0.518294 -1.618343 2.134323 -1.319916 0.207846 0.622676 -0.674204 0.009093 
