-2.883306 1.900298 1.326431 -1.704314 0.994555 0.863682 -2.230881 2.466358 -1.530570 -0.100525 1.013568 -0.914017 -0.114315 
-2.853961 2.043981 1.326865 -1.542520 1.066594 0.816026 -2.150416 2.446706 -1.498533 0.004542 1.054816 -0.772968 -0.081861 
-2.772933 2.011499 1.203132 -1.661119 1.020658 0.739657 -2.218888 2.406587 -1.572815 -0.041445 0.862045 -0.880374 -0.128698 
-2.852807 1.871508 1.012329 -1.798191 0.805142 0.645549 -2.156523 2.230955 -1.499152 -0.135117 0.823420 -0.860286 0.150693 
-2.908079 2.020869 1.242085 -1.758759 0.713892 0.545314 -2.065743 2.768508 -1.484322 -0.094894 0.564609 -0.838292 0.004028 
-2.789382 1.892439 1.321757 -1.628592 0.873395 0.663234 -2.284643 2.469886 -1.695973 0.030022 0.788291 -0.855717 -0.216463 
-2.851630 1.987472 1.286194 -1.664225 0.856483 0.759756 -2.111642 2.308643 -1.565714 -0.007930 0.891554 -0.872431 -0.122557 
-2.902795 2.027089 1.318478 -1.695400 0.944282 0.794335 -2.143919 2.420353 -1.521494 -0.056780 0.916782 -0.910353 -0.154907 
-4.520404 0.608239 0.011395 -0.814091 0.576560 -0.155719 -1.477410 1.065849 -0.787566 -0.533998 1.016133 -0.926051 -0.777857 
-4.738087 1.336567 0.779984 -0.187788 0.762036 -0.185252 -1.380260 1.990136 -0.861012 -0.342900 1.334947 -0.509983 -0.472623 
-3.682562 3.040236 2.199933 0.961621 0.755759 -0.022971 -0.093304 2.611305 -1.602295 0.144170 1.322894 -0.478935 0.210962 
-3.827222 3.428273 2.671228 1.002035 0.692364 0.383348 0.246317 2.487101 -1.885335 0.740322 1.311141 -0.622573 0.367604 
-3.599464 3.286674 2.610693 0.893663 0.804090 0.651271 0.133497 2.141939 -1.847474 0.968333 1.082011 -0.867374 -0.102387 
-3.256751 2.586249 2.689074 0.506051 1.155522 1.087485 -0.914142 2.090270 -1.572039 0.767190 0.301899 -0.713374 -0.165316 
-3.955361 2.309645 2.803645 0.039554 0.846449 1.115175 -1.274716 2.282593 -1.464401 0.789236 0.686422 -0.408444 0.081167 
-5.501086 2.581594 2.885184 0.889924 0.642944 0.024253 -0.726460 2.724443 -1.445292 -0.465202 1.007929 -0.566548 0.432408 
-5.618978 2.576532 2.378975 1.203285 1.153710 -0.293285 -0.725982 3.129692 -1.315539 -0.855917 1.678830 -0.965738 0.002337 
-2.720484 2.317102 1.493410 -1.233983 1.283613 1.086334 -2.001986 2.799037 -1.589204 0.337362 1.012587 -0.756558 0.002422 
-2.578245 2.258779 1.284193 -1.275184 1.064606 0.804011 -1.986951 2.439373 -1.621307 0.230896 0.688805 -0.861384 -0.105745 
-2.609411 2.179678 1.174561 -1.343393 0.886938 0.653828 -1.973890 2.126457 -1.519163 0.155835 0.697363 -0.815178 -0.053292 
-3.018507 1.949610 1.031951 -1.457150 0.868178 0.708663 -1.903463 2.204166 -1.375257 0.002644 0.787114 -0.848769 -0.068316 
-3.097450 2.902660 0.851753 -0.752969 1.166589 0.936669 -0.226897 2.867381 -1.154289 0.481949 1.325511 -0.313954 -0.278555 
-2.618129 3.365717 0.318439 -1.290452 0.694332 0.332717 -0.625414 2.303339 -1.543650 0.382670 0.825160 -0.081109 0.123807 
-2.415224 3.947204 -0.013320 -2.098225 0.942914 0.464983 -1.255207 1.970937 -2.051213 0.077342 0.190006 -0.635942 -0.120682 
-1.329549 5.323257 0.917659 -1.644029 1.892433 0.974654 -1.860065 2.427755 -3.137386 0.709325 -0.061253 -0.608434 0.404600 
-1.010545 5.915617 -1.166456 -1.377439 2.481072 0.584487 -0.840623 1.735125 -2.990571 0.692997 -0.455843 -0.546532 0.330266 
-1.518248 4.164308 -0.810855 -0.495021 1.720112 0.390182 -0.530764 1.043179 -2.452281 0.523902 -0.396938 -0.138527 0.291850 
-1.587930 4.515173 -1.882916 -0.795429 1.626848 -0.273668 -0.674426 0.446187 -2.581204 0.381342 -0.283489 0.050849 0.698074 
-1.367356 5.296119 -2.558279 -1.086837 1.533163 -0.846831 -0.764079 0.290131 -3.014911 0.493192 -0.423026 -0.051949 0.747369 
-1.394894 5.487447 -2.671985 -1.474922 1.219436 -1.179104 -1.037002 0.331424 -3.328880 0.394388 -0.489899 -0.002763 0.572063 
-2.027490 3.481424 -1.188365 -1.241242 0.408091 -0.704177 -1.258777 0.520420 -2.678423 0.485968 -0.444526 0.186192 0.430876 
-1.695927 3.928464 -0.826268 -1.105266 0.645001 -0.582636 -1.303551 0.808402 -2.530135 0.802902 -0.246593 0.090145 0.259027 
-0.425304 7.282538 -2.311183 -2.275924 2.223042 -0.949849 -1.867299 1.653291 -3.796350 1.026548 0.463506 -0.479201 -0.245313 
-0.670249 6.942062 0.149577 -2.018509 1.871280 -0.259953 -2.796844 1.809903 -3.657637 1.497402 0.622480 -0.888987 -0.570410 
-4.605607 2.033923 1.955925 -0.312795 0.968374 0.716265 -2.185906 0.735417 -0.987873 -0.314172 1.076451 -0.507108 -0.762442 
-5.685009 1.030687 1.142641 -0.921534 -0.157546 1.077573 -0.847677 0.121563 0.182140 0.434536 0.993581 -0.019842 -0.609851 
-5.071474 1.116101 0.866847 -1.483984 -0.238065 1.443843 -0.598423 0.525201 0.057734 0.418737 0.231696 -0.111095 -0.561758 
-4.743435 1.376136 0.825963 -2.083072 -0.663709 1.226706 -0.855014 0.796276 -0.362317 0.557358 0.134604 0.061757 -0.885952 
-4.615241 0.784990 0.591646 -2.017933 -0.731962 1.025695 -1.330634 0.252702 -0.639850 0.610816 -0.116000 0.047601 -0.835056 
-4.727973 0.582743 1.134784 -1.974188 -0.508895 1.842162 -1.161647 0.414028 -0.737641 0.722557 -0.391399 0.045616 -0.526061 
-4.974346 1.050354 1.035802 -2.269558 -0.839889 1.810894 -0.508123 0.598297 -0.648288 0.405638 -0.030506 0.427856 -0.687443 
-4.991274 0.919465 0.536601 -1.902187 -0.802192 1.025717 -0.962713 0.353540 -0.657439 0.728833 -0.119831 0.620000 -0.548454 
-5.192455 1.221784 1.204790 -2.082605 -0.649977 0.946855 -1.853566 0.615128 -0.847116 0.398943 -0.231754 0.658949 -0.522558 
-5.089710 1.793447 1.958517 -1.454420 -0.058768 1.497602 -1.450882 0.495144 -1.132342 0.644015 0.015010 0.565957 0.009163 
-3.598434 2.901687 1.388826 0.062840 1.280957 0.448613 -2.010398 0.321078 -1.022555 1.201930 0.333683 -0.774208 0.056442 
-2.185805 3.570915 -0.039062 0.426515 2.143497 0.374199 -1.110959 0.500817 -2.641121 0.791605 1.061119 -1.118188 -0.053740 
-1.822012 3.507479 -0.737230 0.328145 2.111699 -0.009161 -1.272169 0.038918 -2.927250 0.757912 0.992901 -1.029011 -0.510932 
-1.834764 3.484537 -0.893974 -0.086437 1.982276 -0.152951 -1.294418 0.712441 -2.621940 0.804389 0.738314 -1.129124 -0.592735 
-1.974649 3.562039 -0.724430 -0.800756 1.779783 0.272390 -1.475686 0.810219 -2.192720 0.888350 0.498497 -0.941882 -0.519515 
-2.159084 3.543058 0.137575 -0.360709 1.943244 0.693592 -1.472714 0.836194 -2.403010 0.463061 0.279115 -1.367531 -0.820117 
-2.822671 4.890446 0.250635 0.185957 3.448467 0.618799 -2.179268 1.173800 -2.690347 0.327859 1.051446 -1.758239 -0.892217 
-3.795746 3.861738 1.493253 0.169508 2.793219 1.117203 -1.533359 3.039794 -2.918711 0.593015 2.628008 -1.679084 -0.831317 
-2.403368 2.939690 1.471705 -1.343718 0.768376 0.755239 -1.787715 2.480372 -1.965075 0.584566 0.671260 -0.360274 0.092185 
-2.264231 2.892279 1.432351 -1.342877 0.734162 0.724632 -1.790951 2.443471 -1.986103 0.638362 0.555302 -0.375607 0.060521 
-3.322980 2.530035 1.278175 -1.096259 1.540130 1.454962 -1.417989 2.977489 -1.483105 0.434611 1.446475 -0.647200 0.102319 
-3.185658 2.909384 1.623754 -1.109468 1.519888 1.051885 -2.183528 2.546467 -1.703314 0.269198 1.247686 -1.046287 0.081925 
-3.258629 2.546552 1.044493 -0.967994 1.614544 0.921483 -2.167740 1.784765 -1.528372 0.052528 1.102661 -1.065595 -0.144257 
-3.314764 2.469812 0.256096 -1.509752 1.566378 0.951492 -2.127764 1.273313 -1.405022 0.393591 1.369628 -1.176987 -0.389758 
-3.256446 2.703841 -0.586269 -1.788324 1.919215 1.112066 -1.594765 1.103938 -1.143997 0.411482 1.232116 -1.324613 -0.654016 
-3.323203 2.473835 -0.173794 -1.577140 1.770229 1.091048 -1.663268 1.133233 -1.254174 -0.003727 1.099520 -1.011606 -0.645796 
-3.652579 1.595509 0.447134 -1.387356 1.186705 0.575815 -1.971805 1.737637 -0.972097 -0.251174 1.253264 -0.542115 0.162984 
-3.661584 1.652637 -0.019942 -1.366784 1.593078 0.633510 -2.071254 1.333578 -1.186706 -0.526515 1.240628 -0.589542 0.130805 
-3.349378 1.938861 0.097621 -1.918530 1.618316 1.130276 -1.901950 1.637433 -1.559035 -0.324118 1.428369 -0.622981 -0.191419 
-3.224780 1.939829 0.611588 -1.903314 1.443440 1.186201 -1.962338 2.098001 -1.695346 -0.329302 1.162523 -0.779914 -0.115862 
-3.099877 1.946520 1.205230 -1.760194 1.099896 0.874442 -2.345945 2.317321 -1.500829 -0.181071 1.143713 -0.974678 -0.125939 
-2.951077 1.782209 1.416234 -1.715836 0.773732 0.636921 -2.385985 2.569918 -1.520752 -0.098424 1.088712 -0.902390 -0.180352 
-2.888337 1.921750 1.265677 -1.658659 1.053097 0.890550 -2.211960 2.631446 -1.483897 0.006662 1.113599 -0.634650 0.016721 
-2.679137 2.322985 1.306267 -1.580754 1.149973 0.991191 -1.995865 2.522692 -1.575286 -0.104220 0.725597 -0.779032 -0.025903 
-2.580980 2.203535 1.178851 -1.624015 1.016171 0.694209 -2.211396 2.460552 -1.536977 -0.142015 0.683702 -0.737473 -0.138707 
-2.596824 1.904033 1.246945 -1.651973 0.869628 0.621149 -2.320722 2.454210 -1.518234 -0.040683 0.750085 -0.773950 -0.163801 
-2.718067 1.656943 1.229590 -1.692068 0.874999 0.821535 -2.142803 2.491563 -1.432682 -0.013258 0.888990 -0.879227 -0.139013 
-2.890622 2.001292 1.160044 -1.690869 0.951120 0.798382 -2.017339 2.426899 -1.382086 -0.062489 0.895339 -0.876910 -0.091750 
-2.977137 1.953592 1.148631 -1.605051 0.995281 0.750226 -2.071548 2.401065 -1.408933 -0.091944 0.868048 -0.915477 -0.094517 
-2.876190 1.951648 1.055790 -1.698283 0.930362 0.685306 -2.139900 2.394990 -1.452224 -0.099773 0.853963 -0.813413 -0.105894 
-2.824145 2.001766 1.002734 -1.704614 0.908149 0.701637 -2.055934 2.330794 -1.439414 -0.099676 0.911390 -0.810972 -0.052094 
