-2.984780 1.878286 1.330079 -1.798090 1.051445 0.899378 -2.283877 2.476096 -1.408819 -0.158148 1.122064 -1.028836 -0.051758 
-2.916543 1.830155 1.288895 -1.559615 1.091903 0.676038 -2.365765 2.522952 -1.133362 -0.103265 0.941807 -1.272170 -0.124778 
-2.942147 1.967467 1.266347 -1.683424 1.055797 0.781611 -2.247126 2.441188 -1.436639 -0.165098 1.110739 -0.899138 -0.102753 
-2.930769 1.913598 1.326043 -1.700971 0.988846 0.831002 -2.230328 2.383789 -1.501270 -0.222539 1.007794 -0.948974 -0.161746 
-2.910053 2.000592 1.281553 -1.722821 1.021736 0.818940 -2.195157 2.465866 -1.533112 -0.165673 0.980825 -0.894504 -0.157528 
-2.885367 2.089662 1.340639 -1.679504 1.028998 0.777233 -2.143041 2.558632 -1.526753 -0.133096 1.030173 -0.929804 -0.166690 
-2.864657 2.009123 1.509805 -1.583531 1.073951 0.834134 -2.184274 2.677780 -1.512327 -0.156153 1.097440 -0.906513 -0.058418 
-2.977494 2.088145 1.508667 -1.685244 1.082186 0.827367 -2.315370 2.669978 -1.561487 -0.174140 0.938744 -1.050038 -0.228156 
-3.073701 1.883366 1.352377 -1.789628 0.898771 0.830448 -2.303363 2.406182 -1.634932 -0.066232 0.955050 -1.033474 -0.212178 
-3.012750 2.051274 1.337339 -1.605510 1.030886 0.889908 -2.046099 2.527577 -1.493224 -0.043051 1.101960 -0.860191 -0.103278 
-2.751764 2.096659 1.277672 -1.503197 1.097780 0.936760 -1.946012 2.545453 -1.512427 -0.069447 0.777433 -0.923160 -0.181815 
-2.700062 2.118022 1.146185 -1.620133 0.909471 0.669407 -2.046323 2.442613 -1.527071 -0.102432 0.802886 -0.871343 -0.141582 
-2.740725 1.933277 1.130833 -1.628688 0.862985 0.591218 -2.128735 2.409999 -1.532605 -0.074687 0.927789 -0.867815 -0.127998 
-3.460897 1.632982 -0.099407 -1.370490 0.689010 0.183446 -1.034530 2.153677 0.097343 -1.863470 0.526986 -0.822382 -0.051752 
-3.581226 1.322998 -0.088711 -1.836986 0.160719 0.458111 -1.405670 1.692492 -0.448338 -0.766182 0.394732 -0.423842 -0.115100 
-3.459938 2.503096 1.839129 -0.250147 0.615973 0.847413 -0.601970 2.526462 -0.868953 0.193352 0.859236 0.212118 0.334075 
-4.862725 3.490188 3.196759 1.467814 0.829329 0.185777 0.122873 2.723348 -1.197417 0.578263 1.161142 -0.433489 0.283845 
-4.189198 2.435247 2.068825 1.198963 0.889213 0.327766 0.135033 2.072000 -1.449681 1.032052 1.307724 -0.424936 0.456210 
-2.932340 2.422151 1.133704 0.215875 1.056478 0.580970 -0.338995 2.074347 -1.627458 1.077707 0.947808 -0.455501 0.379553 
-3.344453 2.170743 1.234437 -0.038408 0.868806 0.575560 -0.487365 2.123802 -1.741585 1.031439 0.944205 -0.402387 0.491398 
-5.231620 1.637487 1.718596 0.720861 0.915009 0.412831 -0.072917 2.035310 -1.923700 0.103377 0.678899 -0.645228 0.352291 
-4.097887 1.513788 1.161990 0.057540 0.668693 0.079736 -0.759523 2.252669 -1.507375 -0.137577 0.756505 -0.841440 0.102318 
-3.074900 2.185404 0.531842 -1.033298 1.047740 0.505095 -1.551270 2.093892 -1.402551 0.047607 0.826832 -0.973747 -0.144052 
-2.802676 2.271979 0.968099 -1.791790 0.992786 0.820920 -2.205666 2.459899 -1.721074 0.176220 0.917095 -0.768201 -0.071260 
-2.761269 2.113850 1.209785 -1.454174 1.056298 0.807483 -2.102023 2.463658 -1.573505 0.060551 0.880174 -0.864785 -0.150293 
-2.701739 1.982818 1.224181 -1.453371 1.009226 0.769262 -2.101410 2.406007 -1.569863 -0.006246 0.911810 -0.900586 -0.195071 
-3.030004 2.299171 0.266455 -1.576690 0.878857 1.627946 -0.449387 1.296754 -1.864749 -0.226290 -0.131024 -0.567304 -0.353378 
-3.272302 2.852679 0.324034 -1.369083 1.591184 1.780924 -0.519680 1.458382 -1.741168 -0.663133 -0.315409 -1.106858 -0.550964 
-2.802853 4.214498 -0.414433 -1.579534 2.228123 1.115051 -0.806443 2.057145 -1.775040 -0.562784 0.172446 -0.556792 0.155759 
-2.729756 2.973896 -0.336043 -1.375785 1.455010 0.789815 -0.796674 1.936621 -1.565910 0.007986 0.587996 -0.364589 0.543994 
-1.656784 4.996815 0.867014 -0.496732 2.452119 0.620028 -1.908367 2.364161 -2.392228 0.326101 -0.140207 -1.010461 0.695716 
-0.930317 6.698813 -2.380292 -0.548409 3.640550 -0.477172 -1.027723 1.481564 -3.594772 0.973798 0.556997 -1.317974 0.902392 
-1.441997 5.220930 -1.585528 -0.259422 2.033449 -0.554078 -0.499485 0.604220 -3.878467 0.676607 -0.223404 -0.831980 0.479851 
-1.843700 4.215235 -1.264860 -0.631297 0.944141 -0.633920 -0.898234 -0.088400 -3.604059 0.431386 -0.230426 -0.058208 0.085164 
-1.982184 3.433835 -1.034334 -0.960948 0.832121 -0.325511 -1.219333 0.100544 -3.014997 0.429495 0.278219 0.126554 -0.260620 
-1.757169 3.754384 -1.525992 -1.314811 0.766509 -0.448098 -0.782178 0.736998 -2.481100 0.824254 0.179074 -0.046700 -0.142292 
-1.599035 4.456622 -1.962645 -1.349664 1.129304 -0.574345 -0.653293 0.793121 -2.602568 1.115845 0.436061 -0.322204 -0.116334 
-1.481780 5.050720 -1.869913 -1.206656 2.161413 -0.710501 -1.956610 0.678737 -2.867704 0.826538 0.888216 -0.683820 -0.249481 
-3.110533 3.651269 0.474545 -0.811954 1.947355 0.272089 -3.028646 0.299891 -1.909536 1.163919 1.756295 -0.720302 -0.521151 
-5.460381 1.177156 1.670008 -1.189258 -0.126788 1.500772 -1.106822 0.391992 -0.415602 0.934477 -0.068158 -0.575941 -0.435563 
-4.981475 0.686780 0.754765 -1.442874 -0.821536 0.864945 -1.080182 0.110306 -0.416363 0.390465 -0.663355 0.117888 0.079515 
-4.634064 0.908917 1.251455 -1.451177 -0.721542 1.028778 -1.066721 0.727608 -0.188756 0.247709 -0.366131 0.370536 -0.082939 
-4.742677 1.559813 1.993953 -1.206766 -0.807849 0.779222 -1.061674 0.950211 -0.135859 0.654367 0.211861 0.031598 -0.560363 
-5.306414 1.246481 1.301267 -1.284135 -0.729009 0.921600 -0.611137 0.671911 -0.385932 1.184951 0.113279 -0.173473 -0.740538 
-5.283691 0.939746 1.030820 -1.412591 -1.122903 0.562475 -1.346888 -0.536071 -1.170840 1.088452 -0.604618 -0.350728 -0.994546 
-5.147735 0.885472 1.490189 -1.619877 -0.588187 1.158898 -2.008308 0.004846 -1.162191 0.625506 -1.334808 0.152991 -0.442311 
-6.057338 0.430437 1.132053 -1.291384 -0.654149 1.151115 -0.611724 0.547929 -1.080225 -0.358725 -0.947838 0.186589 -0.797197 
-5.818586 1.171783 1.358688 -1.190737 -0.922165 0.471593 -0.688059 0.808435 -1.161476 -0.414529 -0.266804 0.335158 -1.161630 
-4.394871 1.219666 1.211144 -1.103306 -0.117553 0.486247 -1.581518 0.962958 -0.824588 0.183446 0.044908 0.237247 -0.373271 
-2.726168 2.670551 0.867711 0.266155 1.556808 0.667203 -1.320146 0.720280 -1.947851 0.615609 0.819907 -1.032661 -0.933154 
-2.121183 2.894829 0.244590 0.913602 1.927181 0.157133 -1.040831 0.545580 -2.908942 0.955668 0.795175 -1.402823 -0.876989 
-2.297979 3.214501 0.036015 0.968074 1.883571 -0.323970 -1.057561 0.463774 -2.972107 1.325308 1.190648 -1.528051 -0.789426 
-2.502064 3.421660 -0.074508 0.058577 1.810829 -0.030471 -1.324247 0.961433 -2.129394 0.939830 1.040077 -1.122276 -0.485400 
-2.155842 3.122921 0.387675 -0.262856 1.969450 0.556630 -1.727934 1.364445 -2.199257 0.600524 0.913937 -1.177104 -0.844571 
-2.139710 3.744597 0.035575 -0.116420 3.020358 0.560877 -1.941198 1.770892 -3.076324 0.921382 2.113868 -1.708381 -1.404496 
-2.591618 4.562317 -0.053424 -0.307379 3.726355 0.332057 -2.088514 3.530440 -3.045413 0.495711 2.850220 -1.748869 -0.775826 
-2.647455 2.206367 1.124365 -0.974861 1.115672 0.824451 -1.722497 2.421155 -1.438517 0.278940 0.748987 -0.782306 0.043493 
-2.592378 1.997574 1.045777 -1.093932 0.926915 0.782367 -1.760164 2.350002 -1.518698 0.313720 0.614183 -0.734104 0.054740 
-3.376940 2.768754 2.078743 -0.878134 1.948004 1.504588 -2.527230 3.266372 -1.784781 0.647612 1.817329 -1.190052 -0.220490 
-2.959974 2.182204 1.221766 -1.183880 1.168142 0.838703 -1.966141 2.486689 -1.469935 0.248882 1.110013 -0.882378 -0.082250 
-3.286577 2.042285 1.120793 -1.104361 0.963030 0.616049 -1.731029 2.187314 -1.271683 0.207155 1.078250 -0.971082 -0.029957 
-3.537362 1.812173 0.578136 -1.958958 0.585993 0.688147 -1.633367 2.003437 -1.546120 -0.003644 1.292382 -0.785411 -0.304812 
-3.084673 2.372350 0.146344 -2.247054 1.216937 1.034438 -1.869142 1.929152 -1.643570 0.084443 1.392108 -0.488736 -0.380322 
-3.452619 1.834764 -0.241035 -1.532987 1.682033 0.847403 -1.882891 1.481541 -0.872426 0.060394 1.874540 -0.764442 -0.336862 
-3.360399 1.551718 0.310730 -1.251764 1.484373 0.729589 -2.053511 1.567188 -0.946779 -0.007789 1.626549 -0.837229 -0.211270 
-2.857911 2.318652 0.728601 -1.918980 1.183959 0.909231 -1.974679 2.265891 -1.606605 0.060180 1.096341 -0.657229 -0.217353 
-2.958573 1.991833 0.875122 -1.689265 1.101081 0.822147 -2.053643 2.307604 -1.456701 -0.067913 0.949065 -0.716965 -0.041785 
-2.810318 2.034631 0.920410 -1.782518 1.022943 0.865840 -2.035050 2.287622 -1.608778 0.052144 0.966383 -0.633965 -0.093988 
-2.704834 2.071879 1.081766 -1.648458 0.947376 0.782562 -2.001449 2.351266 -1.502378 -0.005871 0.911921 -0.756366 -0.065619 
-2.777798 2.071033 1.139513 -1.569824 0.976836 0.745845 -2.010703 2.364816 -1.485552 0.005343 0.842781 -0.826047 -0.083395 
-3.422016 2.094976 0.905638 -1.474986 0.738718 0.370253 -1.855063 1.954955 -0.871376 -0.460856 1.005919 -0.747430 -0.008603 
-3.578669 2.071210 0.926946 -1.608559 0.416035 0.348685 -1.680840 1.929112 -0.723750 -0.563972 1.101346 -0.693796 0.101920 
-3.095425 2.360954 0.847374 -1.858339 0.979177 0.831215 -1.792607 2.209502 -1.615030 -0.023656 0.864625 -0.938540 -0.130947 
-3.038785 2.226192 0.856889 -1.698792 1.083615 0.638093 -2.069386 2.309087 -1.427761 -0.061064 0.806830 -0.896867 -0.095861 
-2.809101 2.024172 1.288379 -1.551255 1.066140 0.767899 -2.187241 2.430394 -1.566456 -0.157728 0.956196 -0.840866 -0.072155 
