-2.878865 1.879403 1.392046 -1.742640 1.035220 0.909983 -2.284249 2.507775 -1.576359 -0.135502 1.070463 -0.909444 -0.142233 
-2.963865 1.822709 1.342101 -1.705019 1.032175 0.861842 -2.268317 2.467143 -1.508482 -0.099524 1.086679 -0.913551 -0.117857 
-2.980354 2.002054 1.427564 -1.658720 1.033421 0.780554 -2.257531 2.522443 -1.523446 -0.122821 1.122411 -0.976127 -0.166175 
-2.914076 1.920025 1.399562 -1.695662 1.006809 0.809276 -2.314830 2.471501 -1.570203 -0.130399 1.065143 -0.936273 -0.189964 
-2.947102 2.034055 1.501022 -1.718557 1.049791 0.897995 -2.265373 2.544175 -1.544727 -0.117031 1.066583 -0.976144 -0.105774 
-2.963000 2.019215 1.466700 -1.701658 1.061428 0.856313 -2.328218 2.526544 -1.459033 -0.043898 1.042299 -0.958550 -0.109435 
-3.114549 2.034566 1.434413 -1.851669 0.921460 0.789922 -2.393086 2.583536 -1.479346 -0.261211 0.964843 -0.990837 -0.262473 
-3.029119 2.025528 1.393520 -1.870959 0.933029 0.799127 -2.462204 2.510115 -1.601437 -0.162226 1.016147 -0.966619 -0.233958 
-2.771005 2.101161 1.376242 -1.704618 1.050473 0.924126 -2.208370 2.599052 -1.584098 0.095195 1.042189 -0.801871 -0.132977 
-2.727542 2.056863 1.284496 -1.474698 1.097460 0.847481 -2.069739 2.383240 -1.561749 -0.111294 0.803811 -0.912918 -0.050027 
-2.746672 2.005637 1.214674 -1.584821 0.847135 0.649801 -2.035854 2.351625 -1.632423 -0.042877 0.785202 -0.873392 -0.143126 
-2.778035 1.879936 1.199494 -1.651772 0.824116 0.671088 -2.078616 2.371613 -1.597685 0.021125 0.839639 -0.830607 -0.132395 
-2.839074 1.895870 1.250492 -1.718004 0.956852 0.851454 -2.162408 2.418692 -1.483341 -0.085028 0.981355 -0.849441 -0.146713 
-2.865577 2.039423 1.182409 -1.652709 1.074955 0.857820 -2.078157 2.406943 -1.471100 -0.123698 0.983922 -0.895102 -0.107609 
-2.864906 2.014230 1.179502 -1.678476 1.059291 0.840885 -2.132958 2.413226 -1.492778 -0.057878 0.907381 -0.911618 -0.187189 
-2.809294 1.951780 1.162181 -1.678120 0.987077 0.826338 -2.139190 2.428119 -1.485245 0.031638 0.881758 -0.869202 -0.120237 
-2.820262 2.042965 1.125354 -1.617954 0.980962 0.735847 -2.103990 2.363408 -1.488681 -0.005158 0.868789 -0.813923 -0.076779 
-2.734882 2.074994 1.235386 -1.605481 0.926084 0.738207 -2.085371 2.412056 -1.554605 0.100880 0.790461 -0.792644 -0.130681 
-5.773955 1.702987 0.345466 -0.838733 0.293161 -0.096642 -0.406133 1.619904 -1.050322 -0.568407 0.647386 -0.573851 0.412382 
-5.253948 1.601636 0.373447 -1.254610 -0.017749 -0.168765 -0.745574 1.848170 -0.520426 -0.082964 1.162136 -0.108547 0.587592 
-4.162957 2.531037 2.067299 -0.006270 0.307360 -0.150344 -1.032288 2.490687 -0.942626 0.411294 1.394964 -0.304072 0.507337 
-2.533637 2.782875 1.099658 0.164627 1.129608 0.541658 -0.462384 2.174734 -1.539026 0.973520 0.523979 -0.480336 0.395232 
-2.644635 2.945704 1.307978 -0.109192 1.409545 0.967526 -0.668197 2.547953 -1.486763 1.206262 0.683918 -0.424528 0.471063 
-4.218544 3.414489 3.127896 0.167128 1.180056 1.536270 -0.538713 2.656142 -1.918925 1.478848 1.153270 -0.319190 0.878767 
-5.738503 3.235112 3.409704 -0.326700 0.344255 1.428734 -0.353685 2.232033 -2.092361 1.578451 1.722580 -0.093858 0.374623 
-5.566197 2.644073 3.115982 -0.458753 0.222414 0.976956 -0.917481 2.665678 -1.774564 1.289692 1.732258 -0.101177 0.199438 
-5.093479 2.152132 2.108592 0.440081 1.322078 0.606979 -1.191844 2.830852 -1.035422 -0.422607 1.230291 -0.642728 0.559407 
-4.590797 2.609165 1.669015 0.311607 2.049706 0.449789 -1.800138 3.610899 -0.944570 -1.139026 1.588315 -0.712673 0.485803 
-3.835153 2.243749 1.863829 -1.850604 1.257210 1.376941 -2.679772 3.611956 -1.812238 -0.165548 1.554927 -1.297345 -0.233782 
-3.597465 2.005695 1.758594 -1.847822 1.081466 1.033946 -2.614567 3.028897 -1.576760 -0.228114 1.553739 -1.254512 -0.273837 
-3.350931 1.891588 1.647194 -1.888745 1.272770 1.257085 -2.534089 3.048820 -1.745873 -0.368262 1.316116 -1.182394 -0.397462 
-3.028648 2.019256 1.442764 -1.909933 0.948414 0.854096 -2.411525 2.661627 -1.802486 -0.271124 0.966389 -0.961959 -0.271437 
-3.503650 1.171612 1.746376 -1.547221 0.760102 0.978711 -2.273205 2.402213 -1.669091 -0.086732 0.952905 -0.797076 -0.503704 
-2.466151 3.224954 0.836231 -1.088209 1.871720 0.968249 -2.335254 2.172560 -1.320258 -0.065940 0.436100 -0.630919 1.002644 
-2.596446 3.262305 0.716838 -1.187238 1.651015 0.711835 -2.075032 2.141501 -1.785221 -0.071664 0.465107 -0.552600 0.843618 
-2.248612 4.034139 -0.156145 -1.773898 1.603120 0.228212 -1.862268 2.425211 -1.929471 0.179872 0.309788 -0.633561 0.521660 
-1.436054 5.894636 -1.685252 -0.946977 3.663123 0.793665 -1.443022 1.139423 -2.289365 0.648979 0.223247 -0.840422 0.285601 
-1.203371 5.351882 -2.215426 0.042722 3.330707 -0.119324 -1.065349 0.668614 -2.491097 0.541728 -0.304533 -0.742324 0.860139 
-1.492318 4.974800 -2.425481 0.181410 2.879332 -0.557799 -0.855132 0.247652 -3.127946 0.196521 -0.565110 -1.016454 0.804707 
-2.132005 3.763160 -0.932661 -0.384530 1.722662 0.110623 -1.140145 0.208791 -2.979422 -0.216568 -0.429779 -0.581996 0.240554 
-1.884283 3.831118 -1.803818 -1.028585 1.352025 -0.416422 -0.986986 0.584624 -2.466597 0.394205 -0.111860 -0.266595 0.122545 
-1.999881 3.871720 -2.134768 -0.826978 1.475513 -0.610313 -0.748782 0.589943 -2.096827 0.638029 0.217970 -0.509025 -0.215816 
-1.844527 4.093015 -2.077867 -1.011903 1.640612 -0.387744 -0.998398 0.352949 -2.429990 0.713603 0.486824 -0.171203 -0.343241 
-1.546188 5.620203 -2.513093 -1.344203 2.555772 -0.501199 -1.449052 0.654558 -3.206975 0.671719 0.709213 -0.320984 -0.000660 
-1.340156 6.398957 -1.279993 -1.766387 2.635119 0.062682 -2.033894 1.112898 -3.267747 1.217886 0.630768 -0.806571 -0.276722 
-4.023586 3.715462 2.993863 -0.868073 0.598791 1.237877 -2.172710 0.508073 -1.455522 1.017283 -0.007548 -0.687713 -0.764164 
-4.776702 1.628290 2.133561 -0.773380 0.344565 1.342910 -1.629206 0.607113 -1.080421 1.094790 0.154704 -0.030350 -1.152170 
-5.018731 0.838824 1.961119 -0.437454 -0.008385 1.387356 -0.955739 0.452414 -1.428529 0.642282 -0.103992 0.451023 -0.941354 
-5.796514 1.295590 2.010907 -0.763940 -0.107396 1.414640 -0.709793 0.370263 -1.484930 -0.435469 -0.129832 0.399816 -0.704227 
-6.161985 1.426924 1.497519 -1.362087 0.243975 2.170787 -0.815490 -0.160632 -1.191375 -0.519024 -0.644263 0.183842 -0.538878 
-5.844154 1.414396 1.379016 -1.161206 0.091102 1.780453 -1.169656 -0.290153 -0.996992 -0.317339 -0.949482 0.328116 -0.491471 
-4.553151 1.386838 1.399355 -1.184423 -0.548772 1.051695 -0.829930 0.509537 -0.602775 -0.426449 -0.453517 -0.071933 -0.712460 
-5.388049 1.211057 1.923086 -1.283420 -1.118086 0.817524 -0.788823 0.974430 -0.541551 0.402809 -0.068723 0.290800 -0.495077 
-5.918683 0.679134 1.474792 -1.030573 -0.304145 1.091834 -1.540224 -0.118999 -0.680922 0.779391 0.262881 0.293961 -0.638257 
-5.117668 0.724491 1.164049 -0.946391 0.523550 1.650306 -1.441773 -0.309634 -0.048004 0.755893 1.077532 -0.090420 -1.069016 
-2.630485 4.185275 1.443047 -0.747134 2.040390 1.636997 -2.014880 0.544358 -2.518999 0.693614 0.943871 -0.234796 -0.319587 
-1.946724 5.430955 -0.704009 0.001101 3.093612 -0.081711 -1.923304 0.641088 -3.137908 0.972986 1.274149 -1.131770 0.048654 
-2.188809 5.011863 -1.092070 0.291759 3.080182 -0.286791 -1.939228 0.003520 -2.985321 1.089745 1.144422 -1.399453 0.267049 
-2.187254 4.729436 -1.267520 -0.079098 2.974499 -0.193324 -1.682955 0.678354 -2.594807 1.086573 0.899252 -1.659050 -0.033787 
-2.278847 4.250531 -0.392398 -0.293234 2.430517 0.160452 -1.653994 1.042744 -2.239164 0.695376 0.603725 -1.327131 -0.442368 
-2.221757 4.004913 0.057337 0.088201 2.888358 0.640711 -2.385077 0.512687 -2.425921 0.589962 1.003123 -1.404027 -0.677164 
-2.444632 4.697120 -0.491265 -0.126373 4.107238 1.057630 -2.593170 1.100920 -2.583378 0.586762 1.695189 -2.135688 -0.927069 
-2.724172 3.593551 1.298836 -1.047514 2.129129 1.337837 -1.803930 2.856195 -2.294609 0.096849 1.480963 -0.948899 -0.409660 
-2.603035 2.980732 1.641026 -1.027188 1.633183 1.191096 -1.986888 2.690150 -2.267515 0.273336 1.009966 -0.922057 -0.167731 
-2.865937 2.142775 1.346265 -1.376741 1.237266 1.071989 -2.005473 2.696671 -1.422985 0.418757 1.118764 -0.681246 0.103558 
-2.989523 2.053892 1.245050 -1.359562 1.000336 0.815101 -1.951960 2.479452 -1.552659 0.203542 0.943724 -0.782100 0.099880 
-3.023235 1.187299 1.200362 -1.074222 0.825161 0.766927 -1.902287 2.196339 -1.423643 0.117855 0.812418 -0.685296 0.087686 
-3.796797 0.329822 1.487945 -0.635329 0.822137 0.842770 -1.844898 1.977585 -1.030805 -0.165885 1.098539 -0.950124 -0.062298 
-2.887653 2.270374 0.725043 -1.717459 1.239018 0.903297 -2.077374 2.094382 -1.541855 0.033405 0.955536 -0.789070 -0.089699 
-2.803436 2.317303 0.739871 -1.768714 1.071411 0.804685 -1.921404 2.165374 -1.589414 0.075604 0.789623 -0.691582 -0.205954 
-2.770047 2.033725 0.946831 -1.766061 1.108147 0.834017 -2.138098 2.518569 -1.355607 -0.074245 0.656139 -0.893941 -0.251646 
-2.735719 1.982661 1.039104 -1.618845 1.140021 0.917473 -2.133945 2.275918 -1.537119 -0.135241 0.648738 -0.807994 -0.056487 
-2.787176 1.927462 0.891710 -1.698507 1.049922 0.827415 -2.001419 2.259319 -1.526544 -0.222739 0.712970 -0.857685 -0.018955 
-2.861910 2.106735 1.109134 -1.893136 1.026610 0.915918 -2.135763 2.445130 -1.499387 0.030612 1.029535 -0.733436 -0.084291 
-2.771883 2.073397 1.091208 -1.867671 1.062308 0.983712 -2.080875 2.359839 -1.564407 0.029862 1.075373 -0.715817 -0.128921 
