-2.826681 1.872357 1.401497 -1.682963 1.029291 0.863197 -2.254542 2.560319 -1.510437 -0.069079 1.059747 -0.950102 -0.158339 
-2.814357 2.031060 1.414538 -1.744876 0.999199 0.802524 -2.390266 2.401142 -1.650746 -0.173501 0.943302 -0.946614 -0.136104 
-2.887856 1.889656 1.340535 -1.844486 0.990571 0.911967 -2.275578 2.575120 -1.569590 -0.099983 1.036975 -0.823616 -0.092066 
-2.889050 2.132149 1.429957 -1.752997 1.103679 0.873821 -2.365654 2.453935 -1.608314 -0.068928 1.099895 -0.891087 -0.168200 
-2.943160 2.021983 1.339658 -1.746746 1.062953 0.852009 -2.307988 2.433324 -1.565072 -0.075850 1.046537 -0.940154 -0.183974 
-2.937601 2.061657 1.425501 -1.699408 1.128356 0.936842 -2.301177 2.496715 -1.466693 0.008217 1.041239 -0.963682 -0.103574 
-2.985999 2.078445 1.412030 -1.684584 1.108126 0.923780 -2.222135 2.463073 -1.450154 -0.022120 1.119716 -0.957558 -0.170092 
-2.956164 1.945980 1.385716 -1.722038 0.902953 0.776980 -2.221968 2.480824 -1.658476 -0.214158 0.957531 -1.046081 -0.256375 
-2.891130 1.960324 1.352011 -1.744064 0.950805 0.855482 -2.190364 2.536008 -1.674413 -0.098822 0.966700 -0.928594 -0.239383 
-2.910475 2.102525 1.318062 -1.647735 1.073598 0.820345 -2.222593 2.571549 -1.431418 0.072730 1.072517 -0.900507 -0.150794 
-2.871889 2.114526 1.298842 -1.557756 1.088575 0.831499 -2.108181 2.512359 -1.556518 -0.050006 1.023853 -0.940938 -0.138547 
-2.804640 2.112324 1.066977 -1.670465 0.917934 0.629159 -2.054461 2.367380 -1.558305 -0.098310 0.900725 -0.901042 -0.139194 
-2.828360 2.106041 1.037906 -1.662937 0.910134 0.622662 -2.013846 2.360186 -1.476861 -0.065747 0.949434 -0.866940 -0.100472 
-2.883102 1.901341 1.209108 -1.595747 1.029308 0.794914 -2.171906 2.333504 -1.421180 -0.048467 1.014704 -0.878800 -0.098351 
-2.862012 1.767178 1.276828 -1.611410 0.950903 0.825500 -2.197581 2.366143 -1.516808 -0.119490 0.916432 -0.909259 -0.090123 
-3.012761 1.863920 1.214922 -1.590891 1.018713 0.771873 -2.173306 2.412642 -1.414362 -0.156922 1.001780 -0.934795 -0.112645 
-3.004705 1.810213 1.174649 -1.695228 0.930603 0.759976 -2.188241 2.372014 -1.515151 -0.148585 1.012348 -0.879606 -0.192661 
-2.982992 1.814818 1.183851 -1.633996 0.903141 0.761604 -2.064885 2.407051 -1.459425 -0.054810 0.990510 -0.869286 -0.147391 
-2.981089 1.965670 1.119479 -1.575819 0.985811 0.727278 -1.962623 2.512439 -1.384298 -0.104131 0.898245 -0.923972 -0.071494 
-2.865447 1.875875 1.128515 -1.556442 0.964824 0.780611 -1.978804 2.383639 -1.441033 -0.091410 0.809684 -0.912290 -0.098081 
-4.117916 1.368430 -0.508415 -0.774435 0.937002 -0.500250 -1.239303 2.168040 -0.823102 -0.080244 0.229502 -0.814662 0.137994 
-4.530304 1.663860 -0.027277 -2.038043 -0.161205 -0.061548 -1.597140 1.957810 0.181731 0.589701 0.017868 0.226141 0.045883 
-3.542922 2.138310 1.639843 -0.051513 0.432401 0.026525 -1.114652 2.253119 -0.579189 0.497087 0.334407 0.116104 0.485816 
-3.746652 2.800392 2.062835 1.237197 1.028226 -0.359073 -0.735393 2.528027 -1.052783 0.587239 0.902133 -0.270205 0.911184 
-4.310402 3.440073 2.547726 1.361215 1.475463 0.386730 -0.145896 2.785881 -1.623018 0.480740 0.813900 -0.341489 0.652961 
-3.284331 3.494705 2.452062 0.577221 0.902561 0.379930 -0.485716 2.338594 -2.011869 0.635612 0.850120 -0.309983 0.584662 
-2.927316 2.790147 1.516362 -0.002470 0.873276 0.624825 -0.590276 2.202782 -1.552481 0.877682 0.582459 -0.461929 0.268724 
-3.224378 2.371106 1.601336 -0.454612 0.479075 0.700861 -0.789834 2.201582 -1.423248 1.130852 0.607678 -0.302922 0.303985 
-3.610663 2.167651 1.740469 -0.424863 0.013689 0.241428 -0.834096 1.968006 -1.508313 0.808878 0.911972 -0.482868 0.166022 
-3.201379 2.412690 1.132383 -0.429823 0.462448 0.019600 -0.952544 2.247994 -1.761423 0.552478 0.906462 -0.722926 0.170084 
-2.574174 2.550582 1.342954 -0.951268 1.320937 0.978729 -1.798587 2.721999 -1.526541 0.486619 0.870147 -0.601092 0.290483 
-3.431190 2.062982 1.629604 -1.787073 1.039029 1.055602 -2.539438 3.195223 -1.626753 0.073438 1.426605 -1.097831 -0.237374 
-3.054513 1.995958 1.334142 -1.697812 1.053384 0.900283 -2.291470 2.517430 -1.609064 -0.157398 1.060563 -1.078997 -0.148504 
-3.187288 1.341018 0.921527 -1.049761 0.829800 0.653748 -1.550546 1.645337 -1.129487 -0.114278 0.949105 -0.778738 0.151501 
-3.097424 2.762479 0.480818 -1.760190 0.594810 0.298517 -1.508085 2.469000 -1.648507 -0.089750 0.546402 -0.813140 -0.216288 
-2.924848 3.570213 0.521996 -1.588332 1.140676 0.719378 -1.139514 2.369121 -2.066493 -0.124171 0.936003 0.035231 0.078474 
-3.165685 3.087485 -0.282428 -1.118653 1.814299 0.633848 -1.248470 1.462654 -1.975820 -0.453125 1.051558 0.431822 1.141911 
-3.337978 2.144698 -0.896189 -1.061631 1.903788 0.775361 -1.193147 0.971882 -1.348800 -0.580519 0.541226 -0.481246 0.733088 
-1.737050 4.853790 -0.768845 -0.154634 3.315098 0.662834 -1.491581 1.342800 -2.296120 -0.058022 -0.145071 -0.872731 0.620745 
-1.393886 5.556202 -1.892296 -0.307399 3.174545 -0.236815 -1.406884 1.077089 -2.333561 0.327502 -0.166497 -0.619484 1.040837 
-1.662642 4.635568 -1.524650 -0.344065 1.718516 -0.625484 -1.189585 0.237582 -2.667503 0.284043 -0.512042 -0.310160 0.691584 
-1.355024 4.958381 -2.337217 -1.273383 1.194726 -0.863135 -0.667956 0.746979 -2.622608 0.912399 -0.571441 -0.456619 0.404480 
-1.241471 5.449202 -3.283061 -1.278873 1.615145 -1.411243 -0.589925 0.798472 -3.273065 0.665342 0.075443 -0.355344 0.307613 
-1.208382 5.333734 -3.424159 -1.350334 1.808644 -1.441841 -0.849612 0.867675 -3.421797 0.412878 0.593832 0.196433 0.094512 
-1.101756 5.240500 -2.793484 -1.343236 1.976145 -0.921787 -1.011388 0.988606 -3.265925 0.692035 0.656182 0.027658 -0.054778 
-1.440213 5.590736 -2.306641 -1.512539 2.475234 -0.438210 -1.647344 0.899771 -2.792285 0.619326 0.541997 -0.391570 -0.158765 
-3.149416 3.705161 0.249739 -0.931531 1.786490 -0.099569 -3.031507 0.482835 -1.827353 1.061870 1.537401 -0.804466 -0.392076 
-6.089261 0.551715 1.981451 -0.975256 0.227135 1.530734 -1.481238 0.543399 -0.859403 -0.153176 0.184663 -0.334693 -0.975301 
-4.970078 1.966122 2.628016 -1.054743 -0.451868 1.180274 -1.590029 0.243099 -0.943943 0.491197 0.139992 0.018932 -0.659188 
-4.769217 2.113450 2.246002 -1.595101 -0.366905 1.120461 -1.749121 0.750011 -1.108053 0.601258 -0.135239 -0.212828 -0.572227 
-5.443158 1.064655 1.744999 -1.449251 -0.154061 1.638021 -1.268163 0.558946 -1.029943 1.115425 -0.158797 -0.154533 -0.833588 
-5.799396 0.798993 1.398221 -1.368029 -0.277919 1.996709 -0.321454 0.577081 -0.682477 1.504465 0.011715 0.073733 -0.812966 
-5.361547 1.055940 1.416022 -1.255336 -0.260579 1.800884 -0.374349 0.286150 -1.047488 0.781585 0.256637 0.081889 -0.933650 
-5.447774 1.078815 1.208003 -1.361905 -0.421472 1.903005 -0.166794 -0.409058 -1.188533 0.817120 0.564878 0.336482 -0.583933 
-5.339168 1.296243 1.127771 -1.575243 -0.562893 1.522931 -0.766617 -0.440973 -0.999443 0.565350 -0.214496 0.474140 -0.220957 
-4.699624 1.787811 1.784612 -1.575740 -0.349970 1.089041 -1.712314 0.378577 -1.445232 0.068067 -0.183680 0.703884 -0.592387 
-2.516472 2.189202 1.184791 -0.399396 1.161181 1.031497 -1.534796 1.383044 -1.272161 0.470038 0.028112 -0.872718 -0.542584 
-1.999218 3.050182 0.033388 -0.496902 1.234025 0.315139 -1.278038 0.851592 -2.104961 0.520526 -0.124734 -0.880356 -0.631872 
-2.220080 3.259292 -0.522909 -0.523118 1.358761 0.089611 -1.416001 0.181412 -2.320406 0.570809 0.077092 -1.021783 -0.790737 
-2.258842 3.807439 -0.661664 0.028772 2.238944 -0.104539 -2.150509 -0.207152 -2.588542 0.636861 0.578266 -1.261355 -0.673428 
-2.218298 4.018867 -0.819843 -0.477267 2.524704 0.334644 -1.784636 0.425218 -2.347246 0.860816 1.079521 -1.341942 -0.767001 
-2.428194 4.562629 -0.641269 -0.670286 2.829374 0.631369 -1.675365 0.799433 -2.250860 0.925133 1.376076 -1.155982 -0.519081 
-2.510717 3.404012 0.692696 -0.581559 2.031366 0.946509 -1.752766 1.476433 -2.030075 0.772541 1.068882 -0.835585 -0.460991 
-2.529422 2.512001 1.555392 -0.834597 0.759652 0.468509 -1.819902 2.255047 -1.794142 0.559277 0.696374 -0.676105 -0.016503 
-2.958313 2.815928 1.553950 -0.900462 1.494496 1.083678 -1.846728 2.783988 -1.718163 0.651725 1.186882 -0.891549 -0.023189 
-4.051749 3.842399 2.396046 -0.622677 2.625992 1.800756 -2.184258 3.659908 -2.461257 1.177716 2.436453 -1.393474 -0.447519 
-2.692080 2.264031 1.348877 -1.345153 1.164479 1.027064 -2.066397 2.709769 -1.620273 0.336037 0.924796 -0.667696 0.057613 
-2.738192 2.081969 1.032891 -1.354811 0.968028 0.757158 -1.929192 2.133205 -1.544832 0.174845 0.696153 -0.776886 -0.107872 
-3.448001 2.378634 0.940142 -1.969242 0.745648 0.299675 -2.714139 1.915687 -1.285449 0.578448 1.140948 -1.085403 -0.274926 
-3.195039 2.509250 0.551781 -2.100841 1.125288 0.811551 -2.325202 1.968215 -1.574051 0.676417 1.490301 -0.571193 -0.148679 
-3.306920 2.171216 -0.104084 -2.081003 1.639008 1.394251 -1.585611 1.917661 -1.483737 0.214837 1.590946 -0.330312 -0.267473 
-3.297866 1.930045 0.198868 -1.656155 1.490946 0.947544 -1.868553 1.743628 -1.435637 -0.280232 1.220684 -0.886623 -0.195603 
-3.157688 2.059646 0.904904 -1.528502 1.170247 0.795019 -1.847747 2.229851 -1.601701 -0.442318 1.058625 -0.884866 -0.087230 
-2.935944 1.927207 0.813694 -1.475931 1.186006 0.753785 -2.012441 2.027663 -1.617770 -0.192089 1.051367 -0.852639 -0.174129 
-2.960437 2.071189 0.833337 -1.621027 1.231846 0.913715 -1.963416 2.077511 -1.650985 -0.164700 1.088189 -0.688951 -0.112488 
