-2.834488 1.933959 1.396110 -1.728587 1.033844 0.910935 -2.233670 2.519004 -1.571751 -0.084750 1.058113 -0.904716 -0.142580 
-2.885641 1.947124 1.328740 -1.673777 1.062404 0.855091 -2.219510 2.460863 -1.532699 -0.133450 1.024576 -0.942830 -0.153378 
-2.896904 1.930087 1.388815 -1.696658 0.969904 0.763547 -2.266484 2.492857 -1.618871 -0.162461 1.035004 -0.907720 -0.126672 
-2.889338 1.973827 1.376884 -1.715608 0.983687 0.812646 -2.235620 2.484905 -1.610689 -0.154538 0.994906 -0.904946 -0.140252 
-2.930541 1.955288 1.416139 -1.738404 1.048503 0.848417 -2.341272 2.562630 -1.583702 -0.217036 1.011655 -0.955459 -0.152013 
-2.923468 1.905588 1.497937 -1.629716 0.976573 0.717100 -2.337721 2.548375 -1.580601 -0.225217 1.030609 -0.972064 -0.161422 
-2.937511 1.991980 1.538105 -1.613252 1.052599 0.816396 -2.287013 2.586378 -1.574160 -0.153571 1.041224 -0.994332 -0.130642 
-2.935200 2.156897 1.463768 -1.729715 1.063043 0.855951 -2.267693 2.578563 -1.512682 -0.162656 1.089321 -0.987493 -0.183321 
-3.082432 2.054054 1.337776 -1.798292 0.974845 0.886635 -2.196057 2.424884 -1.615590 -0.227080 0.946229 -1.083552 -0.247269 
-3.072816 1.947447 1.201542 -1.696391 0.956106 0.759191 -2.174323 2.464897 -1.458998 -0.128608 0.987905 -0.892184 -0.021373 
-2.872228 2.113525 1.300462 -1.587941 1.068078 0.846219 -2.074430 2.575190 -1.426580 -0.041551 0.970530 -0.921319 -0.137497 
-2.746421 2.074663 1.331671 -1.449330 1.060626 0.762411 -2.098212 2.487883 -1.494884 -0.163754 0.884631 -0.829914 -0.192254 
-2.676047 1.979448 1.277784 -1.564190 0.992739 0.762924 -2.171361 2.411208 -1.593187 -0.086701 0.840761 -0.791874 -0.211500 
-2.782595 1.748951 1.092922 -1.741227 0.923698 0.780392 -2.146812 2.388988 -1.458608 -0.034873 0.956688 -0.866915 -0.144825 
-2.954746 1.962182 1.179844 -1.590385 1.022174 0.729343 -2.099281 2.394548 -1.361812 -0.121852 0.998960 -0.887190 -0.036261 
-2.819391 1.847017 1.226534 -1.574553 1.005656 0.702164 -2.181149 2.494337 -1.467636 -0.107250 0.994823 -0.923733 -0.119394 
-2.995625 1.863823 1.175529 -1.589762 0.953321 0.689967 -2.152586 2.398660 -1.468731 -0.187221 0.940751 -0.976472 -0.167826 
-3.065168 1.899871 1.110144 -1.584614 0.950590 0.636730 -2.158191 2.357983 -1.351788 -0.116711 0.926405 -0.920450 -0.090157 
-2.831773 1.849676 1.215691 -1.545765 0.886964 0.702136 -2.097799 2.410550 -1.436623 0.078669 0.899635 -0.913013 -0.126092 
-2.907533 1.969398 1.094637 -1.541917 0.918292 0.691563 -1.923814 2.394264 -1.389799 -0.057826 0.938331 -0.887418 -0.087030 
-3.656990 1.925281 0.245707 -1.504488 0.539723 0.855994 -0.677736 1.221369 -1.083292 -0.575831 0.509721 -0.962007 -0.142885 
-3.868707 2.237308 0.622194 -1.835458 0.261046 0.996607 -0.953901 1.127489 -1.174958 -0.382545 0.439711 -0.701529 -0.388223 
-3.371363 2.943032 1.850038 -0.330068 1.055470 0.824132 -0.985159 2.564763 -1.006273 0.309234 0.898698 0.053443 0.197057 
-4.160633 2.961399 2.583712 1.011397 1.218286 0.518357 -0.455990 3.020228 -1.132439 0.396947 1.233042 -0.462922 0.781790 
-5.489020 2.508897 3.117714 1.619055 1.066325 0.574400 -0.003210 2.662017 -1.438887 0.067454 1.305786 -0.332035 1.034649 
-5.385120 2.664032 3.181069 1.085676 0.765302 0.860571 0.087228 2.602395 -1.779291 0.217303 1.307022 -0.114213 0.737232 
-5.003165 2.775733 3.062754 0.663429 0.480370 0.604301 -0.342092 2.287105 -1.673187 1.038019 1.096664 -0.320576 0.541023 
-5.332331 2.827658 3.100865 0.804893 0.135252 0.187615 -0.118889 1.964147 -1.729786 0.944058 1.196629 -0.454818 0.314919 
-5.917108 2.972718 3.849093 1.082478 0.219193 0.209356 -0.060774 2.673439 -1.741504 -0.085782 1.046764 -0.728786 0.043402 
-4.282149 4.254139 3.122802 0.099415 2.438400 1.205104 -1.758153 4.616700 -2.090113 -0.365447 1.760154 -0.832419 0.009424 
-3.814974 2.517952 1.965830 -2.205563 1.203111 1.358438 -3.086679 3.415827 -2.089056 -0.000247 1.366460 -1.183141 -0.046094 
-3.612040 1.976572 1.376872 -2.186827 1.047418 1.026428 -2.734307 3.031663 -1.723302 -0.095432 1.381995 -0.994446 -0.107027 
-3.463459 0.368464 1.507801 -2.080269 -0.121889 0.994867 -2.044706 2.651951 -1.126067 -0.019074 1.356832 -1.342741 -1.009627 
-3.751112 2.109193 0.313173 -1.475417 0.933365 0.647761 -1.590341 1.925710 -1.139474 0.004056 0.808881 -0.429542 0.729271 
-2.745477 2.967170 0.606834 -1.127215 1.674916 0.973693 -1.774336 1.817427 -1.784692 -0.128200 0.435935 -0.693573 0.154795 
-2.494236 3.109243 0.536959 -1.181928 1.795466 1.017801 -1.684349 2.013785 -2.005430 -0.007411 0.346283 -0.567143 0.167504 
-2.531480 3.709099 -0.343361 -1.130372 2.149536 0.228694 -1.385318 3.144971 -1.376289 -0.202386 0.429444 -0.723223 0.673250 
-1.596723 4.701599 -0.812579 -0.889502 2.245296 0.070132 -1.874353 1.146676 -1.868792 0.946246 0.152821 -0.864614 0.548657 
-1.193169 5.354308 -1.752343 -0.922726 2.977331 0.273096 -1.249061 1.359751 -2.481504 0.553069 -0.120553 -0.812879 0.771278 
-1.377484 5.366086 -2.361581 -0.449014 3.094414 -0.334323 -0.923565 1.154679 -3.084826 -0.004979 -0.239462 -0.918617 0.686221 
-1.411908 4.751703 -1.912251 -0.298110 2.068918 -0.728842 -0.750395 0.796847 -3.769747 0.028867 -0.245823 -0.754674 0.249888 
-1.710696 4.640222 -1.700176 -0.723275 1.057997 -0.978195 -0.622611 0.361396 -4.003209 0.249313 -0.017947 -0.083777 0.124723 
-2.302899 3.868268 -1.037437 -0.925042 0.942963 -0.491641 -1.193853 0.238364 -3.032293 0.197198 0.182064 0.066294 0.046163 
-1.794348 3.269029 -1.506678 -0.944379 0.829138 -0.723616 -0.912256 0.834694 -2.661236 0.790876 0.455973 0.007078 -0.071929 
-1.429426 3.716269 -1.808259 -0.802463 1.224002 -0.853759 -0.641143 1.179164 -2.942282 1.068511 0.527068 -0.629006 -0.247274 
-2.116713 4.943524 -1.222527 -0.983180 1.901728 -0.681377 -1.593489 0.825737 -3.132230 0.612653 1.325039 -0.801150 -0.748694 
-3.102654 2.846626 1.064548 -0.997536 1.356067 1.027853 -2.131658 0.915886 -1.066228 0.411084 0.223125 -1.384377 -0.452423 
-4.252912 0.899940 1.762551 -1.273468 0.017524 1.214852 -1.730664 1.276662 -0.876383 0.381952 -0.372904 -0.009398 -0.510903 
-4.933708 1.147567 0.639755 -1.648628 -0.812181 0.565135 -0.881784 0.976783 -0.338441 0.338968 0.142870 0.482931 -0.433332 
-4.665737 1.305961 0.392896 -1.933770 -1.209514 -0.018996 -1.078825 0.758834 -0.244819 -0.699672 -0.212313 0.102585 -0.788450 
-5.436368 1.540152 0.835475 -2.611895 -1.111978 0.103073 -2.080187 0.835817 -0.636032 -0.238142 -0.191610 -0.386029 -0.885622 
-5.498055 1.544416 1.459899 -2.230999 -1.118065 0.688982 -1.227869 1.119393 -0.677015 0.196838 0.196357 -0.162463 -0.951435 
-5.229951 0.885824 1.114583 -1.831328 -0.700917 0.977342 -1.049193 0.914670 -0.788422 0.278918 0.523851 0.296035 -0.885349 
-5.199475 1.104513 1.045462 -2.333351 -0.747307 0.878222 -1.631002 1.205966 -0.600182 0.750639 0.646628 0.557008 -0.808040 
-5.477463 1.510456 1.790925 -2.424587 -1.529781 0.337596 -1.461305 1.501754 -0.426995 0.738771 0.891672 0.510488 -0.515112 
-3.034310 2.568302 2.455164 -0.680882 0.912047 1.653346 -1.365495 1.730401 -1.318001 0.962749 0.649225 -0.272651 -1.017470 
-2.119248 3.169008 0.654641 0.795107 2.600989 1.012708 -1.319838 1.086067 -2.235637 0.686233 1.664799 -1.259185 -1.121425 
-1.852807 3.464308 0.207295 0.876852 2.577343 0.369290 -1.404808 0.842288 -2.936709 0.615151 1.434196 -1.292530 -1.201477 
-2.045903 3.929951 0.049618 0.594268 2.455300 -0.191460 -1.903774 0.738623 -2.792264 0.581823 1.354477 -1.216116 -0.978183 
-2.696983 3.852112 -0.047918 0.103062 2.186767 -0.357769 -2.077942 0.768162 -2.249577 0.438514 1.088713 -1.152053 -0.317870 
-3.033558 4.008819 -0.618289 -0.177189 2.478657 -0.109258 -1.632219 1.091702 -1.634367 0.329557 0.918437 -1.363862 -0.306656 
-2.885358 3.866320 -0.461734 -0.465101 2.195890 0.184862 -1.438398 1.173145 -1.695388 0.422101 0.815388 -1.146470 -0.347386 
-2.624669 3.051465 -0.062254 -0.341932 2.326405 0.792795 -1.879527 0.716794 -1.911077 0.419626 0.938148 -1.065584 -0.453047 
-3.222572 3.554383 0.589705 0.255374 3.505036 1.088268 -1.802271 2.584813 -2.735253 0.394312 2.425329 -1.539248 -0.536696 
-2.534656 2.642816 1.538192 -1.442476 0.864007 0.966012 -1.908926 2.434071 -1.850037 0.590467 0.940986 -0.721336 -0.147884 
-2.355746 2.576111 1.465942 -1.696594 0.839207 1.066790 -2.107827 2.422076 -1.932883 0.653828 0.748368 -0.627137 -0.135507 
-2.709862 2.573891 1.623472 -1.263381 1.511235 1.255899 -2.146021 2.997254 -1.644143 0.285704 1.173260 -0.676156 0.125583 
-2.871203 1.438565 1.382057 -1.790116 1.465406 2.153363 -2.430979 2.281606 -1.235527 0.397571 0.699364 -0.879080 0.000294 
-3.416747 1.390632 0.514440 -1.803147 1.474217 1.808688 -2.212564 1.356961 -0.857776 0.180272 0.846390 -1.098619 -0.204786 
-3.053329 3.415016 -0.269756 -1.502066 2.494137 1.149267 -2.010216 1.239715 -1.481303 0.512529 2.044875 -1.257643 -0.813742 
-3.060673 3.127631 -0.064080 -1.675681 2.030271 1.140701 -1.852458 1.305877 -1.394448 0.315969 1.603504 -1.064548 -1.054708 
-3.044301 2.261393 0.378025 -1.761998 1.353343 0.916960 -1.841680 1.813394 -1.376153 0.065150 1.209302 -0.928449 -0.573907 
-3.146348 1.967289 0.770430 -1.527318 1.288095 0.942957 -1.962512 1.851355 -1.444606 -0.007867 1.258729 -0.832444 -0.344861 
-3.108326 1.782260 1.002329 -1.483939 1.054773 0.845737 -1.992951 2.023000 -1.539150 -0.138148 1.075799 -0.734549 -0.104013 
-3.091794 1.742294 0.690495 -1.622807 1.111643 0.957057 -1.743500 1.985934 -1.598972 -0.170119 1.078117 -0.578209 -0.072958 
