-2.869553 1.889823 1.349699 -1.713150 1.050025 0.894242 -2.257686 2.509176 -1.525262 -0.097883 1.047632 -0.949586 -0.117053 
-2.852862 1.908203 1.310641 -1.695899 1.021762 0.869413 -2.211948 2.494978 -1.491207 -0.060883 1.009003 -0.924434 -0.148715 
-2.864594 1.819313 1.279758 -1.713650 0.904977 0.775190 -2.267284 2.419989 -1.608868 -0.074424 0.967916 -0.948815 -0.164956 
-2.919394 1.890765 1.166395 -1.647554 0.964519 0.707573 -2.195912 2.377467 -1.565558 -0.112254 0.960368 -0.867259 -0.169351 
-2.770463 1.973576 1.224856 -1.551879 1.021622 0.739251 -2.156500 2.412222 -1.525257 -0.119085 0.882554 -0.856078 -0.107731 
-2.743589 1.994889 1.278329 -1.576806 0.929707 0.760813 -2.046654 2.445548 -1.548944 -0.046178 0.952784 -0.882225 -0.147090 
-2.778270 2.012514 1.286370 -1.585280 0.918044 0.711935 -2.087650 2.407494 -1.577088 -0.055635 0.928103 -0.862366 -0.160648 
-2.836738 2.013967 1.252789 -1.715470 0.843109 0.651388 -2.161761 2.419180 -1.657432 -0.139482 0.891173 -0.806850 -0.163070 
-2.833859 1.951551 1.233823 -1.818630 0.885793 0.823269 -2.218384 2.425029 -1.561891 -0.022429 0.853434 -0.779835 -0.167637 
-2.802606 2.113524 1.347395 -1.795640 0.915554 0.894011 -2.230099 2.356599 -1.558284 0.034526 0.890710 -0.815267 -0.177009 
-2.846883 1.996411 1.301603 -1.626269 1.009276 0.815244 -2.160719 2.487315 -1.409341 -0.040991 0.978575 -0.787494 -0.073809 
-2.799864 1.929532 1.411430 -1.549862 1.011874 0.789641 -2.230783 2.505266 -1.477933 -0.023452 1.003471 -0.871548 -0.047246 
-2.843585 1.965125 1.382358 -1.662883 1.016944 0.841029 -2.223777 2.479213 -1.496446 -0.027210 0.982460 -0.918554 -0.086702 
-2.983496 1.938431 1.377662 -1.735760 0.973773 0.830021 -2.233469 2.417324 -1.590477 -0.093788 1.004408 -0.982672 -0.212749 
-2.908605 2.030224 1.465054 -1.667754 1.006526 0.813120 -2.273234 2.490096 -1.631373 -0.125210 0.994941 -0.956294 -0.138043 
-2.932996 1.998776 1.360865 -1.726011 0.987591 0.783862 -2.236131 2.535227 -1.570915 -0.135268 0.937193 -0.970379 -0.158786 
-2.939911 1.956242 1.332501 -1.732986 1.010607 0.837257 -2.195333 2.537241 -1.511573 -0.110148 0.959980 -0.977351 -0.153013 
-4.096765 0.477860 -0.398544 -1.790285 0.714216 0.401502 -1.758308 1.574230 -0.859459 -0.130997 1.938157 0.276442 -0.933487 
-4.094702 0.894497 -0.551872 -1.163150 0.525556 -0.005859 -1.277179 0.865266 -1.091972 0.142968 1.499563 -0.378759 -1.053888 
-3.356105 2.385230 0.825748 -0.204493 1.468810 0.985455 -0.663079 1.867443 -1.430601 1.017273 1.278221 -0.636055 -0.332815 
-3.907952 2.949790 2.046490 0.965684 1.609615 0.788607 -0.306514 2.586682 -1.655736 0.636615 0.809173 -0.817205 0.854084 
-4.516923 3.046316 2.338334 1.426250 1.313295 0.035756 -0.494682 2.403433 -1.337119 0.491790 1.091092 -0.701167 0.897107 
-3.207032 2.928486 1.424626 0.222621 1.245959 0.655680 -0.634433 2.363892 -1.002269 0.467662 0.494069 -0.480760 0.545238 
-2.912691 2.728594 1.676479 -0.254007 0.850124 0.782781 -0.936349 2.391340 -1.038057 0.818518 0.402474 -0.226134 0.731592 
-2.950315 2.215435 1.708525 -0.408869 0.718369 0.675989 -1.316175 2.309438 -1.118919 0.263329 0.247600 -0.195724 0.809887 
-2.928472 2.128859 1.392583 -0.711235 0.555602 0.267904 -1.639627 2.360148 -1.123375 -0.171323 0.644728 -0.205909 0.489920 
-2.616485 2.118892 1.228133 -1.440599 0.960279 0.896605 -2.039351 2.427284 -1.711410 0.328405 0.857779 -0.673140 -0.034992 
-2.907829 2.029078 1.298648 -1.668510 1.114610 0.910203 -2.321447 2.570498 -1.669276 -0.059356 1.030166 -1.014610 -0.147292 
-2.931200 1.927369 1.164842 -1.663234 0.977608 0.778658 -2.190550 2.449183 -1.623593 -0.101071 1.019212 -0.879774 -0.148940 
-2.766713 2.007981 1.069778 -1.610100 0.923822 0.669502 -2.092129 2.306773 -1.460653 -0.038349 0.855938 -0.832794 -0.061152 
-2.669414 1.941587 1.118360 -1.544245 0.948966 0.705742 -2.073859 2.329827 -1.475976 0.040105 0.881622 -0.846278 -0.086360 
-3.356485 2.173315 -0.473739 -1.895890 1.025359 1.181280 -0.709070 1.909174 -1.118533 0.486799 0.790559 -0.350991 -0.201623 
-3.282767 2.358661 -0.739549 -1.719770 1.160391 0.376371 -1.498383 1.563081 -1.065491 0.237100 0.768158 -0.430339 0.271448 
-2.590055 3.394660 0.115606 -1.059236 1.516550 0.242104 -1.682947 1.790079 -1.820330 -0.218231 0.269847 -0.766392 0.443755 
-0.825951 5.879197 -0.831892 -1.197028 2.452867 0.525813 -1.004098 1.850038 -2.989721 0.814290 -0.607325 -0.769777 -0.062496 
-0.891500 5.875303 -2.766806 -0.800292 3.422793 0.129090 -0.764962 1.272717 -2.576732 0.435397 -0.594027 -0.757622 0.729753 
-1.394016 5.080060 -2.598074 -0.312948 2.707442 -0.554615 -0.789502 0.716025 -3.080716 -0.135623 -0.911147 -0.849658 0.534525 
-1.708418 4.865875 -2.440905 -0.665517 1.660952 -1.042121 -0.971292 0.170693 -3.493552 -0.198902 -0.590712 -0.236571 0.461972 
-2.172030 3.431091 -1.269915 -0.874259 0.944390 -0.360834 -1.147034 0.095113 -3.112133 -0.129009 -0.363341 0.191758 0.428218 
-2.044361 3.484969 -2.271631 -1.173037 0.775392 -0.717450 -0.446335 0.555786 -2.256383 0.464756 0.154758 0.074942 0.093869 
-1.597452 4.746906 -3.067146 -1.040713 1.463507 -1.258767 -0.218956 0.948446 -2.662405 0.705394 0.419622 -0.525897 0.034046 
-1.790780 5.564990 -2.340847 -1.031806 2.210038 -0.806406 -1.068716 0.583327 -3.032885 0.543791 0.866456 -0.480439 -0.377285 
-2.356025 5.138628 0.506527 -1.588764 1.859667 0.562084 -2.555302 0.918926 -2.572744 0.398235 0.824641 -0.916413 -1.347353 
-5.683153 1.636006 1.487688 -1.039859 0.634536 1.367155 -1.338737 0.828764 -0.538013 0.357509 0.100725 -0.379071 -0.535666 
-3.449820 2.114531 0.378961 -1.156189 0.907729 1.397849 -1.657496 -0.658301 -1.129153 -0.445244 -0.339718 -0.102506 -0.891956 
-3.461442 2.122200 0.279528 -1.272512 0.746527 1.062771 -1.903780 -0.215746 -0.814962 -0.403926 -0.310331 0.163797 -0.564798 
-4.587983 1.414887 0.081749 -2.306548 -0.107589 1.258273 -1.692200 -0.206215 -0.863515 0.503291 -0.052910 0.505354 -0.234835 
-4.452927 1.632584 0.544113 -2.456914 -0.243574 1.695973 -1.443540 -0.357112 -0.894198 0.622097 -0.086447 0.264891 -0.336553 
-3.958406 1.543439 0.419224 -2.109932 -0.034186 1.678643 -0.944142 0.415383 -0.363076 0.432154 -0.374272 0.101637 -0.381173 
-4.141160 1.356656 0.062271 -2.430096 -0.105764 1.788684 -1.050581 0.086687 -0.608802 0.384747 -0.564810 0.446855 -0.444162 
-4.335303 1.519654 0.433151 -2.453576 -0.387015 1.570854 -1.334305 -0.078447 -0.959056 0.264059 -0.603368 0.580253 -0.133437 
-2.971163 3.197223 1.304988 -0.659084 1.455813 1.946661 -0.934448 0.824851 -1.353726 0.848572 0.219057 -0.310800 -0.720983 
-2.193997 4.016616 -0.238565 0.764627 2.978601 0.568095 -0.936918 0.888537 -2.755337 0.312958 1.292657 -0.610150 -0.824056 
-2.575582 4.128052 -0.937534 1.171633 2.791053 -0.566264 -0.744587 0.596521 -3.157981 -0.169864 1.317287 -0.904784 -0.755160 
-2.595904 4.201243 -0.882104 0.823424 2.669795 -0.699985 -1.188293 0.688612 -3.020093 -0.378677 1.035429 -0.566916 -0.477838 
-2.165004 3.838451 -0.965795 0.359118 2.819924 -0.604625 -1.785935 1.252481 -2.960324 -0.097410 1.089461 -0.392038 -0.365836 
-1.750000 4.449278 -1.039067 0.147308 3.691672 -0.147739 -1.949958 2.135055 -3.244853 0.116596 1.633303 -0.892264 -0.352243 
-2.445754 3.643136 0.149308 -0.745946 2.421086 0.650599 -1.911529 2.275594 -2.568835 -0.189815 0.909587 -0.579941 -0.251520 
-2.644093 2.940080 1.192661 -1.070417 1.423969 0.953656 -1.800076 2.576284 -2.088957 -0.034178 0.826190 -0.730448 -0.097157 
-3.399620 3.361365 1.833450 -1.089870 1.476270 0.724243 -2.219180 3.308302 -2.150872 0.157921 1.580504 -1.012721 -0.470307 
-2.694813 2.609560 1.523892 -1.174372 1.272856 1.029543 -1.910785 2.862627 -1.600678 0.393483 1.045180 -0.708335 0.051537 
-2.695993 2.417790 1.472986 -1.281337 1.242283 0.998629 -1.962643 2.723004 -1.445259 0.273991 1.009783 -0.691840 0.086695 
-4.125819 2.238744 1.580495 -0.940214 1.126968 0.901585 -1.313795 2.155830 -1.628452 -0.480417 0.542255 -1.576379 -0.298072 
-3.664979 1.908927 1.181638 -1.285766 0.513610 0.649594 -1.263366 1.530657 -1.704798 0.193279 1.117163 -0.981037 -0.486513 
-3.422080 2.040827 1.522186 -1.408420 0.451095 0.776700 -1.298240 1.798164 -1.765527 0.161442 1.371152 -0.769625 -0.413218 
-3.347220 1.815653 0.766427 -1.606845 1.100748 0.975021 -1.649871 1.798002 -1.510725 -0.171449 1.212372 -1.021533 -0.397650 
-2.899323 2.380321 0.817481 -1.865241 1.095529 0.652266 -2.321731 1.807319 -1.780997 0.015378 1.385928 -0.588987 -0.269334 
-2.845913 2.476153 1.192885 -1.676948 1.080892 0.601885 -2.212454 2.213327 -1.803582 -0.222046 1.040543 -0.877925 -0.034829 
-3.160017 2.167506 1.104905 -1.599000 1.255706 0.857536 -2.089353 2.378696 -1.513425 -0.226861 1.233824 -0.864592 -0.056618 
-2.923044 2.131843 1.025402 -1.912654 0.984879 0.837461 -2.083136 2.449334 -1.459607 0.151940 0.873107 -0.957168 -0.214110 
-2.791830 2.202631 1.075782 -1.882118 0.963371 0.819031 -2.033431 2.601231 -1.487814 0.229714 0.844099 -0.970648 -0.198431 
-2.703199 2.225259 1.265641 -1.555612 1.076324 0.848850 -1.939499 2.616511 -1.565432 -0.064255 0.866978 -0.881344 -0.214020 
-2.728007 2.272311 1.222463 -1.578507 1.002012 0.702792 -2.004168 2.479914 -1.618068 -0.094548 0.855998 -0.856585 -0.167577 
-2.811291 2.100718 1.100451 -1.724708 0.889113 0.574057 -2.188706 2.375165 -1.660696 -0.041843 0.914948 -0.883005 -0.099519 
-2.952465 1.869635 1.191751 -1.684499 0.954751 0.811706 -2.113673 2.323893 -1.503604 -0.100577 0.969889 -0.971580 -0.165445 
