-2.932336 1.921035 1.382772 -1.802341 1.058939 0.943308 -2.259968 2.573193 -1.529354 -0.067017 1.101495 -0.925987 -0.132691 
-3.085965 1.911307 1.496136 -1.694631 1.045398 0.913380 -2.343194 2.381943 -1.490286 -0.083517 1.073876 -1.029063 -0.230947 
-3.309104 1.856508 1.153172 -1.622874 1.083794 0.854695 -2.230008 2.204574 -1.152397 -0.075670 1.092035 -1.087821 -0.131446 
-3.190562 2.022779 1.226777 -1.522645 1.205410 1.021301 -2.205270 2.089795 -1.046476 0.158306 0.994848 -1.004681 -0.259265 
-2.848633 2.066446 1.260055 -1.481103 1.189904 0.871385 -2.314965 2.132504 -1.177631 0.137069 0.910639 -0.990554 -0.234087 
-2.877636 1.905865 1.205213 -1.529221 0.944299 0.695512 -2.146707 2.143916 -1.369693 -0.087172 0.879991 -0.906534 -0.175414 
-3.160256 1.679548 1.162156 -1.540333 0.937236 0.805860 -1.953865 2.369554 -1.328860 -0.138190 0.831071 -0.817445 -0.115142 
-2.879898 1.980482 1.132239 -1.733517 0.998490 0.766372 -2.160069 2.464442 -1.344062 -0.015162 0.850317 -0.849163 -0.067533 
-2.812131 1.952886 1.131429 -1.649070 0.929523 0.735133 -2.119448 2.294041 -1.552528 -0.151767 0.844774 -0.959400 -0.185820 
-2.951102 1.968440 1.155675 -1.575047 0.994899 0.815542 -2.023925 2.274790 -1.523133 -0.153415 0.871279 -0.936101 -0.112348 
-2.887846 1.952626 1.179099 -1.636936 0.995680 0.817842 -2.126401 2.388420 -1.472561 0.009081 0.851654 -0.941108 -0.090501 
-2.845906 1.979626 1.141148 -1.609026 1.052425 0.831290 -2.072421 2.458127 -1.382813 0.007341 1.023213 -0.879223 -0.098188 
-2.823216 1.995305 1.124917 -1.482826 1.048888 0.715379 -2.005102 2.390878 -1.439607 -0.064630 0.911024 -0.842532 -0.143703 
-2.855193 1.954967 1.072459 -1.494557 1.044524 0.686057 -2.040890 2.339249 -1.413089 -0.048568 0.829514 -0.859775 -0.074742 
-2.866354 1.931719 1.003795 -1.723042 0.933521 0.668024 -2.136883 2.378652 -1.367016 -0.144795 0.745381 -0.843987 0.101747 
-2.814268 2.129356 1.423339 -1.847831 0.668351 0.621197 -2.061480 2.874578 -1.637264 -0.120630 0.671782 -0.740521 -0.086104 
-2.894774 2.003806 1.224432 -1.638500 0.892589 0.697913 -2.101745 2.407573 -1.561853 -0.032434 0.829733 -0.829110 -0.098029 
-2.878913 1.989222 1.233390 -1.551383 0.994425 0.761572 -2.069872 2.369363 -1.464719 -0.049754 0.933578 -0.850648 -0.035521 
-2.927986 1.949792 1.214160 -1.580384 1.024946 0.750625 -2.104805 2.438049 -1.432366 -0.084171 0.988483 -0.935935 -0.159837 
-2.820366 1.934987 1.337098 -1.618596 0.985359 0.708036 -2.217921 2.498905 -1.559545 -0.117306 0.981814 -0.916759 -0.148414 
-3.623596 2.172125 0.696386 -0.625453 0.779790 0.376959 -0.872068 0.880589 -1.600525 0.105885 1.166222 -1.126914 -0.772299 
-3.492256 2.755064 1.192928 0.546757 1.499328 0.186901 -0.636519 2.344049 -1.720997 0.189764 1.441543 -0.942458 -0.325136 
-3.721353 3.834706 2.888472 0.957675 1.304223 0.810020 -0.461330 2.414371 -2.078210 0.646064 1.209200 -0.671391 -0.056951 
-3.384034 3.854775 2.143330 0.924346 1.544989 0.715894 0.002460 2.719523 -2.011589 0.676888 0.909951 -0.580004 -0.132198 
-3.250181 3.602990 2.190155 0.640976 1.306249 0.571543 -0.369232 2.699139 -1.929421 0.592162 1.062503 -0.364903 -0.202152 
-4.079291 3.209615 3.175370 0.516572 0.721033 0.673080 -0.962416 2.157199 -2.048918 0.846745 1.100012 -0.438748 -0.053101 
-5.007820 3.161587 3.367157 0.728496 0.799038 0.840696 -0.676507 2.082439 -2.037388 1.082220 1.350662 -0.644104 -0.097586 
-6.378196 2.518769 3.164557 2.000495 1.498886 0.366564 -0.264818 2.865719 -1.205130 0.024729 1.670870 -0.645242 0.170822 
-5.454958 2.241636 2.683630 1.709763 1.499130 0.091943 -0.736824 3.285274 -0.980478 -0.687592 1.973142 -0.510959 0.396513 
-2.733212 2.718502 1.722275 -1.468891 1.402512 1.259079 -2.362333 2.980361 -1.485657 0.476028 1.116047 -0.739924 0.137336 
-2.847662 1.900086 1.214294 -1.485159 1.008033 0.844020 -2.235480 2.453805 -1.507509 0.043829 0.939610 -0.849945 -0.018998 
-2.762307 1.794194 1.173579 -1.531378 0.934589 0.818929 -2.208959 2.350743 -1.543332 -0.002012 0.886567 -0.840603 -0.086079 
-2.857296 2.141465 1.335216 -1.588313 1.081446 0.946774 -2.156002 2.599748 -1.616124 0.015882 0.909232 -0.854104 -0.072461 
-3.198768 1.667605 0.041758 -1.264448 0.359497 -0.005855 -1.357568 1.471556 -1.315385 0.130252 1.238127 0.160890 0.090375 
-3.208162 1.647621 -0.059565 -1.167834 0.514076 -0.043507 -1.366959 1.621356 -1.151288 0.148713 1.204083 0.139785 0.142576 
-2.984404 2.298365 -0.725438 -0.986476 1.726551 0.088166 -1.154442 2.348381 -1.209941 0.439058 0.934644 -0.735544 0.152306 
-2.022452 2.706753 0.592975 -0.664543 1.054332 0.534382 -1.265581 1.651217 -1.858852 0.468841 -0.030055 -0.654807 -0.252548 
-1.655365 4.541731 -1.425454 -0.625592 1.909376 0.016741 -0.639587 0.874633 -2.410833 0.203151 -0.278534 -0.023647 0.641998 
-1.606549 4.716067 -2.248002 -0.743414 1.598958 -0.496743 -0.617864 0.160830 -2.684445 0.465992 -0.548923 0.029907 0.875509 
-1.599901 4.268638 -2.017659 -0.960339 0.553971 -0.950130 -0.816449 -0.172298 -3.223939 0.532161 -0.773888 0.514095 0.707322 
-1.125000 3.598845 -1.976517 -1.566617 0.417513 -0.589232 -1.207119 0.473410 -2.364440 1.146860 -0.904653 0.754429 0.504053 
-1.646778 4.137493 -2.093778 -1.349790 0.589312 -0.757239 -0.807474 0.348216 -2.116531 0.897274 -0.436654 0.294303 0.147635 
-1.779434 4.689229 -2.107877 -1.128074 0.755581 -1.107182 -0.806481 0.195726 -2.838223 0.755091 -0.052630 0.221121 0.035815 
-1.062904 5.514080 -1.971974 -1.520786 1.849754 -0.727506 -1.682963 0.863039 -3.073287 1.171916 0.446327 -0.340999 -0.386382 
-3.013906 3.216568 1.321730 -0.759523 1.390111 0.821746 -2.346408 0.656809 -2.095534 0.541666 0.740356 -0.939149 -0.186432 
-4.872593 1.698166 2.126921 -1.252938 -0.269588 0.769361 -2.068070 0.424676 -1.368942 0.084457 -0.203877 -0.028532 -0.314467 
-4.977045 1.391620 1.602577 -1.638804 -0.652997 0.640980 -1.971124 0.628446 -0.964848 -0.062498 -0.721446 0.128250 -0.351158 
-5.463647 1.021779 1.761533 -1.511546 -0.805065 0.924656 -1.533329 0.812449 -0.446400 0.182673 -0.785932 0.723331 0.039136 
-6.608364 0.730143 2.130548 -0.867375 -0.596470 0.977180 -1.365932 0.448767 -1.020266 -0.153728 -1.400840 0.492672 0.361968 
-5.305120 0.694634 1.051450 -1.257950 -0.317384 1.053770 -1.392299 -0.117312 -0.843451 0.321596 -0.224970 0.122390 -0.570115 
-4.855218 1.173376 0.915951 -0.982352 -0.264034 0.850949 -1.183741 -0.237460 -0.899813 0.097219 0.327821 0.349225 -0.786332 
-5.409869 0.847000 1.244274 -0.844523 -0.369654 1.092788 -1.040587 -0.359089 -1.024026 0.098169 -0.207162 0.049290 -0.786789 
-6.045271 -0.081779 0.704305 -1.831562 -0.946225 1.279226 -0.884609 0.058267 -0.708443 0.475689 -0.472613 0.069384 -0.463809 
-3.832417 2.649683 2.366460 -0.459086 0.973747 2.040141 -1.055114 0.500172 -1.125461 0.719292 0.015128 -0.179023 -0.416880 
-3.423385 3.015704 1.061496 1.181728 1.801867 0.967903 -0.440075 -0.491919 -1.857319 1.348193 1.124085 -1.278676 -0.784582 
-3.155415 3.441648 0.456576 0.990497 1.957209 0.526818 -0.746440 -0.651751 -2.315866 1.400450 0.910417 -1.520236 -0.924763 
-2.554774 4.103221 0.146266 0.422019 2.165835 0.457566 -1.349905 -0.406627 -2.710851 1.373011 0.763519 -1.421042 -0.623330 
-2.802809 3.821848 -0.371520 -0.143519 2.249808 0.587105 -1.579844 -0.357761 -2.281720 1.187425 0.725214 -1.189156 -0.419375 
-3.057224 3.814045 -0.321671 -0.287979 2.168494 0.466168 -1.383859 0.222507 -2.091926 1.214990 1.277174 -0.963139 -0.258516 
-2.635879 3.832114 -0.211561 -0.864748 2.033351 0.823116 -1.483170 0.748757 -1.995502 1.225712 1.137159 -1.131042 -0.458918 
-3.089036 4.114466 0.033394 -0.211485 2.832777 1.143640 -1.716954 0.332339 -2.164140 0.975496 1.397725 -1.591233 -0.690274 
-4.164307 3.559241 1.445984 0.000116 2.740503 1.474833 -1.604386 2.013836 -2.285789 0.965345 2.601737 -1.485368 -0.515096 
-2.742460 2.395400 1.020625 -1.035413 1.175399 0.887596 -1.597378 2.355933 -1.624162 0.401330 0.935639 -0.742005 -0.085556 
-2.536621 2.237283 0.941584 -1.156585 0.960802 0.735000 -1.736742 2.259090 -1.824931 0.230930 0.608752 -0.714410 -0.179268 
-3.056706 3.112522 1.825856 -1.331224 1.774199 1.415551 -2.456916 3.071934 -2.158820 0.353378 1.839495 -0.742904 -0.205697 
-3.396111 2.516311 1.031700 -1.508840 1.556813 1.108738 -1.784078 2.894281 -1.903162 -0.214715 1.564221 -1.034128 -0.298776 
-3.210266 1.963561 0.943367 -1.135193 1.266302 0.994926 -1.738261 1.826633 -1.286220 0.079748 0.875427 -1.068334 -0.185449 
-3.237513 1.957295 0.747493 -1.224938 1.415462 1.175404 -1.673867 1.651325 -1.372881 0.120552 0.888920 -1.053667 -0.230036 
-3.157204 2.045648 0.160679 -1.901973 1.451632 1.102306 -1.813873 1.682318 -1.216820 0.126897 1.409438 -0.760098 -0.321388 
-2.983943 2.124069 0.608198 -1.953493 1.207540 0.916061 -2.050191 1.953126 -1.508983 0.044168 1.238479 -0.808262 -0.261900 
-2.919760 2.061913 1.317774 -1.691722 1.115167 0.903787 -2.212952 2.403173 -1.403256 0.045372 1.089198 -1.012696 -0.317612 
-3.014727 2.071762 1.106849 -1.866544 1.013412 0.809089 -2.125378 2.459004 -1.467862 -0.021110 1.125200 -0.852722 -0.241747 
-3.597912 2.569635 2.263005 -1.755067 0.436603 1.276373 -1.912611 1.529361 -0.994497 0.171277 0.430594 -1.145116 -0.720263 
-3.561557 2.321496 2.234001 -1.589772 0.482296 1.181756 -1.886796 1.689871 -0.956547 0.006195 0.336356 -1.240816 -0.713722 
-2.920958 1.648800 1.310729 -1.559453 0.968168 0.746652 -2.089455 2.606708 -1.577968 -0.295589 1.238221 -1.058291 -0.225275 
