-2.860309 1.916567 1.337200 -1.681988 1.020209 0.844325 -2.259362 2.437326 -1.502357 -0.060754 1.009253 -0.988885 -0.177950 
-2.932694 1.861496 1.223620 -1.686685 0.949750 0.702064 -2.322216 2.336193 -1.585320 -0.214933 1.023441 -0.751405 0.020514 
-2.581662 2.182300 1.155614 -1.876191 0.912776 0.769532 -2.077134 2.680058 -1.699752 -0.024282 0.708574 -0.725733 -0.171429 
-2.564761 2.251280 1.123510 -1.814692 0.933241 0.718975 -2.114402 2.485454 -1.675495 0.075804 0.826123 -0.881164 -0.146262 
-2.897473 1.926444 1.291027 -1.561810 0.984388 0.779683 -2.124197 2.372544 -1.534946 -0.036104 0.956630 -0.843733 -0.089119 
-2.934996 1.920388 1.373211 -1.598635 0.966564 0.810144 -2.089655 2.475681 -1.503987 -0.060951 0.948573 -0.861583 -0.103262 
-2.905511 2.096475 1.420670 -1.625351 1.047161 0.782079 -2.196469 2.581354 -1.464766 -0.138241 0.944032 -1.018084 -0.166340 
-2.910369 1.948679 1.370745 -1.719358 0.988447 0.747576 -2.270535 2.610144 -1.506729 -0.115841 1.011548 -1.019358 -0.196130 
-2.969415 1.948648 1.359699 -1.703708 1.056609 0.799027 -2.289121 2.509948 -1.627894 -0.124007 1.064151 -0.923239 -0.163085 
-3.033141 2.052454 1.297497 -1.726799 1.039734 0.767222 -2.241953 2.446122 -1.578386 -0.200020 1.070361 -0.969429 -0.191331 
-2.967809 2.132620 1.409013 -1.657804 1.061504 0.774270 -2.197144 2.588937 -1.536070 -0.120925 1.118928 -0.933926 -0.167761 
-2.948998 2.070154 1.424779 -1.654137 1.086051 0.794779 -2.242947 2.646110 -1.498526 -0.096211 1.071432 -0.997192 -0.180864 
-3.025144 2.046875 1.383438 -1.655209 1.066825 0.829345 -2.233124 2.482340 -1.472961 -0.164970 1.031316 -1.119138 -0.163262 
-3.075584 1.914906 1.376205 -1.723039 0.893610 0.741101 -2.230500 2.570989 -1.558894 -0.205353 1.053269 -1.012845 -0.195932 
-3.049642 1.972940 1.435876 -1.689262 0.925569 0.826867 -2.156953 2.713463 -1.526718 0.018390 1.107559 -0.850020 -0.090144 
-2.748491 2.242044 1.414342 -1.546268 1.124817 0.927463 -2.076084 2.558811 -1.453457 0.000463 0.781706 -0.998749 -0.142407 
-2.661197 2.151593 1.282156 -1.635326 0.961054 0.677397 -2.310911 2.378753 -1.405567 -0.044040 0.700273 -0.876438 -0.169742 
-2.661492 1.793956 1.292601 -1.656552 0.804945 0.691563 -2.279984 2.349048 -1.512031 -0.014264 0.767319 -0.827474 -0.137239 
-4.758658 1.131127 1.195609 -0.949078 0.274964 0.136407 -1.532694 1.875318 -0.961673 -0.834251 0.663378 -0.175764 -0.340899 
-3.475287 1.880529 1.364101 -0.745144 0.187616 -0.168581 -1.709558 1.567736 -1.318824 -0.544827 0.218339 -0.528855 -0.050521 
-4.000818 2.584103 1.277230 -0.307382 0.895671 0.123146 -1.393489 2.075167 -1.489772 0.026514 0.205737 -0.522273 0.311901 
-3.740549 3.830765 1.909758 0.608049 1.437466 0.123271 -0.756593 2.793584 -1.410032 0.781873 1.181698 -0.381623 0.544214 
-2.951869 4.288139 1.917776 0.569864 1.707025 0.102798 -1.063310 3.128155 -1.532050 1.208420 1.438431 -0.601110 0.509773 
-2.542310 4.465414 2.119524 0.357803 2.001372 0.913756 -0.876551 3.306965 -1.936734 1.159524 0.877246 -0.569759 0.496723 
-3.008002 3.894385 2.078128 -0.014082 1.803593 1.302285 -0.812861 2.722749 -2.122859 1.146855 0.992661 -0.585778 0.434680 
-3.797391 2.769082 1.791119 -0.237594 1.427164 1.321147 -0.870226 2.495981 -1.962311 1.255123 1.384718 -0.437757 0.584472 
-4.548342 3.279855 3.151044 0.055353 0.925572 1.225591 -0.894625 2.798344 -2.161791 1.033985 1.284858 -0.786649 0.166287 
-4.803995 3.523346 3.548597 0.143422 1.350540 1.224258 -1.575457 3.318470 -1.727084 0.502438 1.452590 -0.774383 -0.291106 
-2.664960 2.657104 1.465405 -1.263679 1.426453 1.126767 -2.075350 2.883130 -1.571545 0.459731 1.050427 -0.731423 0.194171 
-2.669982 2.136415 1.248769 -1.321456 1.036883 0.768529 -2.079936 2.390137 -1.563602 0.084605 0.828250 -0.821648 -0.011978 
-2.734066 2.050019 1.202735 -1.464532 0.898880 0.729194 -2.021829 2.381960 -1.577919 0.043199 0.870919 -0.833480 -0.077758 
-2.723475 2.053948 1.230843 -1.536827 0.924500 0.768256 -2.096228 2.427037 -1.628333 0.022759 0.841683 -0.908909 -0.130705 
-2.840641 2.081590 1.320539 -1.631351 1.018008 0.797587 -2.241476 2.587192 -1.526916 0.059177 1.045987 -0.828067 -0.095994 
-2.580379 3.982430 0.416120 -0.969801 2.527271 1.493025 -1.265215 2.585682 -1.292819 1.175478 0.767508 -0.252515 0.011455 
-2.597808 3.620488 0.558176 -1.138655 1.941876 1.194588 -1.246888 2.332821 -1.371932 0.408175 0.371338 -0.507627 0.275370 
-2.884427 3.268056 0.099955 -1.506682 1.750765 0.919268 -1.449400 1.915891 -1.654838 -0.285878 0.351396 -0.548542 0.506490 
-2.495187 2.903452 -0.140456 -1.163874 1.487097 0.775138 -1.130901 1.811567 -1.758821 0.200144 0.442634 -0.384504 0.340945 
-1.075569 5.447223 -1.484404 -1.062543 2.679405 0.427697 -1.144756 1.358708 -2.432409 0.849689 -0.164975 -0.446501 0.304092 
-0.724249 6.311712 -2.362388 -1.288090 3.104438 0.086967 -1.289191 1.213177 -2.707287 0.899613 -0.180410 -0.447481 0.543112 
-1.512237 4.345542 -1.330633 -1.124902 1.473935 -0.060223 -1.250899 0.557152 -2.881402 0.509795 -0.392815 -0.079157 0.188848 
-1.236792 4.096112 -1.614334 -1.450199 0.859027 -0.644800 -1.381319 0.816790 -2.391162 1.154713 -0.254982 -0.204308 -0.269921 
-1.389919 4.733706 -1.806282 -1.572743 0.980222 -0.820787 -1.372054 0.747451 -2.469561 1.079847 0.035326 -0.287513 -0.416845 
-1.379923 5.456430 -2.026517 -1.472710 1.449655 -1.103981 -1.529192 0.790913 -3.112346 0.680820 0.241331 -0.246214 -0.179562 
-0.902613 6.003472 -1.841657 -1.474688 1.959301 -0.767545 -1.598572 1.020179 -3.481704 1.072620 0.443698 -0.439810 -0.248253 
-1.290324 5.212586 0.398729 -0.987550 1.455454 -0.059403 -1.983233 1.108871 -2.860560 1.442753 0.444128 -0.854743 -0.304496 
-4.275609 2.493139 1.609305 -0.400220 1.054307 0.941211 -2.055653 0.652899 -1.091315 0.396640 0.568868 -0.713035 -0.812073 
-4.895438 1.847702 1.621197 -1.060004 0.734424 1.534211 -1.896584 0.385245 -0.647433 0.364756 0.321302 0.077934 -0.250306 
-4.457606 2.353695 1.060962 -1.626176 0.641407 1.583321 -1.919719 -0.112382 -0.719159 0.374251 -0.066819 -0.137888 -0.451131 
-4.646712 1.793231 0.278913 -2.377230 0.484779 1.977353 -1.190957 0.441354 -0.858890 -0.278863 -0.418792 -0.790785 -1.017926 
-4.655769 0.934144 0.415689 -1.919600 0.073892 1.800786 -1.046955 -0.003613 -0.893226 -0.237148 -0.419636 -0.526735 -0.830317 
-5.039687 1.162024 1.100774 -1.830382 0.132668 1.921159 -1.537007 0.165747 -0.829795 0.225408 -0.234601 0.330495 -0.479155 
-5.337203 1.425633 1.307650 -2.104356 -0.438109 1.727267 -1.305310 0.376597 -0.662207 0.107049 -0.388685 0.633381 -0.434466 
-4.484944 1.190913 0.985690 -1.306753 0.244427 1.690179 -1.512060 -0.228271 -0.779855 0.604996 -0.386415 -0.188572 -0.729910 
-5.586604 1.218193 1.453762 -1.593037 0.139486 2.024374 -1.502564 -0.229538 -1.202579 1.013353 -0.244171 -0.159192 -0.850552 
-6.291781 0.566559 1.108520 -1.700258 -0.097078 1.988108 -1.019687 0.159172 -0.831728 1.253054 0.183950 0.565676 -0.644765 
-3.315125 2.152234 1.569459 -0.758389 0.733402 1.699476 -1.073885 0.820058 -0.750052 1.047751 0.593281 0.345602 -0.486284 
-2.643374 3.050251 1.144521 0.019765 1.848758 1.308393 -1.238951 1.223626 -1.357207 0.770997 0.327891 -0.980052 -0.547778 
-2.196384 3.291919 0.288366 0.018607 1.805874 0.787577 -1.122054 0.686119 -2.223977 0.780188 0.299425 -1.332036 -0.569562 
-2.789859 3.165367 0.027174 0.027772 1.667901 0.700795 -0.932119 -0.181199 -2.677025 0.805241 0.466844 -1.374350 -0.825281 
-2.687074 4.312352 -0.001096 -0.331817 1.809146 0.674692 -1.075801 -0.479843 -3.107153 1.042403 0.617384 -1.106207 -0.757664 
-2.690357 3.918273 -0.281019 -0.485024 2.007650 0.606324 -1.208231 0.179990 -2.817073 0.796770 0.573154 -1.027421 -0.599575 
-2.626770 4.138037 -0.165504 -0.705314 2.164179 0.823049 -1.176353 0.654469 -2.819575 0.556882 0.881441 -0.738832 -0.291256 
-2.530499 4.094064 -0.149660 -1.107670 2.210674 0.969562 -1.408783 1.306078 -2.426816 0.476984 1.086004 -0.752566 -0.401498 
-2.370022 2.807021 0.864712 -1.255349 1.217397 0.611556 -1.988558 2.303794 -1.850331 0.395772 0.809474 -0.626931 -0.016947 
-3.264953 3.919695 1.527993 -0.973101 2.725647 1.791535 -2.096503 3.269929 -2.108369 0.369485 1.699018 -0.931748 -0.046560 
-2.534485 2.746144 1.221943 -1.333993 1.145598 0.778950 -1.996696 2.590421 -1.861578 0.328327 0.809213 -0.831468 -0.143229 
-2.405731 2.653165 1.308829 -1.290336 1.068122 0.762799 -1.939271 2.627062 -1.782063 0.395621 0.793741 -0.806612 -0.084835 
-2.715886 2.611680 1.951706 -1.481579 1.441508 1.424942 -2.372825 2.920201 -1.603598 0.406518 1.094226 -0.835241 -0.004736 
-2.800867 2.046688 1.427082 -1.403060 1.106513 0.952783 -2.115489 2.562142 -1.546343 0.157581 1.050935 -1.002609 -0.116570 
-2.781694 2.472966 1.932967 -1.366366 0.965988 1.203262 -2.024935 2.146867 -1.801370 0.436411 0.283858 -0.829261 -0.205492 
-3.082048 2.548458 1.590797 -1.446388 1.305041 1.510388 -2.016082 1.633881 -1.831785 0.394290 0.589918 -0.939966 -0.371732 
-3.005082 2.233561 0.522560 -1.698610 1.402432 1.060346 -2.009377 1.761634 -1.595534 0.092001 0.905668 -0.986760 -0.349337 
-3.030949 2.389574 0.691867 -1.896039 1.033678 1.044745 -1.851986 1.687685 -1.697861 0.203997 0.444860 -0.827458 -0.077027 
-2.776563 2.445585 0.932352 -1.722101 1.142717 1.144759 -1.781013 1.941257 -1.676271 0.088258 0.640851 -0.604060 -0.091859 
-2.712903 2.320487 0.890480 -1.805629 1.060439 1.003301 -1.873388 2.149055 -1.551059 0.099862 0.829483 -0.649064 -0.183362 
