-3.023876 1.906285 1.236306 -1.829347 1.021168 0.767664 -2.418061 2.486542 -1.538505 -0.235568 1.040107 -1.006957 -0.177223 
-2.952916 1.906409 1.436682 -1.750433 0.944489 0.960164 -2.192423 2.568985 -1.541708 0.002296 1.035405 -0.806879 -0.034667 
-2.768023 2.158174 1.381557 -1.551254 1.022517 0.745394 -2.189888 2.428310 -1.506281 0.043569 0.814372 -0.907724 -0.125498 
-2.799656 1.994883 1.236489 -1.553806 0.941284 0.646907 -2.208369 2.306371 -1.514311 0.004542 0.838412 -0.924527 -0.105679 
-2.945423 1.660574 1.008743 -1.588251 1.023646 0.729919 -2.141111 2.283541 -1.470387 -0.116126 0.951637 -0.913241 -0.144201 
-2.785541 2.060398 1.219588 -1.698613 1.047274 0.802240 -2.174307 2.497473 -1.521117 -0.005931 0.937966 -0.862765 -0.100198 
-2.832580 2.114946 1.027714 -1.675575 1.018558 0.686517 -2.095580 2.415876 -1.405913 -0.158347 0.874034 -0.896031 -0.082337 
-3.076154 1.957921 1.012602 -1.634675 1.070210 0.651317 -2.191383 2.442155 -1.364271 -0.126957 0.962064 -0.944937 -0.065014 
-2.822250 1.945929 1.120476 -1.542086 1.001047 0.784114 -2.002450 2.483449 -1.394867 -0.041514 0.903412 -0.826479 -0.027750 
-2.744926 2.040246 1.098427 -1.590635 0.987638 0.707602 -2.027928 2.490148 -1.430317 -0.060468 0.904845 -0.865552 -0.080787 
-2.783166 2.086997 1.232401 -1.549451 1.017969 0.726933 -2.079948 2.473648 -1.499175 -0.001051 0.900078 -0.877983 -0.159130 
-2.801084 2.028342 1.087390 -1.635440 0.992046 0.715518 -2.121405 2.307165 -1.496063 -0.050110 0.774832 -0.903763 -0.127778 
-2.867496 1.936617 1.096842 -1.631367 0.947919 0.704016 -2.178543 2.189760 -1.545332 -0.145489 0.797527 -0.909138 0.130165 
-3.015456 2.080326 1.423166 -1.529644 0.673722 0.320049 -2.167575 2.674755 -1.280045 -0.105798 0.669871 -0.989449 -0.082158 
-2.591235 1.647459 1.312789 -1.602713 0.817325 0.761324 -2.219954 2.440057 -1.594683 0.004120 0.793841 -0.813293 -0.143787 
-2.799955 1.828111 1.192617 -1.650476 0.932686 0.797746 -2.096379 2.421666 -1.491339 -0.035726 1.009324 -0.863125 -0.157640 
-2.856272 1.964329 1.321257 -1.617163 0.949422 0.735623 -2.120900 2.496341 -1.566913 -0.114939 1.028838 -0.861386 -0.181731 
-4.213600 1.280028 0.480942 -0.777688 1.164305 0.835988 -1.298790 1.022505 -0.682321 -0.582091 0.692215 -0.723286 0.480697 
-4.860557 1.878546 1.311316 -0.175661 1.228394 0.662586 -1.393453 1.743942 -0.975650 0.037384 0.638720 -0.924524 0.048730 
-4.105970 3.057621 2.272245 1.476789 1.444925 0.072270 -0.434832 2.616082 -1.314269 0.151939 1.050859 -0.560676 0.189461 
-2.992678 3.062396 1.736913 0.813478 0.885286 0.010259 -0.299825 2.571420 -1.112748 0.844664 0.882530 -0.328417 0.733860 
-3.079744 2.800204 1.904716 0.738535 0.738773 0.024065 -0.399842 2.700026 -1.190954 0.829549 1.153679 -0.407628 0.542373 
-4.359373 3.421752 2.776766 1.632785 1.038886 -0.056846 -0.157946 2.555171 -2.343937 0.263149 1.758311 -0.974386 0.350759 
-4.382823 3.608834 3.023541 1.057601 1.165955 0.400861 -0.639361 2.912759 -2.217497 0.395421 1.808510 -0.929918 0.202138 
-4.618495 3.334057 2.768430 1.042166 0.632365 -0.199987 -0.312845 3.157759 -1.897119 -0.092711 1.813793 -0.511179 0.469347 
-4.630179 3.168086 2.655152 1.386803 1.218307 -0.196168 -0.610260 3.426514 -1.562596 -0.638379 2.054950 -0.928383 0.012334 
-3.172049 2.798281 1.700929 -1.593965 1.527357 1.337510 -2.059917 3.529264 -1.657297 0.573288 1.510938 -0.777743 0.071207 
-3.008052 2.282488 1.501828 -1.705437 1.004751 0.728421 -2.519075 2.560912 -1.784634 0.182143 0.957316 -1.089135 -0.272825 
-3.006813 2.176139 1.419623 -1.585114 1.026636 0.709519 -2.334923 2.562685 -1.608188 0.047297 1.017027 -0.990276 -0.066149 
-3.278720 2.022249 1.345753 -1.672310 1.052965 0.837473 -2.212356 2.624249 -1.525207 -0.187845 1.080416 -0.965249 -0.031594 
-3.040688 3.711494 2.048896 -0.351917 2.022522 1.016775 -1.882044 2.681139 -2.326795 0.058332 0.635006 -0.145646 1.195070 
-2.551690 3.520624 0.772785 -0.894689 1.715625 0.800899 -1.429661 2.409531 -1.992567 -0.061939 0.250746 -0.422015 0.767087 
-2.854125 3.049412 -0.384252 -1.351805 1.695913 0.538727 -1.370843 1.561135 -1.697904 -0.532339 0.494630 -0.697050 0.405544 
-1.455708 5.165782 -0.578310 -1.890126 1.419996 0.090006 -1.491110 1.911819 -2.275321 0.832941 0.016821 -0.187543 0.343747 
-0.901931 5.703250 -2.165598 -0.726037 3.188376 -0.109375 -1.374543 1.450059 -2.262966 0.428974 -0.534150 -0.742218 0.852556 
-0.879481 5.267658 -2.026877 -0.315407 2.477940 -0.336128 -0.835301 0.941155 -2.828454 0.457282 -0.865482 -0.396489 0.977680 
-1.028898 4.452816 -2.268247 -0.967134 1.140467 -0.818378 -0.707809 0.575064 -2.784217 0.736988 -0.356619 0.341526 0.426812 
-1.128399 4.098000 -2.288253 -1.146322 0.816626 -0.957367 -0.931781 0.444192 -2.778798 0.621587 -0.426358 0.597037 0.408669 
-1.125222 3.988944 -2.378907 -1.140750 0.895787 -1.093826 -1.174758 0.338468 -3.275412 0.360491 -0.595842 0.544211 0.332351 
-1.144300 3.935390 -2.443275 -1.019742 1.158172 -0.999366 -1.204675 0.325087 -3.302073 0.584266 -0.386101 0.493259 0.337399 
-0.946460 4.527958 -1.962997 -0.851279 1.931957 -0.689614 -1.428423 0.885335 -3.306162 0.687227 0.116798 -0.147114 -0.342911 
-1.575655 4.808276 0.213538 -0.895109 1.984783 0.329466 -2.291798 0.841947 -2.621918 1.280101 0.515116 -1.063846 -0.709126 
-4.693996 2.298193 1.781793 0.105643 1.052296 0.799162 -1.619977 0.355831 -0.530010 0.467689 0.633691 -1.042469 -0.805203 
-3.974455 1.720379 1.180618 -0.708144 0.123419 0.627038 -1.042556 0.812596 -0.953093 -0.166265 0.566322 -0.395087 -1.249624 
-4.044449 1.781689 1.579576 -0.812790 -0.166929 0.777631 -1.222197 0.646248 -1.175440 0.167704 0.224253 0.222886 -0.617223 
-5.252162 1.840852 1.862363 -1.092521 -0.389298 1.238286 -1.180784 -0.221229 -1.665898 -0.258716 -0.229586 0.145091 -0.194092 
-5.188991 1.661893 1.921600 -0.984942 -0.081932 1.474644 -1.407165 -0.073649 -1.363376 0.083839 -0.542000 0.076539 -0.638547 
-4.610560 1.405647 1.805373 -1.164201 -0.010508 1.388019 -1.857147 0.203545 -1.051162 0.827555 -0.176971 0.177343 -1.116611 
-4.760829 0.875786 0.869529 -1.617187 -0.231404 1.529961 -0.959770 0.504801 -0.550792 0.519321 -0.021231 0.256988 -0.817206 
-6.347781 0.619319 0.828376 -1.779315 -0.306853 1.711235 -0.805085 0.330831 -0.742878 0.170445 -0.188814 0.661013 -0.302875 
-5.932121 0.613186 1.260633 -1.515179 -0.233235 1.707459 -1.144371 0.142680 -0.783303 0.567569 0.040697 0.272990 -0.511689 
-5.283038 0.348121 1.073707 -1.645487 -0.508040 1.495708 -1.020399 0.236255 -0.869053 0.239967 0.459679 -0.060099 -0.871107 
-3.537206 3.093580 2.900565 -0.204453 0.437539 1.205697 -0.957418 1.225000 -1.880906 0.487209 0.209472 -0.373184 -0.771146 
-2.145384 4.160616 1.067542 -0.245111 2.313085 1.165171 -1.780102 1.226637 -2.340749 1.133249 1.023797 -1.063061 -1.007263 
-2.126225 4.780282 -0.082547 0.409680 2.733793 0.193749 -1.319974 0.693876 -3.054626 1.184338 1.360002 -1.648748 -0.789036 
-2.417677 4.198051 -0.269546 0.178684 2.417801 0.050453 -1.749499 0.098109 -2.896012 0.811168 1.386916 -1.145061 -0.334116 
-2.451263 3.624720 -0.680517 -0.763569 1.926907 0.095364 -1.833724 0.677214 -2.045659 0.478984 0.869651 -1.047365 -0.239018 
-2.425677 3.084193 -0.259922 -0.766394 1.837636 0.451300 -1.772703 1.084937 -1.946573 0.382491 0.594430 -1.130870 -0.495308 
-2.292664 4.852293 -0.848281 -0.529991 3.448678 0.598949 -2.074689 0.987436 -2.328678 0.614340 1.662913 -1.417226 -0.831854 
-3.016466 4.288526 0.200778 -0.727174 2.592742 1.217188 -1.281498 1.275167 -2.197680 0.763199 1.988808 -1.206085 -0.425944 
-2.656703 3.246437 1.468289 -0.875423 1.362463 0.956013 -1.493510 2.233635 -2.421394 0.578767 1.088132 -0.938512 -0.176923 
-2.961493 2.578079 1.266531 -0.949189 1.424644 0.994321 -1.720633 2.511342 -1.514068 0.626862 1.397291 -0.842118 -0.126700 
-2.742986 2.484535 1.145238 -1.294623 1.165065 0.918190 -1.763463 2.567947 -1.473382 0.378488 0.739056 -0.824116 0.103239 
-2.763097 2.300216 1.053106 -1.328315 0.992888 0.761806 -1.773863 2.469514 -1.447643 0.260992 0.620841 -0.831587 0.095865 
-4.817066 1.525703 1.119881 -1.008109 0.617148 0.575097 -1.813116 0.886437 -1.037744 0.235249 0.608231 -1.000332 -0.388518 
-4.522893 1.628520 1.301096 -0.874073 0.863884 0.734503 -1.751192 0.995590 -0.739552 0.371183 0.866889 -0.961883 -0.324389 
-3.051662 2.063748 1.155201 -1.449522 1.294781 0.895844 -2.073472 2.189607 -1.361838 0.227988 1.265641 -1.072766 -0.083250 
-3.362059 1.900212 1.404458 -1.580213 1.103062 1.294120 -1.844288 1.766351 -1.601671 -0.197226 0.901675 -0.819959 -0.303565 
-3.154743 1.779981 1.570656 -1.517878 1.044003 1.172512 -2.138082 1.937372 -1.556287 -0.123012 0.884084 -0.726464 -0.129490 
-3.043720 1.817253 1.229921 -1.817815 1.082677 0.897624 -2.307155 2.536821 -1.534228 -0.143690 1.100619 -0.840437 -0.193305 
-3.016726 1.788906 1.307972 -1.708544 1.068355 0.890527 -2.166553 2.517186 -1.635557 -0.267612 0.927393 -0.900846 -0.152930 
-3.039540 1.976174 1.474935 -1.675201 1.010067 0.864103 -2.162185 2.503442 -1.576645 -0.224875 0.954046 -1.011643 -0.094619 
-3.095049 2.089572 1.444736 -1.766611 1.076216 0.900712 -2.233769 2.588475 -1.476191 -0.133695 1.212301 -0.871523 -0.076349 
-3.063888 2.014254 1.482743 -1.790773 0.983086 0.840044 -2.315152 2.653460 -1.604754 -0.171611 1.161137 -0.938145 -0.250269 
-3.238562 2.147840 1.342669 -1.798996 0.991814 0.651233 -2.376011 2.613678 -1.608936 -0.248025 1.074556 -1.071154 -0.373549 
