-2.903991 1.903617 1.344101 -1.743609 1.037998 0.865393 -2.287510 2.515569 -1.545873 -0.130536 1.062160 -0.908939 -0.130872 
-2.860033 1.851184 1.381885 -1.687851 1.025599 0.882933 -2.244361 2.502786 -1.554089 -0.058713 1.063251 -0.915576 -0.162039 
-3.020099 1.914954 1.344147 -1.736431 1.080556 0.922353 -2.240307 2.455235 -1.549604 -0.195700 1.021062 -0.970899 -0.090486 
-2.907913 2.041332 1.434265 -1.692410 0.993889 0.781953 -2.304955 2.462790 -1.540800 -0.090289 1.040145 -0.966997 -0.116043 
-2.930633 2.074867 1.407820 -1.640376 1.005393 0.754839 -2.186798 2.526141 -1.549417 -0.195866 0.990618 -1.015162 -0.188849 
-2.963431 2.017836 1.386108 -1.624580 1.024435 0.836961 -2.141297 2.463133 -1.534912 -0.099378 1.089081 -0.951729 -0.191130 
-2.997483 2.030919 1.377280 -1.680079 1.007884 0.826602 -2.170401 2.505989 -1.521267 -0.113687 1.118105 -0.998861 -0.251706 
-3.010792 2.045665 1.310527 -1.720834 0.999536 0.775785 -2.254168 2.451068 -1.585222 -0.111557 1.047742 -1.118972 -0.274299 
-3.081567 1.976854 1.235873 -1.761526 0.927219 0.743526 -2.275323 2.383780 -1.523245 -0.023732 1.016951 -1.060383 -0.107201 
-2.848474 2.111509 1.347975 -1.554296 1.156852 0.935130 -2.101655 2.592497 -1.372503 0.029816 1.175091 -0.935172 -0.151621 
-2.868077 2.249105 1.245357 -1.526923 1.082390 0.815706 -1.983659 2.416677 -1.564459 -0.184988 0.977321 -0.871866 -0.190580 
-2.871242 2.034278 1.115204 -1.637942 1.011134 0.747574 -2.098513 2.341598 -1.564655 -0.161075 0.916189 -0.812625 -0.189072 
-2.848430 1.923985 1.166425 -1.686660 1.021122 0.813349 -2.140201 2.451266 -1.490937 -0.079275 0.961131 -0.864133 -0.158665 
-2.958157 1.968488 1.217593 -1.648092 1.071770 0.833019 -2.157706 2.428777 -1.368552 -0.086935 0.950666 -0.928901 -0.082258 
-2.892366 1.906301 1.230935 -1.654574 1.021700 0.815000 -2.152087 2.475130 -1.453467 -0.114107 0.993613 -0.861740 -0.084237 
-2.974581 1.925650 1.194337 -1.628342 1.017869 0.740174 -2.212066 2.355778 -1.516520 -0.174923 0.985951 -0.956409 -0.153434 
-2.944054 1.945371 1.071074 -1.646528 0.966688 0.672938 -2.153224 2.322067 -1.449276 -0.114317 0.966211 -0.875820 -0.120239 
-2.859027 1.904086 0.760087 -0.311532 1.023886 -0.119792 -2.058508 1.535261 0.209554 0.369112 0.222774 -0.991720 -0.167787 
-2.752894 2.175593 0.747077 -0.884152 0.891832 0.165332 -2.064246 2.101838 -0.684851 0.190855 0.016757 -0.853263 0.132992 
-3.349484 2.822374 2.102395 0.426620 1.056014 0.499866 -0.594654 3.093475 -1.245593 0.536766 0.844557 -0.479234 0.469032 
-3.992250 3.099361 2.893867 1.492166 1.224841 0.421144 -0.241206 2.938649 -1.461024 0.732726 0.992282 -0.454431 0.612076 
-3.163670 2.796308 2.025639 0.482759 1.095153 0.566801 -0.849057 2.566283 -1.602602 0.692241 1.168438 -0.557915 0.499642 
-3.658006 2.640381 2.034853 0.377074 1.007954 0.515368 -0.940222 2.288663 -1.566546 0.513531 1.083840 -0.522964 0.546736 
-5.410787 2.393476 2.641488 1.335524 0.777331 -0.001983 -0.295893 2.249874 -1.545283 -0.563544 1.141318 -0.746328 -0.011014 
-4.769416 2.053508 1.985075 0.994362 0.951394 0.142334 -0.311736 2.633523 -1.172979 -0.505475 1.139683 -0.725911 0.171467 
-2.997110 2.430857 1.174078 -0.203197 1.758506 0.477966 -1.755542 2.971144 -1.163915 -0.307829 0.432988 -0.657756 0.521587 
-2.841411 2.055709 1.159493 -1.473077 0.962411 0.826864 -2.090568 2.408788 -1.525577 0.063851 0.808174 -0.782837 -0.006355 
-2.929177 2.057808 1.184602 -1.484539 0.964455 0.647207 -2.100482 2.328426 -1.503906 -0.112265 0.870719 -0.892047 -0.133790 
-2.779393 2.119820 1.422954 -1.491112 1.053531 0.885565 -2.138194 2.518578 -1.577208 0.128718 1.000360 -0.837956 -0.071522 
-2.824522 2.064503 1.345413 -1.630158 1.085316 0.887736 -2.240513 2.515220 -1.498211 0.100896 1.096596 -0.906588 -0.102113 
-3.764055 2.629281 0.307734 -0.419023 2.623164 1.123121 -1.576118 2.034274 -0.786673 0.100347 0.958342 -0.793435 0.855263 
-3.355368 2.870143 -0.546255 -0.823912 2.250948 0.635098 -1.301838 1.915893 -0.705105 -0.069825 0.406414 -0.810273 0.746566 
-3.268147 2.510756 -0.847301 -1.457336 1.700236 0.277804 -1.269784 1.770316 -1.179492 -0.890970 0.395686 -0.847804 0.514287 
-1.430584 6.216529 -1.025184 -1.069488 3.839446 0.515568 -2.303352 1.884590 -2.668778 0.168436 0.553650 -1.003740 0.279728 
-1.123232 5.945321 -3.017402 -0.155029 3.920524 -0.082585 -0.889837 0.763521 -2.505677 0.653580 -0.076302 -0.936764 0.585537 
-1.010949 5.460296 -3.384723 0.268717 3.599635 -0.580572 -0.476969 0.472498 -3.007534 0.621754 -0.225836 -1.064308 0.968336 
-1.433058 4.433682 -2.692535 -1.089304 1.574435 -0.393034 -0.534993 0.418497 -2.346752 0.595990 -0.989781 -0.498201 0.416460 
-1.500598 3.986384 -2.528304 -1.235926 0.866538 -0.899594 -0.625871 0.494195 -2.792906 0.562995 -0.471954 0.016257 0.145923 
-1.598962 3.809684 -2.478576 -1.119938 0.835281 -1.105659 -0.724410 0.448843 -3.179358 0.374569 0.140483 0.487015 0.162105 
-1.440810 3.951197 -2.635589 -0.901537 1.431959 -1.004388 -0.762396 0.634946 -3.278303 0.230180 0.255129 0.287998 -0.129465 
-1.298859 4.290398 -2.586694 -0.760323 1.968604 -1.235424 -1.238822 1.117167 -3.348481 0.093644 0.465304 0.039829 -0.344136 
-1.888336 5.216240 0.624170 -2.184261 1.121001 0.525167 -2.446398 0.858307 -2.970101 1.141015 0.915261 -0.287333 -0.844047 
-5.234006 1.751004 0.817383 -1.812779 0.354146 0.797937 -2.529521 0.589780 -0.228507 -0.218562 -0.215866 -0.713120 -0.367664 
-5.112686 1.363717 0.949151 -0.840302 -0.069011 0.257120 -1.688650 0.471987 0.185761 0.384406 -0.019305 -0.761392 -0.599121 
-5.014751 0.808780 0.647963 -0.764250 -0.304945 0.239425 -1.280010 0.394091 -0.260467 -0.040514 0.073678 -0.549801 -0.830791 
-5.249610 0.992085 1.064064 -0.618551 -0.067332 0.749199 -1.019651 0.383062 -0.440960 -0.324552 -0.215949 -0.227839 -0.418421 
-4.992999 0.875848 0.646750 -0.909955 0.689944 1.639818 -1.255157 -0.085158 -0.803374 0.085204 -0.138613 0.163519 -0.055969 
-5.600296 0.266448 -0.003239 -1.914500 0.038803 1.870229 -0.936100 0.008768 -0.992058 0.337332 -0.096341 0.499447 0.168378 
-5.824996 0.390882 0.290059 -1.584369 -0.059821 1.913491 -0.509872 0.025037 -1.105200 -0.155142 -0.849568 -0.069280 -0.422151 
-5.697662 1.808846 1.564537 -1.285751 0.151169 1.254192 -1.793499 0.281221 -0.133862 0.259456 -0.392209 -0.096727 -0.149059 
-5.914377 2.162620 2.333636 -1.270891 -0.409769 1.035439 -1.363367 0.776858 -0.501452 0.045249 -0.009520 0.179000 0.121547 
-3.733325 2.818614 2.522415 -0.284652 1.036294 1.617028 -1.414394 0.900566 -1.454172 0.556348 0.572408 -0.562902 -0.624188 
-2.437464 4.538404 0.371989 -0.234408 2.523459 1.254511 -1.333907 0.234211 -2.400369 1.116076 0.884796 -1.165267 -0.911624 
-2.383743 4.824373 -0.490238 0.015924 2.616190 0.551671 -1.413399 -0.422360 -2.943202 1.168053 0.588559 -1.508840 -0.688191 
-2.290679 4.926789 -0.482854 0.019519 2.587850 0.246770 -1.748021 -0.334187 -2.879731 1.283086 0.674615 -1.410483 -0.365731 
-2.623556 4.415374 -0.965520 -0.338430 2.664747 0.172612 -1.768587 0.038152 -2.422743 0.954721 1.121929 -1.149662 -0.177033 
-2.520594 4.625763 -1.043263 -0.619796 2.971941 0.311543 -1.877082 0.736285 -2.098713 0.696501 1.288192 -1.055233 -0.345868 
-2.722180 4.312176 -0.360645 -0.754974 2.450211 0.220285 -1.874253 1.512626 -1.879012 0.485646 1.201018 -1.023794 -0.371211 
-2.709857 2.568640 1.492725 -0.907883 1.414200 1.247319 -1.707849 2.563518 -1.904299 0.768080 1.143334 -0.596946 0.130509 
-4.189205 4.145722 1.613016 0.231629 3.444816 1.315442 -1.623891 3.593397 -2.984653 1.116258 2.921189 -2.051387 -0.401354 
-2.800876 2.380871 1.301165 -1.268184 1.272662 1.095637 -1.960122 2.628251 -1.576461 0.286325 0.947526 -0.738581 -0.054010 
-2.656212 2.192282 1.191306 -1.304072 1.103718 0.933209 -1.913838 2.352667 -1.542980 0.153522 0.744135 -0.721539 -0.060719 
-3.678085 1.879937 0.935408 -1.159303 0.833875 0.511613 -2.080729 1.128749 -1.447014 0.144563 1.052258 -0.645241 0.149728 
-3.683201 2.037427 0.898757 -1.202028 1.021080 0.527430 -2.215994 1.053725 -1.407508 0.120407 1.140104 -0.859558 -0.027325 
-3.424247 2.198365 0.631469 -1.488951 1.512467 0.917213 -2.113473 1.578816 -1.467199 0.162138 1.442092 -1.202309 -0.317294 
-3.392406 2.148638 0.341138 -1.652328 1.307350 0.926073 -1.683281 1.743798 -1.325559 0.224483 1.172093 -0.933989 -0.075832 
-3.220766 2.060996 0.516995 -1.803321 1.334821 1.140487 -1.785846 1.880656 -1.401454 0.115798 1.060953 -0.906464 -0.141211 
-3.140849 1.848883 0.898914 -1.561925 1.185137 0.970802 -2.072947 1.905981 -1.317688 -0.009130 0.874454 -0.781610 -0.094381 
-2.903810 2.139218 0.890646 -1.537336 1.210292 0.942981 -1.950308 1.971947 -1.548297 -0.178406 0.904365 -0.631554 -0.076224 
-2.844215 2.075406 0.864339 -1.562718 1.201993 0.921099 -1.804782 2.288950 -1.573836 -0.283189 0.853960 -0.620416 -0.072271 
-2.960440 1.995055 0.867683 -1.649346 1.107337 0.799511 -1.873755 2.349845 -1.479836 -0.285308 0.836396 -0.751502 -0.123737 
-3.089191 1.961818 1.056948 -1.611122 0.972341 0.666231 -2.172661 2.061684 -1.381284 -0.044533 1.059045 -0.933347 -0.124346 
-3.215647 1.750462 1.332760 -1.382308 1.026604 0.797394 -2.117663 2.105097 -1.431688 -0.040507 1.018742 -1.007353 -0.076996 
-2.992615 1.788563 1.187580 -1.505450 0.899945 0.684122 -2.025338 2.253330 -1.484417 -0.072489 0.948408 -0.949005 -0.057231 
-2.871240 1.981881 1.186830 -1.569520 1.035443 0.769025 -2.086975 2.358345 -1.477161 -0.096108 0.965386 -0.878696 -0.065265 
