-2.891102 1.906720 1.430132 -1.776785 1.103311 0.931670 -2.384280 2.552544 -1.571680 -0.165537 1.104241 -0.937355 -0.121329 
-2.903045 1.980034 1.424281 -1.773046 1.049205 0.895796 -2.317040 2.525744 -1.546894 -0.066893 1.095513 -0.913774 -0.089556 
-3.018183 2.053202 1.527642 -1.715148 0.997807 0.879101 -2.308734 2.494560 -1.643486 -0.212276 0.977031 -1.051336 -0.217317 
-3.046859 1.907870 1.323223 -1.802449 0.933818 0.805046 -2.347363 2.458549 -1.612743 -0.109542 1.001116 -0.966775 -0.178037 
-2.840359 2.190876 1.405389 -1.641113 1.048771 0.839089 -2.163928 2.634111 -1.453302 0.019236 0.947954 -0.907759 -0.169991 
-2.732666 2.138433 1.375693 -1.512301 1.016767 0.781224 -2.092564 2.444380 -1.665159 -0.170296 0.927485 -0.800568 -0.201862 
-2.761644 1.969471 1.143478 -1.568496 0.994767 0.674868 -2.185224 2.305607 -1.583175 -0.139790 0.893111 -0.816523 -0.195855 
-2.824780 1.847328 0.964456 -1.657049 1.007272 0.735079 -2.098464 2.303387 -1.402544 -0.130080 0.958355 -0.889870 -0.133290 
-2.942401 1.946103 1.146809 -1.639323 0.988784 0.694130 -2.166917 2.404293 -1.459221 -0.054539 0.961095 -0.879404 -0.079977 
-2.827702 1.916041 1.178560 -1.711597 0.943156 0.775195 -2.160231 2.427873 -1.427321 0.061291 0.866137 -0.859673 -0.141252 
-2.872550 1.898806 1.170066 -1.682248 0.867943 0.745368 -2.081123 2.377215 -1.503236 -0.071841 0.921880 -0.938638 -0.123349 
-2.993050 1.908272 1.103130 -1.539300 0.945289 0.634003 -2.032881 2.416595 -1.495841 -0.146716 0.889445 -0.893494 -0.111993 
-2.922202 1.925787 1.103693 -1.608697 0.984369 0.674803 -2.097450 2.488606 -1.485679 -0.121008 0.873405 -0.800721 -0.103474 
-2.737771 2.067132 1.125207 -1.604864 0.945190 0.680990 -2.072732 2.397408 -1.411864 0.042020 0.948980 -0.865972 -0.113328 
-2.757149 2.061256 1.027588 -1.627733 0.903554 0.614374 -2.012140 2.384829 -1.410380 0.049044 0.845456 -0.886330 -0.122869 
-2.806475 1.879153 1.049764 -1.746229 0.845083 0.632363 -2.113243 2.431001 -1.447079 -0.045408 0.847571 -0.960705 -0.147210 
-2.846376 1.991605 1.133978 -1.612401 1.017957 0.664342 -2.233006 2.416530 -1.257560 -0.068682 0.956990 -1.069900 -0.224615 
-3.027339 1.823189 1.190270 -1.463765 0.998551 0.684198 -2.125814 2.271123 -1.465706 -0.164348 0.875013 -0.975622 -0.223551 
-2.917955 1.854715 1.241159 -1.518754 0.950490 0.774726 -2.021240 2.327882 -1.481319 -0.081717 0.933459 -0.866730 -0.156000 
-2.760954 1.969911 1.291087 -1.649322 0.988686 0.842547 -2.144789 2.417949 -1.486946 -0.005548 0.999125 -0.852451 -0.136611 
-2.807875 1.938512 1.270086 -1.687994 1.026269 0.889014 -2.130762 2.478742 -1.479901 -0.056299 0.910929 -0.940993 -0.200207 
-2.907434 1.866583 1.244555 -1.651834 1.072410 0.873772 -2.165950 2.398935 -1.560435 -0.185819 0.914122 -0.958204 -0.185038 
-2.906735 1.993529 1.243863 -1.713981 1.080101 0.882085 -2.170750 2.415199 -1.503495 -0.197608 0.990111 -0.960337 -0.212402 
-2.897277 2.003841 1.385146 -1.703022 1.081363 0.850630 -2.314604 2.499610 -1.443331 -0.140107 1.048042 -1.072990 -0.203885 
-2.957890 1.928629 1.508147 -1.709192 1.043272 0.901847 -2.295912 2.591166 -1.549045 -0.139975 1.003378 -0.929224 -0.085645 
-2.985161 2.113060 1.437695 -1.809537 1.051451 0.934204 -2.241744 2.591982 -1.545317 -0.149285 0.999050 -0.908360 -0.094794 
-4.824700 0.538433 0.847764 -2.775883 -0.877252 1.425925 -1.116902 1.228405 -0.847427 0.420924 -0.053763 0.017537 -0.276015 
-2.935458 3.518393 2.230659 -1.193235 1.232322 2.548218 -0.885112 1.358244 -1.519646 0.650055 0.009771 -0.351079 -0.640631 
-2.425190 4.576994 0.147220 -1.388303 1.288991 0.640267 -1.088074 1.219051 -2.600827 0.102887 -0.347701 -0.365488 0.234531 
-2.122915 4.101836 -1.102166 -1.893867 0.712000 -0.261597 -0.950172 1.643227 -2.521383 0.302215 -0.912923 -0.821385 -0.085486 
-1.623916 4.284206 -1.479958 -2.380832 0.811693 -0.546451 -1.470414 2.467675 -2.186735 0.574977 -1.109005 -0.974565 -0.663231 
-1.351425 4.678643 -0.142177 -2.894692 -0.446944 -0.876029 -2.060403 2.703693 -2.535281 1.560014 -1.065715 -0.710440 -0.476258 
-1.287964 4.905546 0.250288 -2.965108 -0.833000 -1.064515 -2.200313 2.904375 -2.354360 2.166416 -0.760152 -0.441229 -0.437332 
-1.292135 5.100807 0.122860 -2.950433 -0.714300 -1.166733 -2.218681 2.979969 -2.270334 2.271699 -0.525113 -0.321388 -0.472844 
-0.943711 6.268525 0.379942 -3.182235 -0.571143 -1.234673 -2.493649 3.086531 -2.798402 2.326519 -0.668264 -0.512714 -0.372189 
-0.645568 6.606388 0.728211 -3.278815 -0.625102 -1.289688 -2.783870 3.356757 -3.144629 2.787755 -0.609788 -0.323256 -0.340351 
-0.560471 6.373757 0.491119 -3.218432 -0.494495 -1.260605 -2.614830 3.352571 -3.183542 2.452546 -0.589599 -0.288163 -0.339284 
-1.110931 4.987193 0.617095 -2.589706 -0.480808 -1.096466 -2.580749 2.792271 -2.470043 1.926397 -0.507191 -0.216745 -0.387948 
-1.461871 4.509337 0.373707 -2.560314 -0.701867 -1.221062 -2.476929 2.441376 -2.414519 1.882854 -0.441615 -0.132350 -0.276834 
-0.872469 6.642550 0.595080 -3.313866 -0.787541 -1.292609 -2.469975 2.927932 -3.199131 2.264421 -0.604710 -0.474891 -0.444669 
-0.581106 7.251538 0.205178 -3.435365 -0.205130 -1.438601 -2.747389 3.393997 -3.066730 2.055168 -0.738461 -0.668864 -0.508410 
-0.939103 6.077443 0.467296 -3.123520 -0.395137 -1.110687 -2.601288 3.207047 -2.507604 1.996860 -0.818391 -0.609138 -0.581491 
-1.224787 5.636338 -0.356914 -3.188284 -0.334468 -1.104814 -2.071208 2.911244 -2.561452 1.596077 -0.811873 -0.577552 -0.624393 
-0.919565 6.005613 -0.685393 -3.140710 0.211872 -0.973447 -1.773969 3.243340 -3.055991 1.191904 -0.834827 -0.944240 -0.551461 
-1.437066 5.197190 0.188357 -2.629006 0.177745 -0.282276 -1.395276 2.968508 -2.793234 0.915178 -1.026587 -1.134016 -0.422597 
-2.098528 4.218279 0.757311 -1.586373 1.362815 1.036066 -0.862677 2.926980 -2.542441 0.301485 -0.681106 -1.087871 -0.084749 
-2.140407 5.238695 1.737301 -1.820964 2.191413 1.981395 -1.260938 3.344227 -3.188715 0.451130 0.699589 -0.395346 0.201476 
-2.708737 2.342922 1.448476 -1.385904 1.291389 1.129037 -1.933167 2.776944 -1.442993 0.354102 1.144449 -0.618775 0.086957 
-2.925573 1.933233 1.180135 -1.697364 1.075322 1.008407 -2.007345 2.632085 -1.356265 0.076477 1.127007 -0.713289 0.017588 
-3.814501 1.830119 -0.504574 -1.280209 2.085270 1.200207 -1.891089 0.492208 -0.787006 -0.258267 1.267401 -0.935120 -0.946759 
-3.774590 1.898546 -0.366056 -1.198807 2.146539 1.195889 -1.952315 0.558434 -0.816112 -0.326718 1.218949 -1.016939 -1.003588 
-3.242082 1.959244 1.230252 -1.210556 1.543391 1.153971 -2.050762 2.111459 -0.907615 0.125906 1.409564 -0.967621 -0.230538 
-3.296617 2.030515 1.304854 -1.086344 1.450116 0.906761 -2.196907 1.806954 -1.361170 -0.061841 1.210026 -1.223928 -0.430389 
-3.154035 2.234193 1.013953 -1.668989 0.944242 0.665847 -2.056141 1.904928 -1.726187 -0.156584 0.815224 -0.956993 -0.360584 
-2.904093 2.275302 1.148213 -1.761229 1.091965 1.003721 -2.089747 2.198456 -1.618694 0.058246 0.765883 -0.735951 -0.136164 
-2.741202 2.065292 1.215735 -1.442570 1.132491 0.949334 -1.973088 2.232691 -1.562851 0.003382 0.877941 -0.763005 -0.045612 
-2.681135 2.131648 1.199429 -1.531423 0.898023 0.657025 -1.958930 2.404282 -1.625192 0.075413 0.788289 -0.845493 -0.118416 
-2.744466 1.900066 1.126546 -1.691445 0.792981 0.628891 -2.018793 2.409020 -1.566721 0.071886 0.792013 -0.824620 -0.179415 
-2.910454 1.842123 1.172131 -1.654315 0.968843 0.774821 -2.143720 2.384708 -1.457900 -0.081981 0.923966 -0.864324 -0.108455 
-2.865191 1.974607 1.241136 -1.595982 1.049217 0.762397 -2.158724 2.461708 -1.500930 -0.025660 0.979287 -0.879741 -0.082923 
-2.843393 2.026545 1.130878 -1.723368 0.982998 0.710615 -2.194610 2.469316 -1.566496 -0.119308 0.850577 -0.937177 -0.194853 
-2.864818 1.924233 0.919160 -1.752356 0.975370 0.666682 -2.131606 2.456038 -1.404279 -0.108956 0.945303 -0.928170 -0.196150 
-2.915712 1.961258 0.963844 -1.577111 1.075443 0.654334 -2.109014 2.417872 -1.372083 -0.030947 1.001390 -0.905222 -0.144714 
-2.780884 2.112218 1.109653 -1.666742 0.922802 0.653380 -2.095179 2.430987 -1.445068 0.024919 0.934375 -0.784949 -0.110880 
-3.262808 2.295053 1.148736 -1.520727 0.874040 0.669787 -1.845881 1.924649 -1.412845 0.096973 1.033728 -0.801528 0.056014 
-3.327881 2.245841 0.941030 -1.750370 0.858068 0.722607 -1.840568 1.883729 -1.391695 0.014523 0.961989 -0.884880 -0.014483 
-3.048732 1.817200 1.078810 -1.611492 0.946543 0.868654 -1.926085 2.100465 -1.496248 0.024773 1.037957 -0.950647 -0.244694 
-3.175541 1.827349 0.906811 -1.502271 1.054383 0.765069 -1.836574 2.130776 -1.398293 -0.061821 0.999597 -1.123395 -0.212632 
-3.416459 2.226938 -0.521792 -1.763680 0.386657 0.010065 -0.585724 2.143358 -1.456049 -0.074702 -0.306840 -1.213197 0.098734 
-3.249684 2.247577 -0.251234 -1.620952 0.450959 0.177783 -0.588611 2.139614 -1.318003 0.058410 -0.315872 -1.092191 0.099268 
-2.628973 2.612878 1.465820 -1.202660 1.281822 1.007802 -1.768907 2.168612 -1.599093 0.451551 0.764929 -0.662313 0.013984 
-3.012355 2.200289 1.323837 -1.498401 1.093612 1.105586 -1.436108 2.590141 -1.428369 -0.121674 0.915366 -0.873024 0.097319 
-2.960358 1.942436 1.300933 -1.740839 1.068237 0.977207 -2.030822 2.605777 -1.389438 -0.027797 0.839968 -0.989057 -0.124971 
-2.885454 2.181471 1.528839 -1.812708 1.174745 1.162819 -2.201264 2.666222 -1.499763 0.049844 1.064713 -0.924945 -0.058675 
-3.345623 1.505362 1.808171 -1.889848 0.587911 1.351887 -1.951880 2.266163 -1.474018 0.228978 0.779408 -1.101516 -0.142557 
