-3.926619 1.154721 0.552563 -0.549985 1.274876 1.300111 -0.947142 1.382386 -1.034853 -0.074052 0.671000 -0.920189 -0.014504 
-4.049635 1.650970 0.224229 -0.445631 1.347899 0.755896 -0.889602 1.610629 -0.764283 -0.510041 0.784602 -0.783617 0.036472 
-3.621264 1.186059 0.589609 -0.600206 1.211970 1.210707 -1.044472 1.440780 -1.187661 -0.024875 0.479737 -0.737222 0.079902 
-3.734491 1.638153 0.249823 -0.506608 1.174404 0.700826 -0.821155 1.607513 -0.889543 -0.326321 0.542505 -0.996386 0.147985 
-3.918635 1.475518 0.578880 -0.800278 1.135535 1.284930 -0.863115 1.497735 -1.164900 -0.173766 0.388279 -0.686241 0.122988 
-3.777015 1.701474 0.371160 -0.898412 0.969222 1.050704 -0.782211 1.356409 -1.061851 0.273077 0.463468 -1.147293 0.071734 
-4.219701 1.504094 0.519301 -0.545877 1.238266 1.081860 -0.880842 1.294771 -1.126647 -0.011218 0.725631 -0.878766 0.186631 
-3.532583 1.790900 0.510445 -1.048985 0.764490 1.093118 -0.746699 1.303070 -1.303267 0.239979 0.904104 -0.980042 -0.211062 
-3.743454 1.514042 0.414532 -0.528625 1.448723 1.061308 -1.221210 1.177674 -1.266259 -0.127535 0.805252 -0.713114 0.046965 
-3.481771 1.839783 0.052966 -0.976707 1.195311 0.974887 -0.905776 1.488915 -1.194680 -0.256783 0.943688 -0.824517 -0.142924 
-3.651601 1.281928 0.350421 -0.502554 1.625690 1.289102 -1.188795 1.318105 -1.182305 -0.247473 0.584776 -0.915004 -0.114034 
-3.773900 1.689460 0.109538 -1.082081 1.484830 1.499316 -1.032789 1.277701 -1.041309 -0.039013 0.638363 -0.907486 -0.070307 
-4.035339 1.588183 0.305444 -0.672417 1.290807 1.048123 -0.902880 1.452955 -0.933393 -0.343034 0.736274 -0.813412 0.039451 
-3.828295 1.327271 0.408689 -0.773871 1.521310 1.506888 -1.080354 1.396480 -1.150237 0.249307 0.665736 -0.846606 -0.121028 
-3.992473 1.655104 0.574176 -0.603974 0.947291 0.839389 -0.698505 1.463148 -1.338422 -0.339892 0.967384 -0.819236 -0.002415 
-3.922812 1.336075 0.445693 -0.554058 1.430956 1.248087 -0.934865 1.565322 -0.979873 0.048036 0.683635 -0.979274 -0.125894 
-3.773448 1.074580 0.502718 -0.592285 1.288831 1.166296 -1.009645 1.577390 -1.460414 0.079688 0.489821 -0.829404 -0.221325 
-3.644512 1.352544 0.322296 -0.747161 1.150461 0.972110 -0.856374 1.831407 -1.096273 0.023060 0.617453 -0.922011 0.011605 
-3.721097 1.245528 0.365720 -1.017164 1.299469 1.568200 -1.019544 1.383206 -1.134995 0.266791 0.316746 -0.860114 -0.097697 
-3.525041 1.370530 0.316160 -0.707836 1.294689 1.249611 -0.883220 1.477270 -1.184538 -0.196689 0.582164 -0.886303 -0.020528 
-3.605396 1.626500 0.468827 -1.067625 1.097520 1.426700 -1.001488 1.388496 -0.784438 -0.047718 0.344858 -0.880933 0.030705 
-3.841909 1.552171 0.365282 -0.671582 1.397138 1.180880 -1.014713 1.295488 -1.231170 -0.235409 0.615053 -0.927987 -0.358763 
-3.692478 1.556043 0.337613 -0.785025 1.243425 1.098475 -0.997002 1.490612 -1.061047 -0.051574 0.297944 -0.902344 0.225619 
-3.998085 1.595933 0.265021 -0.554562 1.455632 1.105101 -0.877064 1.270500 -1.123165 -0.237991 0.735395 -1.152824 -0.272262 
-3.684822 1.393992 0.404263 -0.705699 1.425543 1.167708 -1.219122 1.515490 -1.079001 0.248388 0.504993 -1.006845 -0.071532 
-3.743380 1.605833 0.307785 -0.661031 1.363572 1.023107 -0.978743 1.446279 -1.317790 -0.111871 0.766033 -1.064528 -0.239179 
-3.671319 1.231428 0.843242 -0.650519 1.127133 1.152151 -1.213726 1.632912 -1.284519 0.295550 0.703763 -1.014409 -0.335994 
-3.990366 1.421157 0.370324 -0.687534 1.250636 1.024342 -0.945345 1.705112 -0.816150 0.116189 0.569274 -0.856827 0.022918 
-4.022516 1.605617 0.520237 -0.941763 1.099473 1.142391 -0.996848 1.537332 -1.244009 0.148069 0.737051 -0.642775 -0.077704 
-3.558197 1.338330 0.651145 -0.582791 1.188445 0.934342 -1.322546 1.540718 -1.063191 0.126947 0.623209 -0.751748 -0.103718 
-4.191179 1.818449 0.509748 -1.153595 1.232548 1.515938 -0.916078 1.397561 -1.103738 0.333076 0.401306 -0.754029 -0.077410 
-3.603194 1.531814 0.665590 -0.536797 1.109985 0.873885 -1.151902 1.383026 -1.141195 0.025791 0.724281 -0.778941 0.057889 
-4.015456 1.671029 0.458044 -0.987725 1.307383 1.316453 -0.937871 1.618540 -1.301533 0.090707 0.278291 -0.778938 -0.265276 
-3.666165 1.767190 0.472216 -1.038517 1.067683 1.189993 -1.086874 1.214369 -1.164184 0.146215 0.535973 -0.856780 0.100792 
-3.873694 1.808627 0.357441 -1.238915 0.947715 1.158326 -1.071931 1.224628 -1.044595 0.525851 0.556247 -0.925536 -0.174054 
-3.809958 2.081662 0.250631 -1.276562 1.226778 1.423197 -1.026392 0.934641 -1.135770 0.321139 0.707541 -0.899421 -0.024429 
-3.753741 1.504118 0.433537 -0.950101 1.054811 1.159857 -1.064715 1.359970 -0.969803 0.526409 0.596652 -0.878531 -0.078154 
-3.900553 2.041473 0.471240 -0.846527 1.133278 0.971064 -1.048595 1.130413 -0.985740 0.191029 0.996841 -0.739443 -0.148576 
-3.585017 1.556312 0.257682 -0.605680 1.120158 0.873010 -0.853092 1.327466 -1.126097 -0.015287 0.794738 -0.960405 0.099909 
-3.564174 2.105879 0.548556 -1.108091 0.784876 0.864592 -1.135004 1.258621 -0.958122 0.045869 0.736156 -0.854967 -0.053425 
-3.741029 1.951031 0.311688 -0.687608 1.087914 0.764153 -0.839608 1.299289 -1.248122 -0.185871 0.911081 -0.890241 -0.128935 
-3.789779 1.984068 0.271254 -1.204136 1.029752 1.124867 -1.030636 1.251889 -0.872760 0.120221 0.717399 -0.813330 0.090202 
-3.889844 1.848094 0.544389 -1.081831 0.987913 1.190201 -0.958275 1.304830 -1.297400 0.055478 0.675460 -0.673361 -0.134489 
-3.597699 1.624929 0.394504 -0.922758 1.029410 1.093833 -0.953373 1.254336 -1.312065 0.256249 0.494616 -0.899035 0.221092 
-4.076858 1.660282 0.600318 -0.986668 0.821565 1.169610 -0.871384 1.169156 -0.902955 0.019852 0.838806 -0.587512 0.180208 
-3.561600 1.617734 0.480096 -0.906891 0.941484 1.240748 -0.944287 0.943049 -1.082449 -0.084653 0.775834 -0.952547 0.157917 
-3.821679 1.815817 0.451963 -0.781651 0.904626 0.867965 -0.893635 1.256146 -0.849295 -0.166300 0.866567 -0.881427 0.081287 
-3.928065 1.756184 0.531622 -0.834116 1.017711 1.238427 -0.755745 1.114309 -1.136436 -0.302356 0.883116 -0.869251 -0.055010 
-3.833424 1.391185 0.648176 -0.721977 0.937127 1.068648 -1.042780 1.245893 -1.143480 -0.050709 0.615470 -0.910363 -0.074151 
-3.698964 1.760826 0.370261 -1.079787 1.029029 1.208108 -0.810034 1.507034 -1.126975 -0.196180 0.568532 -0.756641 -0.123738 
-4.086590 1.482865 0.455010 -0.633173 1.322884 1.282893 -0.749037 1.415497 -1.222768 -0.257160 0.473839 -0.920187 -0.085441 
-3.710073 1.343782 0.439516 -1.016051 1.235806 1.476360 -0.911769 1.656018 -1.258837 0.271888 0.400118 -1.023140 -0.219222 
-4.057830 1.473094 0.240487 -0.580989 1.454435 1.028324 -0.762123 1.895704 -1.064059 -0.183217 0.622153 -0.604463 -0.048359 
-3.903803 1.549665 0.381505 -0.934962 0.980783 1.003673 -0.997095 1.312132 -1.151451 0.262071 0.859139 -0.776188 0.014232 
-3.746978 1.419140 0.570995 -0.750338 1.219462 1.099985 -1.216263 1.440204 -1.317848 0.237315 0.530240 -0.624333 0.065566 
-3.915029 1.313594 0.360370 -0.669345 1.232409 0.924649 -1.201938 1.531815 -1.004921 -0.106074 0.600465 -0.707426 0.102125 
-3.622880 1.297343 0.728736 -0.725525 0.801476 1.034641 -1.009087 1.387324 -1.037697 -0.010795 0.666849 -0.841516 -0.050470 
