-2.893937 1.851283 1.356109 -1.737644 0.957134 0.831613 -2.284161 2.449923 -1.575475 -0.107460 1.063740 -0.889331 -0.124642 
-2.967052 1.865572 1.246265 -1.591473 1.019273 0.806843 -2.074083 2.400735 -1.688668 -0.225213 1.168417 -0.889593 -0.264510 
-2.847543 2.046097 0.960363 -1.664201 1.142241 0.738130 -2.104103 2.400090 -1.478242 -0.131723 1.017858 -0.988044 -0.157066 
-2.825318 1.939813 1.283045 -1.664731 0.998800 0.816579 -2.213638 2.383178 -1.549283 -0.066630 0.968231 -0.887542 -0.118792 
-2.909176 1.990757 1.237560 -1.649094 1.137708 0.922594 -2.128353 2.383594 -1.480971 -0.172259 0.983599 -0.936031 -0.192607 
-2.936600 1.961884 1.219443 -1.679004 1.062256 0.826237 -2.199706 2.357690 -1.568961 -0.182577 0.939943 -0.937035 -0.205226 
-2.953187 1.693730 1.526921 -1.758066 0.833994 1.005368 -2.146671 2.388595 -1.635777 0.067166 0.917852 -0.864675 -0.125664 
-2.976702 1.708415 1.501702 -1.742910 0.816505 0.982012 -2.161281 2.262129 -1.615886 0.088618 0.943573 -0.961733 -0.179318 
-2.895085 1.998340 1.371133 -1.694285 1.025527 0.806901 -2.244561 2.520426 -1.428549 -0.091356 1.023001 -0.963477 -0.179489 
-2.890949 2.031116 1.570126 -1.631731 1.120629 0.941177 -2.260390 2.576913 -1.577694 -0.135887 0.989286 -0.934943 -0.150297 
-2.910936 2.105035 1.544849 -1.727192 1.033369 0.889640 -2.296570 2.674625 -1.511302 -0.160063 1.005784 -0.855954 -0.145983 
-2.975528 1.942254 1.465487 -1.759836 0.988018 0.859401 -2.358783 2.536462 -1.649907 -0.233894 1.039932 -0.994157 -0.243873 
-3.077544 1.882364 1.317984 -1.711844 0.928591 0.779667 -2.254089 2.469233 -1.591745 -0.158589 1.064532 -0.978389 -0.142107 
-2.920023 1.980128 1.401440 -1.559687 1.079414 0.907127 -2.188691 2.572724 -1.496449 -0.012544 1.066868 -0.852968 -0.120926 
-2.813724 2.010714 1.397375 -1.483684 1.100373 0.908826 -2.117433 2.536150 -1.520113 -0.139987 0.931388 -0.885358 -0.088404 
-2.825081 1.968061 1.311759 -1.559088 0.838511 0.697805 -2.022429 2.358796 -1.579600 -0.128673 0.862011 -0.876944 -0.105985 
-2.964420 1.900755 1.289130 -1.671874 0.645090 0.626532 -1.984276 2.313847 -1.520216 0.010970 0.862213 -0.807778 -0.129335 
-2.947193 1.856029 1.303927 -1.604436 0.936977 0.780396 -2.133626 2.451312 -1.476079 -0.120127 0.969270 -0.907075 -0.169955 
-2.996127 1.862006 1.126377 -1.582120 1.016268 0.759657 -2.111938 2.320196 -1.432881 -0.163544 0.957192 -0.956754 -0.128189 
-2.948974 1.907875 1.151934 -1.630900 0.935666 0.690308 -2.177969 2.315950 -1.447853 -0.127292 0.896371 -0.942850 -0.160609 
-2.952391 1.909446 1.158195 -1.640702 0.924523 0.662864 -2.180044 2.377528 -1.461126 -0.143828 0.931611 -0.917008 -0.158451 
-3.126164 1.928796 1.214845 -1.593090 0.918024 0.700958 -2.112653 2.314846 -1.489398 -0.194116 1.023969 -0.892253 -0.139158 
-2.986109 1.951932 1.176634 -1.493291 1.033400 0.795418 -2.024182 2.315512 -1.385418 -0.171958 0.880589 -0.822440 -0.084158 
-2.796745 1.876301 1.212531 -1.462212 1.050288 0.824180 -1.999725 2.401698 -1.503964 -0.093546 0.789747 -0.851584 -0.152326 
-3.049936 1.965361 1.171782 -1.468943 0.961616 0.679881 -1.925236 2.260590 -1.366852 -0.069315 0.941733 -0.929420 -0.210490 
-5.048758 1.966681 0.928318 -0.509216 -0.115740 0.638794 0.365927 0.577780 -1.346045 -0.584651 -0.135206 0.007013 -0.608750 
-2.483316 4.009228 0.792357 -1.403351 0.978829 0.827298 -1.176702 1.482430 -2.130795 0.808615 0.450575 -0.055151 -0.381476 
-1.202042 5.326626 -0.518784 -1.626832 1.142734 0.323635 -0.382519 1.603811 -3.656183 0.687627 -0.071507 -0.070242 0.122767 
-0.661384 6.112621 -1.093935 -2.030218 -0.042314 -0.497357 0.560629 1.822139 -4.265961 1.057710 -0.874955 0.049197 0.256151 
-1.137691 4.889831 -0.850704 -2.134109 -0.381937 -1.124225 -0.816756 2.265881 -3.002377 1.080340 -0.916478 -0.161513 0.116272 
-1.294220 4.381029 -0.860343 -2.265747 -0.572206 -0.925318 -0.971303 1.844903 -2.666778 1.486189 -1.006902 -0.305734 0.040761 
-1.144173 4.704583 -1.130956 -2.659090 -0.870925 -1.159477 -1.192344 1.822237 -2.586889 2.044291 -1.106837 -0.113926 0.007490 
-0.144868 7.776959 -1.175026 -3.564525 -0.860362 -1.879206 -1.001767 3.248108 -3.937273 2.577156 -0.585295 -0.529821 -0.650291 
-0.187336 7.367986 -0.484309 -3.429512 -1.127616 -1.923427 -1.910123 2.867361 -3.772696 2.724103 -0.899258 -0.107846 -0.477995 
-0.672675 6.850615 -0.981423 -3.661926 -1.544319 -2.105187 -1.743491 2.602238 -3.558197 2.588767 -0.870684 -0.249826 -0.436436 
-0.581851 7.806417 -0.398467 -3.394117 -1.500647 -2.661958 -2.016866 3.134054 -3.616213 2.714289 -0.709691 -0.481382 -0.509581 
-0.150827 8.311091 -0.980065 -3.996500 -0.989552 -2.121577 -1.849401 3.277757 -3.872834 3.063053 -0.437677 -0.854972 -0.805395 
-0.116881 6.747176 -1.113829 -2.966148 0.060922 -1.559728 -1.955993 2.958409 -3.204537 2.139193 -0.794382 0.096108 -0.167731 
-0.371163 6.164797 -0.972963 -2.757469 0.188703 -1.241796 -1.747233 3.013608 -2.855122 2.039671 -0.664695 0.082335 -0.130001 
-0.830103 6.127492 -0.653706 -3.300911 -0.941984 -1.783774 -1.941274 3.055170 -3.034983 2.138778 -0.774568 -0.223296 -0.531990 
-0.863533 6.818757 -0.751031 -3.427705 -1.086423 -2.068655 -1.747075 3.283249 -3.198660 2.098530 -0.735951 -0.302931 -0.602998 
-0.527481 7.750235 -1.127138 -3.761602 -0.626835 -1.962087 -1.636240 3.793061 -3.246519 1.907079 -0.951941 -0.474793 -0.591845 
-0.800230 6.669206 -0.697733 -3.563711 -0.647556 -1.444784 -1.723194 3.453034 -2.853457 1.566739 -1.170724 -0.284163 -0.429181 
-1.124380 5.653389 -0.731523 -3.104563 0.085386 -0.433028 -1.135275 3.169425 -3.011693 0.609491 -1.597284 -0.604468 -0.073575 
-1.498343 5.878448 -0.627643 -2.774498 1.079385 0.434434 -0.454423 3.184484 -3.515586 -0.340488 -1.306277 -0.655606 0.043530 
-2.279524 4.756316 0.028270 -1.733553 2.247004 1.439915 -0.261758 3.582179 -2.542968 -0.523436 0.007852 -0.361127 0.306848 
-2.868258 2.223757 0.739471 -1.606471 1.039208 0.870039 -1.779479 2.359650 -1.840626 0.092879 0.793745 -0.503711 0.220686 
-2.775979 2.336295 1.425744 -1.339816 1.267391 1.020860 -2.006587 2.542177 -1.619197 0.047308 0.892857 -0.865405 -0.092058 
-2.502773 3.400230 0.012536 -1.511009 0.955213 0.195240 -1.013333 1.676749 -3.029042 -0.753553 1.255202 0.151095 -0.354932 
-2.468903 3.226057 0.052545 -1.494565 1.006793 0.466075 -1.002854 1.521078 -2.689623 -0.366542 1.240159 0.018457 -0.339730 
-3.113203 2.095782 1.223251 -1.095168 1.232743 0.979132 -1.824445 1.808961 -1.159468 0.317421 1.363528 -1.124852 -0.541543 
-3.567713 2.111912 0.697881 -0.956084 1.943948 1.619874 -1.315194 1.448594 -1.332119 0.130814 1.798372 -0.937968 -0.556842 
-3.183155 2.262002 0.386168 -1.425901 1.674137 1.394506 -1.578279 1.416513 -1.329817 0.265608 1.231591 -1.091307 -0.471992 
-3.110135 2.123662 0.691113 -1.566852 1.254840 0.565718 -2.271115 1.866366 -1.227447 0.049761 1.062621 -1.150505 -0.558904 
-3.068538 1.973242 1.427379 -1.299204 1.297213 0.978000 -2.228828 2.170989 -1.356551 -0.017586 1.371891 -0.685730 -0.179029 
-2.910703 2.305224 1.212391 -1.594008 1.164879 0.980956 -2.087157 2.139557 -1.525947 -0.139995 0.783274 -0.863724 -0.277437 
-2.940350 2.106462 1.416582 -1.768557 1.046106 0.912223 -2.204529 2.650212 -1.625767 -0.169249 1.041744 -0.871343 -0.076382 
-2.887201 2.091560 1.419768 -1.705572 1.154806 0.964336 -2.181937 2.587295 -1.669912 -0.144807 1.021738 -0.883933 -0.081690 
-2.985160 2.072886 1.431847 -1.621705 1.209460 0.991439 -2.194947 2.455666 -1.573008 -0.305612 0.948645 -0.941515 -0.067496 
-2.992758 1.985213 1.388156 -1.747762 1.139598 0.977145 -2.263072 2.562017 -1.554604 -0.161352 1.097459 -0.889194 -0.050512 
-2.920947 2.046954 1.384413 -1.884736 1.121810 1.032218 -2.311835 2.633882 -1.608037 -0.082553 1.066300 -0.886901 -0.093498 
-3.066467 2.008525 1.371180 -1.782269 1.008478 0.722924 -2.611714 2.364663 -1.593811 -0.137888 1.090909 -1.098347 -0.266074 
-3.026616 2.047241 1.247548 -1.631811 1.149847 0.942348 -2.160270 2.448553 -1.524755 -0.074620 1.135405 -0.921310 -0.112844 
-2.885419 2.096788 1.422063 -1.541786 1.140050 0.988590 -2.066548 2.591792 -1.602202 -0.038642 0.945615 -0.857235 -0.131780 
-2.756871 2.046354 1.318840 -1.455819 0.988830 0.670105 -2.207502 2.252834 -1.620833 0.126331 0.910848 -0.913758 -0.145509 
-2.875743 1.961401 1.180162 -1.509528 0.897396 0.544389 -2.163470 2.231871 -1.497057 -0.006443 0.995642 -0.968714 -0.155498 
-2.930319 1.669625 1.141125 -1.573225 0.962032 0.709822 -2.182697 2.307686 -1.383013 -0.094832 1.015093 -0.959140 -0.196449 
-2.985118 1.784508 1.168253 -1.660273 0.990247 0.761339 -2.163824 2.474135 -1.347161 -0.091670 0.948673 -0.847906 -0.129474 
-2.963760 1.855351 1.215383 -1.572174 0.991057 0.759146 -2.084068 2.449587 -1.474411 -0.112597 0.906647 -0.914589 -0.140172 
-2.984331 1.883302 1.157093 -1.655684 0.907205 0.704510 -2.121433 2.425221 -1.475479 -0.145976 0.864224 -0.852937 -0.174081 
-2.927905 1.842917 1.198627 -1.568750 0.863832 0.684969 -2.077157 2.399356 -1.416847 -0.073103 0.844308 -0.851943 -0.116142 
-2.962665 1.928786 1.144562 -1.525720 0.980004 0.672978 -2.106895 2.343129 -1.469466 -0.102565 0.906056 -0.832152 -0.064230 
-2.876426 2.013287 1.203549 -1.465563 0.999949 0.684383 -2.026654 2.363821 -1.441824 -0.104400 0.968578 -0.859668 -0.140134 
-2.794132 1.917713 1.224410 -1.463460 1.026012 0.748245 -2.049165 2.393085 -1.475029 -0.120847 0.976093 -0.836505 -0.141041 
-2.945005 1.874476 1.171280 -1.589801 0.966916 0.732701 -2.157290 2.264583 -1.443783 -0.171019 0.898474 -0.899464 -0.031978 
