-2.919577 1.938678 1.387128 -1.720150 1.031834 0.868316 -2.271732 2.516257 -1.487432 -0.105624 1.050329 -0.953699 -0.144329 
-2.907767 1.907030 1.374761 -1.708492 0.943420 0.838094 -2.187294 2.473772 -1.507722 -0.101504 1.020952 -0.986523 -0.187782 
-2.827565 1.985459 1.429697 -1.682200 1.049292 0.858658 -2.268346 2.524525 -1.644685 -0.154757 0.985674 -1.048438 -0.211985 
-2.898710 2.001647 1.397245 -1.723196 0.995681 0.842380 -2.206088 2.515976 -1.577116 -0.125395 0.982296 -0.946044 -0.189439 
-2.822901 1.967905 1.428679 -1.740870 0.967266 0.819667 -2.279440 2.554947 -1.652041 -0.054930 0.981917 -0.916185 -0.184636 
-2.915821 1.881111 1.384567 -1.678139 1.015238 0.824315 -2.242971 2.554064 -1.596007 -0.151339 1.040109 -0.925287 -0.155017 
-2.869539 1.956336 1.450396 -1.604198 1.089387 0.860127 -2.220773 2.591975 -1.607174 -0.110456 1.020901 -0.973573 -0.174075 
-2.853543 1.963619 1.356968 -1.766955 1.032353 0.892622 -2.227400 2.681164 -1.440372 -0.079835 1.050664 -0.959568 -0.199072 
-2.919337 1.998919 1.272969 -1.808458 0.956370 0.785442 -2.275548 2.519167 -1.512511 -0.124943 0.985477 -1.027927 -0.251281 
-2.892460 1.945168 1.281429 -1.714183 0.989363 0.835688 -2.225494 2.513574 -1.591277 -0.017802 0.948197 -0.874298 -0.070981 
-2.827620 2.172745 1.282650 -1.690884 0.971062 0.791561 -2.121555 2.510913 -1.450891 0.050111 0.956475 -0.858828 -0.127599 
-2.742604 2.164240 1.244174 -1.659896 0.989782 0.817888 -2.106825 2.399714 -1.503496 -0.018451 0.854173 -0.830415 -0.089069 
-2.857757 1.958649 1.148593 -1.639372 0.973554 0.772361 -2.110950 2.322356 -1.542875 -0.013442 0.857739 -0.830098 -0.117123 
-2.906750 1.823795 1.102409 -1.700169 0.940883 0.773551 -2.126350 2.322955 -1.486448 -0.018049 0.905378 -0.872745 -0.160264 
-2.912314 2.037132 1.165370 -1.718728 1.001776 0.786081 -2.175203 2.325777 -1.493517 -0.040222 0.995941 -0.838191 -0.076133 
-2.885077 2.051819 1.224926 -1.689528 1.005017 0.802129 -2.154653 2.375423 -1.535748 -0.054688 0.977726 -0.832336 -0.099055 
-2.889794 1.961593 1.246995 -1.670670 0.965730 0.739576 -2.226261 2.440246 -1.404249 -0.047376 0.974784 -0.925671 -0.103327 
-2.945222 1.998853 1.172444 -1.694287 0.901625 0.658318 -2.197514 2.346745 -1.418403 -0.067140 0.909201 -0.944992 -0.084169 
-2.829319 1.952685 1.099209 -1.758948 0.917094 0.726802 -2.161552 2.358775 -1.582726 -0.069658 0.859646 -0.836079 -0.104781 
-2.794302 1.954894 1.135414 -1.674704 0.945451 0.751741 -2.139282 2.332593 -1.553001 -0.000105 0.903816 -0.849903 -0.078947 
-2.834417 2.024413 1.187920 -1.662424 0.944488 0.697989 -2.164010 2.385057 -1.455633 0.034497 0.966552 -0.841432 -0.130417 
-2.824817 2.062153 1.202686 -1.611261 0.990531 0.713788 -2.143912 2.311673 -1.492485 -0.121249 0.916111 -0.843602 -0.031549 
-2.807107 1.976902 1.162334 -1.718663 0.900990 0.686811 -2.128408 2.463944 -1.594990 -0.182801 0.800759 -0.835812 -0.020420 
-2.892250 1.898393 1.271387 -1.866854 0.727532 0.672689 -2.161196 2.636319 -1.573223 -0.068191 0.773882 -0.845018 -0.061925 
-3.010670 1.960194 1.481737 -1.680045 0.899369 0.826026 -2.244718 2.432139 -1.620045 0.017937 0.958302 -0.917424 -0.105549 
-2.888575 1.972390 1.407282 -1.630050 0.964392 0.828939 -2.181998 2.410052 -1.500897 -0.034464 0.970574 -0.910927 -0.105186 
-2.796244 1.983389 1.364504 -1.716027 1.039480 0.902342 -2.242465 2.503253 -1.497786 -0.112823 0.930537 -0.859839 -0.114007 
-2.875998 2.020994 1.260077 -1.680118 1.014409 0.799693 -2.131217 2.506714 -1.508909 -0.159023 0.955717 -0.948789 -0.124741 
-2.915127 1.971221 1.399886 -1.638400 0.980585 0.794477 -2.203024 2.467924 -1.608925 -0.162776 0.890169 -0.897761 -0.170329 
-2.782058 1.976456 1.446149 -1.703533 0.987331 0.849448 -2.270890 2.540303 -1.578029 -0.091695 0.884664 -0.891387 -0.158290 
-5.295029 2.099816 2.017450 -1.581427 0.213687 1.211750 -1.460548 1.378826 -1.115719 0.208757 0.813624 -1.023628 0.270763 
-1.983840 4.773930 2.915830 -0.341926 2.069602 1.784447 -2.362275 1.372567 -3.006867 0.936884 0.457272 -0.805333 -0.737555 
-0.535300 5.913396 -0.087449 -2.619273 -0.089789 -0.016648 -0.520833 2.466345 -3.693811 1.326738 -0.132182 -0.029798 -0.682615 
-0.520205 6.264137 -1.081837 -2.709916 -0.609358 -0.940589 -0.004075 2.491444 -3.734867 1.659841 -0.758109 -0.218041 -0.098917 
-0.694447 6.791083 -0.921898 -2.927733 -1.316960 -1.803280 -0.064724 2.864347 -3.960443 1.989259 -1.092330 -0.849918 -0.198376 
-0.760497 7.884797 -0.673785 -3.095951 -1.934540 -2.645876 0.463207 3.853500 -4.296267 2.530445 -0.392615 -1.039177 -0.476883 
-0.639923 7.864743 -0.536479 -3.163645 -1.710453 -2.459392 -0.108286 3.494497 -4.309399 2.598671 -0.797805 -1.067729 -0.329319 
-0.933419 6.598141 -0.176897 -3.008756 -1.749238 -2.198588 -1.297789 2.694202 -3.488001 2.659636 -1.152411 -0.669416 -0.564419 
-1.058818 6.703682 -0.540749 -3.526872 -2.146612 -2.348579 -1.373438 2.718993 -3.194426 2.751884 -1.391508 -0.497572 -0.434542 
-1.173984 7.106306 0.221140 -4.070296 -2.728489 -1.918595 -1.186576 2.711504 -3.654462 3.016206 -1.133979 -0.436049 -0.755715 
-1.076821 6.798377 -0.409688 -3.637431 -2.296309 -2.365065 -1.547085 2.709033 -3.360453 2.972729 -1.231582 -0.578582 -0.644476 
-0.920650 6.349443 -0.233781 -3.534602 -1.943150 -1.749450 -1.832765 2.458430 -3.180431 2.776481 -1.346762 -0.273769 -0.537626 
-1.144251 6.219590 -0.602442 -3.538861 -1.815004 -1.860663 -1.718788 2.503052 -2.815253 3.019732 -0.796705 -0.106383 -0.780384 
-0.653946 6.351132 -0.783569 -3.676761 -1.382743 -1.776456 -1.896164 2.724248 -3.437538 2.253266 -0.837785 0.185547 -0.528708 
-0.655369 6.475915 -0.655405 -3.832280 -1.499259 -1.628431 -1.715731 2.740555 -3.674217 2.179217 -0.974977 -0.208619 -0.737251 
-0.712365 5.892001 -1.033242 -3.266078 -0.594431 -1.612995 -1.803529 2.866528 -3.248832 2.154147 -0.526931 -0.593134 -0.472309 
-1.057078 5.484954 -1.559670 -2.973142 -0.190696 -1.613675 -1.524240 2.965550 -2.779038 1.873560 -0.541405 -0.662580 -0.519436 
-1.202796 6.059985 -1.253370 -3.548110 -1.181665 -1.245248 -0.600450 2.806627 -3.196429 1.445571 -1.386141 -0.657444 -0.773020 
-1.084134 6.155860 -1.025633 -3.187202 -0.358030 -0.570544 -0.149952 3.081510 -3.235701 1.329289 -1.162666 -0.944357 -0.623179 
-1.541346 5.404803 -0.394213 -2.348561 0.637801 0.096622 -0.139987 3.247895 -2.995972 0.688260 -0.729390 -0.881413 -0.167651 
-2.155550 4.253552 0.287468 -1.380400 1.710146 1.151880 -0.319924 2.782291 -2.850563 -0.071578 0.156249 -0.504405 0.251190 
-2.302630 3.726861 1.142301 -1.448562 1.879131 1.664702 -1.237541 3.014600 -2.218501 0.408291 0.571908 -0.307988 0.191948 
-2.935656 2.818902 1.625912 -1.794386 1.422708 1.266449 -2.311775 3.139794 -1.959208 0.071927 1.023209 -0.903979 -0.135669 
-3.807501 2.462200 -1.300554 -2.372022 1.915424 1.436665 -1.382612 0.864405 -0.577632 -0.021563 1.432401 -0.923872 -1.349047 
-3.993238 2.261855 -0.972929 -2.099309 2.085433 1.706258 -1.192226 1.056885 -0.456482 0.223405 1.629265 -1.095409 -1.316252 
-3.258725 2.154613 0.632898 -1.152270 1.603843 0.772867 -2.144778 1.870347 -0.979752 -0.092141 0.966948 -1.304350 -0.395532 
-3.247352 2.295134 0.699421 -1.229343 1.579532 0.973740 -2.040776 1.759796 -0.895699 0.024142 0.911163 -1.067438 -0.185548 
-3.811495 2.273926 1.098890 -1.589914 1.588847 1.817037 -1.900628 0.926193 -1.014375 0.249278 1.254973 -1.297747 -0.454742 
-3.795544 1.680266 0.628844 -2.038743 1.139631 1.377444 -1.937324 1.245100 -1.384597 0.016691 1.114835 -0.846078 -0.150947 
-2.996563 1.798726 0.737169 -1.399719 1.112962 0.772638 -1.923996 1.789544 -1.366779 -0.121745 0.932187 -0.998414 -0.129564 
-2.953043 1.919957 0.840849 -1.543042 1.025450 0.766355 -1.917339 1.997093 -1.457229 -0.054534 0.901946 -0.953908 -0.170673 
-2.837712 1.995738 0.984028 -1.542363 1.146865 0.863551 -2.056387 2.066158 -1.545403 -0.061636 1.048849 -0.751553 -0.137218 
-2.743405 1.877322 1.033769 -1.499412 1.004486 0.727051 -2.088873 2.068323 -1.523206 -0.105478 0.985383 -0.756204 -0.080392 
-2.864523 1.924852 0.986631 -1.656329 1.071290 0.810028 -2.048150 2.225133 -1.532286 -0.140521 1.029587 -0.838614 -0.106402 
-2.705436 1.951262 1.199708 -1.679621 1.013480 0.815368 -2.183707 2.422356 -1.607629 -0.047881 0.923165 -0.892714 -0.130899 
-2.770857 2.014921 1.182353 -1.813805 0.926255 0.762050 -2.171539 2.489881 -1.594917 -0.069771 0.841144 -0.941062 -0.125404 
-2.904222 2.073161 1.131721 -1.769517 0.956594 0.721370 -2.139465 2.417763 -1.481083 -0.092427 0.929394 -0.935163 -0.127622 
-2.880490 1.893643 1.199384 -1.737498 0.901757 0.744015 -2.236369 2.391538 -1.565656 -0.069753 0.963524 -0.817525 -0.094760 
-2.844129 1.879628 1.182982 -1.599147 0.960131 0.708308 -2.240248 2.271340 -1.554439 -0.055706 0.933115 -0.944527 -0.072401 
-2.775069 2.065145 1.176891 -1.562592 1.079373 0.740860 -2.161978 2.391644 -1.452987 -0.023679 0.890421 -0.925219 -0.047271 
-2.736403 2.072759 1.255955 -1.584642 1.066738 0.767748 -2.127677 2.541464 -1.458646 0.044631 0.930318 -0.835521 -0.083487 
-2.818933 2.039484 1.240108 -1.597946 1.024867 0.743122 -2.137435 2.395890 -1.532818 -0.153430 0.932787 -0.884269 -0.184002 
-3.022527 1.972483 1.074860 -1.759447 0.931132 0.630435 -2.190566 2.322494 -1.629959 -0.296144 0.856480 -0.804553 -0.032462 
-2.877576 1.985072 1.211707 -1.995709 0.927548 0.957894 -2.147922 2.498900 -1.659499 -0.085956 0.915398 -0.772988 -0.217091 
-2.912838 1.914173 1.244444 -1.730054 1.059275 0.877537 -2.239894 2.436610 -1.552241 -0.052176 1.010859 -0.946238 -0.172309 
