-3.797202 1.441059 0.429988 -1.049098 1.181929 1.188226 -1.286380 1.501582 -1.102411 0.022145 0.439369 -0.635865 -0.118071 
-3.799393 1.795368 0.524949 -1.158053 0.990391 1.334821 -0.845877 1.445575 -1.069733 0.051196 0.817786 -0.872022 -0.232836 
-3.615597 1.660297 0.378547 -1.092537 1.112194 1.158865 -1.153895 1.383182 -1.163116 0.166676 0.692394 -0.883896 -0.120275 
-3.783635 1.772655 0.584421 -1.126237 1.087948 1.357814 -1.064869 1.347396 -1.157654 0.167494 0.784294 -0.711732 -0.186961 
-3.812431 1.319045 0.505801 -0.974005 1.094517 1.286551 -1.097288 1.424777 -1.060197 0.213695 0.677982 -0.657962 -0.141480 
-3.826380 1.504079 0.595256 -0.972590 0.950136 1.153140 -1.030347 1.498161 -1.038944 0.180786 0.717225 -0.785485 -0.189911 
-3.773846 1.263571 0.646987 -0.596556 1.199817 1.149854 -1.155608 1.254294 -1.215063 0.070710 0.694629 -0.652530 -0.138128 
-3.995739 1.676202 0.391707 -1.072736 1.167190 1.276057 -0.985828 1.442727 -1.148603 -0.104815 0.594100 -0.926651 -0.247145 
-3.367292 1.631108 0.201303 -0.949371 1.193225 1.089668 -1.042533 1.388574 -1.106948 0.021618 0.589273 -0.828041 -0.029019 
-3.944321 1.754210 0.200247 -1.023441 1.373540 1.375980 -0.923879 1.227445 -0.978687 -0.028973 0.671101 -0.906893 -0.053439 
-3.795024 1.782407 0.315983 -0.674465 0.970475 0.650748 -0.856560 1.361562 -1.070142 -0.316736 0.800306 -0.955441 0.102435 
-3.978621 1.657431 0.309573 -0.865209 1.164856 1.006812 -1.082103 1.055063 -1.253320 -0.028145 1.060356 -0.584996 0.042950 
-4.038945 1.749944 0.476579 -0.715993 1.075768 1.044050 -0.826246 1.074883 -1.195064 -0.301368 1.060571 -0.812570 -0.034164 
-3.499202 1.962572 0.239494 -0.930625 1.275637 1.062956 -1.167779 1.091559 -1.202838 -0.103809 1.099980 -0.685956 0.131142 
-4.020217 1.874459 0.628809 -0.965150 1.086333 1.417118 -0.726526 1.211344 -1.283560 -0.152775 1.002664 -0.814056 0.033352 
-3.645930 1.465484 0.608225 -0.784864 1.278028 1.235909 -1.312449 1.347905 -0.963012 0.057606 0.559487 -0.711442 -0.033724 
-3.985676 1.598156 0.545129 -1.031373 1.191821 1.493605 -0.936662 1.261471 -1.363966 0.310496 0.792859 -0.970748 -0.101984 
-3.744232 1.643308 0.562695 -1.016807 1.303902 1.486420 -1.141672 1.403501 -0.916420 0.086072 0.310541 -0.952908 0.057369 
-4.028115 1.575550 0.625745 -0.660804 1.418429 1.197423 -1.172585 1.382265 -1.310845 0.238717 0.799581 -0.899248 -0.231288 
-3.913173 1.674116 0.363709 -0.828394 1.380585 1.189478 -0.982232 1.518370 -1.258826 -0.163997 0.433001 -0.807768 0.050654 
-3.776835 1.406061 0.777183 -0.484262 1.286607 1.095574 -1.242151 1.359673 -0.996259 -0.127555 0.771946 -0.727953 -0.023829 
-3.671667 1.701091 0.450975 -0.760108 1.238531 1.151579 -1.031575 1.188301 -1.207939 -0.173419 0.476761 -0.906537 0.089018 
-3.885224 1.847544 0.893728 -0.650690 1.279599 1.098848 -1.347350 1.345266 -0.879343 -0.122956 0.634041 -0.646339 0.001212 
-3.644738 1.701177 0.638777 -0.832099 1.003238 1.210092 -0.906363 1.088419 -1.425852 0.073604 0.835153 -0.911062 -0.068150 
-3.979119 1.747847 0.804368 -0.517186 1.322590 1.120043 -1.141531 1.261852 -1.009712 0.073518 0.822575 -0.799543 -0.185979 
-4.045635 1.626113 0.448753 -0.634805 1.321672 0.958179 -1.056588 1.364806 -1.230287 0.428748 0.823486 -1.053801 -0.233705 
-3.927632 1.657444 0.760455 -0.709568 1.166808 1.438369 -0.730075 1.206035 -1.194135 0.261067 1.014311 -0.792731 -0.176269 
-4.174827 1.683517 0.570794 -0.710670 1.392328 1.267718 -0.937811 1.366742 -1.140366 0.113513 0.548180 -1.040415 0.024014 
-3.525947 1.677926 0.793508 -0.957798 1.041088 1.465439 -1.023285 1.195578 -1.157138 0.175318 0.736990 -0.869289 -0.239354 
-3.705672 1.801683 0.653703 -1.207186 1.062090 1.474144 -1.133517 1.155005 -1.033825 0.235369 0.790577 -0.813057 -0.299007 
-3.658742 1.349297 0.465943 -0.723917 1.128911 1.027623 -1.121671 1.553705 -0.687942 -0.054387 0.392442 -0.965826 -0.041842 
-3.790242 2.038727 0.599699 -1.109702 1.020052 1.218296 -1.020571 1.209496 -1.116202 0.203640 0.957068 -0.742687 -0.297787 
-3.553903 1.294317 0.391857 -0.905702 1.008733 0.815705 -1.500905 1.533527 -0.739043 -0.165667 0.461460 -0.698955 -0.124825 
-4.121944 1.974498 0.494657 -0.731682 1.358737 1.081955 -0.894423 1.509230 -1.252004 -0.414486 0.881955 -0.640779 -0.237149 
-3.689446 1.462363 0.752567 -0.898782 1.015143 1.119692 -1.382010 1.333158 -1.147309 -0.119971 0.660970 -0.565741 -0.091174 
-3.913104 1.865267 0.203565 -1.004908 1.313050 1.049382 -1.046715 1.555165 -1.091559 -0.109342 0.917457 -0.761069 -0.265423 
-3.821712 1.675886 0.521423 -0.785722 1.260496 1.088975 -1.181582 1.298690 -1.148214 -0.137650 0.640250 -0.798866 0.051111 
-3.668157 1.939571 0.329590 -1.198749 1.278540 1.371859 -0.995836 1.436052 -1.227451 0.053692 0.880311 -0.914619 -0.425026 
-3.818358 1.865629 0.256451 -0.860863 1.475358 1.044691 -1.161059 1.439080 -1.287981 -0.098271 0.636747 -0.802379 -0.001899 
-3.467060 1.707689 0.304962 -0.947244 1.325894 1.235497 -0.981562 1.576262 -1.129148 0.051061 0.664033 -0.862453 -0.129198 
-3.616728 1.837235 0.273362 -0.949511 1.227208 0.939595 -1.169034 1.449068 -1.209844 -0.046814 0.594141 -0.949455 0.064453 
-3.756003 1.620343 0.594362 -0.731906 1.183655 0.968458 -1.265116 1.346795 -1.030260 0.173709 0.557279 -0.852325 0.068780 
-3.485278 1.798409 0.168090 -1.097300 1.234186 1.117994 -1.122478 1.419821 -1.103262 0.137728 0.770437 -0.932684 -0.185085 
-3.632918 1.475277 0.617117 -0.821143 1.228877 1.093347 -1.478385 1.296813 -1.088528 0.207958 0.467534 -0.826131 0.075746 
-3.443465 1.672112 0.501514 -1.153073 1.092870 1.217235 -1.368266 1.307654 -1.123855 0.455029 0.853703 -0.817753 -0.143578 
-3.794537 1.242836 0.406555 -0.740782 1.316807 1.154779 -1.181746 1.526299 -1.084400 0.162819 0.594035 -0.727757 0.034667 
-3.400271 1.557020 0.508822 -1.186448 0.919967 1.249451 -1.079343 1.545095 -1.096524 0.139151 0.711279 -0.955436 -0.218240 
-3.903891 1.416879 0.651138 -0.800207 1.112928 1.386200 -0.793813 1.428625 -1.078845 -0.179111 0.714908 -0.800808 -0.105230 
-4.025081 1.516682 0.713667 -0.881567 1.173804 1.594536 -0.759609 1.323256 -1.296842 0.130810 0.486305 -0.992042 -0.227515 
-3.775054 1.639607 0.599299 -0.716063 1.136540 1.094604 -1.041769 1.226030 -1.106787 -0.425907 0.648886 -0.740931 0.012438 
-3.851405 1.841805 0.415321 -0.927689 1.320142 1.214972 -1.149753 1.318719 -0.878755 0.078752 0.500127 -0.813926 0.055060 
-3.585978 1.513725 0.407357 -0.902236 1.091285 1.072234 -1.174474 1.267667 -0.957902 0.066752 0.903450 -0.763804 0.031280 
-3.747327 1.701001 0.508105 -0.991917 1.217548 1.223764 -1.313015 1.222834 -0.905926 -0.023561 0.519709 -0.625190 0.018672 
-3.418646 1.503728 0.450168 -1.026679 1.239925 1.369717 -1.139166 1.452425 -1.246064 0.182660 0.829647 -0.760358 -0.140659 
-3.994829 1.487228 0.502960 -1.026469 1.306934 1.256434 -1.295987 1.591182 -1.225190 0.144816 0.407457 -0.369768 -0.114320 
-3.962816 1.677924 0.467558 -1.037917 1.466267 1.522922 -1.243095 1.139848 -1.221604 0.270693 0.581922 -0.853625 -0.013227 
-3.875898 1.672014 0.366718 -1.210543 1.025602 1.174229 -1.186319 1.263218 -1.126055 0.217132 0.548830 -0.641677 0.106322 
