-3.724211 1.549706 0.515581 -0.711345 1.070736 0.933581 -1.058537 1.408715 -1.159650 -0.075249 0.749588 -0.693752 0.075720 
-4.146239 1.515180 0.387942 -1.107037 1.312253 1.365414 -1.197871 1.566661 -0.843159 0.219268 0.236677 -0.725355 -0.073387 
-3.874229 1.729395 0.743284 -0.604145 0.875408 0.792235 -1.103470 1.043938 -1.043509 -0.082326 0.867113 -0.773705 0.210900 
-3.909005 1.556077 0.577042 -0.885808 1.077641 1.058693 -1.088658 1.495418 -1.305832 0.202825 0.289830 -0.986625 -0.050496 
-3.628058 1.958426 0.463288 -0.922308 0.979575 0.934207 -1.156670 1.022514 -1.012121 0.255615 1.174123 -0.760036 0.141010 
-3.563046 1.446194 0.445234 -0.747458 0.864736 0.700116 -1.145893 1.497620 -0.856133 -0.033439 0.621169 -0.849821 0.057850 
-3.832404 2.012572 0.411700 -1.020392 1.157912 1.281091 -0.928027 1.076105 -0.978393 0.277715 0.980669 -0.950004 -0.253064 
-3.477409 1.504939 -0.045524 -0.774883 1.011079 0.496001 -1.165239 1.391461 -0.971372 -0.121435 0.694367 -0.902422 0.176562 
-3.810263 2.069946 0.426423 -0.983427 1.136531 1.122011 -1.128795 0.982916 -0.958283 -0.062499 0.749851 -0.838260 0.130418 
-3.370386 1.503698 0.468746 -0.594429 1.151979 0.838918 -1.225360 1.346059 -1.259653 -0.070146 0.766417 -0.864316 0.080264 
-3.948105 1.547950 0.579346 -0.534891 1.080201 0.694879 -1.119400 1.425931 -1.218635 0.137915 0.635428 -0.635375 0.111951 
-3.594031 1.340840 0.738980 -0.680844 1.182091 1.136700 -1.276411 1.470907 -1.102270 -0.064955 0.558814 -0.781597 -0.084952 
-4.033482 1.409400 0.521429 -0.592024 1.036327 0.782988 -1.013374 1.399888 -1.338980 0.119375 0.984644 -0.556144 -0.167721 
-3.684254 1.255270 0.489509 -0.839638 1.132699 1.087204 -1.233916 1.618181 -0.832996 0.080407 0.502851 -0.916133 -0.029890 
-3.218533 1.697402 0.285268 -0.757190 1.071083 0.932990 -0.919369 1.373197 -1.107475 -0.352158 1.066841 -0.771618 -0.218436 
-3.674078 1.215134 0.250786 -0.762890 1.132153 0.911271 -0.996082 1.675608 -1.150133 0.067400 0.572953 -1.059618 -0.141559 
-3.183854 1.720160 0.575540 -0.992624 0.946074 1.119692 -1.054533 1.422953 -1.195732 0.181161 0.592586 -0.953933 -0.092141 
-3.618798 1.510092 0.478103 -0.877106 1.016109 1.092991 -0.901011 1.446441 -1.339801 -0.106968 0.899818 -0.970214 -0.314649 
-3.659282 1.437179 0.482647 -0.966403 1.182548 1.230442 -1.105469 1.655694 -1.091691 0.261771 0.308673 -0.826206 -0.193262 
-3.492390 1.819542 0.555836 -0.909320 1.107641 0.921515 -1.417900 1.188742 -1.212545 -0.034742 0.944628 -0.695377 -0.029916 
-3.957181 1.719722 0.418674 -0.773984 1.346015 1.206448 -0.983126 1.362135 -1.027014 -0.057115 0.585457 -0.768519 -0.015447 
-3.447571 1.781043 0.324739 -0.972315 0.968952 0.900640 -1.182239 1.138218 -1.069761 0.215559 0.970232 -0.845632 0.036340 
-4.159986 2.164763 0.427698 -1.121310 1.147877 1.288692 -0.836703 1.249233 -0.979718 -0.103026 0.590553 -0.829044 0.118719 
-3.503167 1.650200 0.530412 -0.858593 1.138383 1.179798 -1.098783 1.336800 -1.074688 0.185126 0.676915 -0.752068 -0.112755 
-3.954643 2.065218 0.306402 -1.209065 1.276817 1.350237 -0.880129 1.451492 -1.145880 -0.037596 0.910381 -0.658602 -0.068723 
-3.729908 1.670901 0.557598 -0.979163 1.241922 1.440877 -0.937524 1.496268 -1.041928 0.298391 0.449262 -0.835327 -0.154989 
-3.765714 1.682686 0.431244 -1.031190 1.159438 1.221010 -0.891629 1.705939 -1.142628 0.035074 0.966135 -0.552222 -0.179134 
-3.705809 1.887654 0.539823 -0.931681 1.156049 1.052131 -1.143205 1.292785 -1.424544 0.430196 0.686265 -0.759779 0.169062 
-3.660937 1.468560 0.416025 -0.794157 1.231019 1.070710 -1.111024 1.635821 -1.009190 -0.169165 0.849215 -0.681507 -0.177463 
-3.510510 1.608555 0.750406 -0.762560 0.948134 0.922203 -1.218704 1.320888 -1.395347 0.139989 0.773441 -0.616275 -0.099522 
-3.763641 1.409667 0.446255 -0.861386 1.157918 1.099370 -1.021926 1.629832 -1.233386 0.343107 0.943460 -0.799808 -0.223400 
-3.508649 1.349655 0.664282 -0.615394 0.994870 1.028240 -0.949893 1.416120 -1.273252 -0.129467 0.815257 -0.649772 -0.064751 
-3.753116 1.727421 0.454293 -1.045751 0.902137 0.891745 -1.142261 1.268633 -1.414267 0.378461 0.879881 -0.961824 -0.144701 
-3.895045 1.373156 0.592259 -0.539030 1.261186 1.136633 -1.038533 1.161792 -1.349409 0.082726 0.435969 -0.798745 0.175917 
-3.296069 1.607815 0.289524 -0.942981 1.211117 0.993562 -1.282109 1.502239 -1.163004 0.205177 0.539860 -0.837419 0.141803 
-4.022460 1.641546 0.655524 -0.861973 1.231719 1.391769 -1.078976 1.140860 -1.153159 0.043696 0.336180 -0.873626 0.012455 
-3.473817 1.403057 0.494394 -0.855695 1.234558 1.129112 -1.322600 1.553113 -1.068138 0.252737 0.517531 -0.771405 0.186896 
-3.755237 1.874993 0.434366 -1.238546 1.158247 1.338731 -1.183114 1.276161 -1.184411 0.184838 0.470838 -0.657381 -0.043316 
-3.773768 1.526818 0.563966 -0.760416 1.206838 1.190686 -1.046364 1.320230 -1.176584 0.437243 0.488862 -0.835570 0.106340 
-3.947613 1.723779 0.370898 -1.021708 1.629473 1.500951 -1.359161 1.456312 -0.915352 0.396731 0.271611 -0.805264 -0.045677 
-3.699573 1.733720 0.657322 -0.926129 1.059428 1.175014 -1.046419 1.525615 -0.925728 0.394197 0.496889 -0.987102 0.021418 
-3.764250 1.691586 0.487342 -0.870144 1.496200 1.398465 -1.167445 1.416678 -1.294122 0.116478 0.642019 -0.911201 0.009384 
-3.882280 1.978270 0.559958 -1.226863 1.056466 1.323175 -1.085371 1.448087 -0.800950 0.212453 0.557216 -1.021298 -0.125041 
-3.724258 1.644949 0.508488 -0.873476 1.286514 1.414212 -1.107464 1.184142 -0.845838 -0.147162 0.781519 -0.918951 -0.143945 
-4.046679 1.874956 0.514886 -0.981503 0.996971 0.989895 -0.976985 1.501708 -0.819388 0.084063 0.485927 -0.700070 0.005043 
-3.528849 1.539014 0.536475 -0.912709 1.061864 1.335003 -1.061833 1.205195 -0.842974 -0.133217 0.744805 -0.941823 -0.026850 
-4.087441 1.785801 0.776922 -0.654411 1.003691 0.906486 -0.941160 1.406950 -1.211667 -0.092093 0.608695 -0.492518 -0.112754 
-3.702506 1.334295 0.551208 -0.503996 1.109360 0.966937 -0.897664 1.445637 -1.112327 -0.143363 0.829453 -0.954977 -0.088517 
-4.206360 1.694467 0.679768 -0.675600 0.973763 0.939501 -0.903209 1.251202 -1.188979 0.017117 0.544378 -0.731295 0.002519 
-4.276370 1.293027 0.524984 -0.609319 1.402833 1.320924 -0.790697 1.613907 -1.156204 0.139812 0.527773 -0.855791 -0.196681 
-4.323121 1.799250 0.623622 -0.576446 1.321954 1.147928 -0.849045 1.272274 -1.214404 -0.008596 0.542533 -0.864506 0.182797 
-4.111819 1.548365 0.545705 -1.015391 1.433570 1.674997 -0.960334 1.438207 -1.219331 0.295091 0.486105 -0.795127 -0.242123 
-3.866362 1.517005 0.632191 -0.892476 1.100580 1.226174 -1.229752 1.273973 -0.863044 0.004230 0.590964 -0.586325 0.165675 
-4.292837 1.709945 0.714969 -0.836231 0.994100 1.161448 -0.749445 1.458918 -1.081215 0.123583 0.709882 -0.937277 -0.177873 
-3.745543 1.363715 0.716372 -1.003726 0.979059 1.290279 -1.353337 1.174924 -1.014671 0.003028 0.605555 -0.539975 0.247545 
-4.240946 1.762835 0.620480 -0.885708 0.826190 0.985211 -0.680342 1.366839 -1.214256 0.110231 0.761528 -0.966836 -0.082070 
-3.674564 1.528407 0.675330 -0.793484 1.447602 1.425603 -1.493837 1.113875 -1.089572 0.032060 0.321121 -0.735821 0.183199 
