-4.069421 1.300748 0.258105 -0.707326 1.465292 1.280910 -0.835827 1.616655 -1.291638 -0.062769 0.468335 -0.821526 -0.078213 
-3.486585 1.516499 0.298886 -0.614594 1.254772 0.934931 -1.039313 1.393649 -1.255400 -0.201694 0.763181 -0.970106 0.081810 
-3.752238 1.454096 0.425269 -0.808757 1.296687 1.313377 -1.043994 1.449216 -0.798348 -0.137595 0.422057 -0.857167 -0.102795 
-3.308804 1.462412 0.378407 -0.601506 1.052241 0.751192 -1.155870 1.395531 -1.065808 -0.169339 0.884372 -0.939626 -0.145006 
-3.409528 1.744097 0.574426 -1.230562 0.915959 1.343024 -1.057596 1.389814 -0.976870 0.095873 0.579218 -0.915622 -0.225581 
-3.571518 1.388270 0.584387 -0.633197 1.007045 0.970489 -0.999109 1.455775 -1.158386 -0.115238 0.828738 -0.837869 -0.296735 
-3.442781 1.650232 0.553076 -1.034366 0.957593 1.122626 -1.138292 1.365218 -1.095745 0.328276 0.781556 -0.913652 -0.171121 
-3.878767 1.415511 0.621554 -0.658618 1.093437 1.027115 -1.086099 1.340120 -1.224633 0.097186 0.967734 -0.709145 -0.153770 
-3.644896 1.877751 0.394299 -1.070374 1.200498 1.031044 -1.219375 1.440616 -1.366157 0.379619 0.974806 -0.604680 -0.066203 
-3.836572 1.727568 0.645376 -0.895407 1.256725 1.315520 -1.230337 1.171782 -1.140371 0.275837 0.829066 -0.824020 -0.059111 
-3.657429 1.633220 0.518468 -1.105654 1.121816 1.300316 -1.185672 1.323497 -1.262211 0.374889 0.825761 -0.481602 0.016084 
-3.637417 1.573303 0.503663 -0.847347 1.268789 1.121766 -1.411201 1.241595 -1.037202 0.221329 0.763124 -0.785026 -0.215513 
-3.673136 1.294315 0.625194 -0.846692 1.375438 1.519411 -1.293319 1.291697 -1.182513 0.008750 0.558075 -0.449353 0.022412 
-3.538218 1.265130 0.287475 -0.882796 1.337924 1.125666 -1.286488 1.688786 -1.007908 0.083998 0.762189 -0.703228 -0.297447 
-3.622540 1.561717 0.618143 -0.878835 1.379509 1.431605 -1.258350 1.416881 -1.183426 -0.278911 0.548857 -0.533581 -0.050240 
-3.744685 1.445710 0.259713 -1.027335 1.075310 1.114117 -0.875144 1.691147 -1.260233 -0.098200 0.873471 -0.819609 -0.123908 
-3.658486 1.773891 0.680092 -0.978357 0.970542 0.947472 -1.356692 1.540843 -0.844121 0.058323 0.520812 -0.614077 0.115938 
-3.684238 1.680546 0.332372 -1.051096 1.067583 1.226925 -0.830016 1.455316 -1.244922 0.078902 0.653254 -0.941701 -0.035707 
-3.606491 1.816619 0.394471 -0.998953 0.952406 0.960561 -1.036082 1.430537 -0.905836 0.237144 0.644019 -0.893094 0.241404 
-3.549836 1.715736 0.334492 -0.964521 1.226882 1.092432 -1.131812 1.551265 -0.974025 0.026559 0.624332 -1.006980 -0.170657 
-3.576169 1.589692 0.428129 -0.815879 0.994803 1.022027 -0.904322 1.445258 -0.972795 -0.108282 0.680740 -0.925041 0.192394 
-3.571586 1.733857 0.619407 -1.043843 0.900962 1.170971 -1.124678 1.270650 -0.699815 -0.001474 0.501609 -0.937769 -0.002889 
-3.731719 1.700319 0.400703 -0.689996 1.183975 1.020227 -0.865539 1.413979 -1.059395 -0.237232 0.941907 -0.850571 0.069476 
-3.313830 1.742888 0.621029 -1.018832 1.045953 1.235862 -1.215304 1.345389 -0.993103 0.046947 0.467320 -1.087218 -0.023252 
-4.046602 1.634357 0.396142 -0.609738 1.058048 0.934038 -0.709791 1.307296 -0.984493 -0.346062 0.923040 -0.835885 0.083667 
-3.564327 1.545214 0.539319 -0.833086 1.063468 1.032643 -1.155436 1.381531 -1.233179 0.145404 0.609531 -1.279355 -0.170375 
-4.193318 1.499405 0.626628 -0.553112 1.128510 0.960097 -1.006496 1.265971 -1.041315 -0.019053 0.713336 -0.966984 -0.209610 
-3.814078 1.327397 0.595164 -0.481691 1.180903 0.812031 -1.254197 1.350423 -1.282270 0.190408 0.712843 -0.825715 0.065458 
-4.099983 1.473747 0.774925 -0.675113 1.249497 1.342198 -1.128668 1.140088 -1.145605 -0.127124 0.324367 -0.795623 -0.054250 
-3.801016 1.298388 0.344790 -0.680164 1.364354 1.099046 -1.137164 1.383868 -1.436604 0.099052 0.730502 -0.727040 -0.052276 
-3.764000 1.447668 0.732294 -0.597932 1.207237 1.059373 -1.289774 1.235559 -1.320235 -0.234356 0.491029 -0.421230 0.135490 
-4.054177 1.457837 0.216236 -0.731192 1.357718 1.024519 -1.033839 1.371811 -1.266947 0.145340 0.826887 -0.728581 -0.231415 
-3.767036 1.459966 0.366800 -0.909130 1.232862 1.284571 -0.882513 1.517521 -1.248803 0.046654 0.473684 -0.748156 -0.068329 
-4.095715 1.606964 0.490576 -0.838697 1.232910 1.033449 -1.149460 1.511590 -1.193174 0.144580 0.717422 -0.685374 -0.287232 
-3.687142 1.404962 0.451674 -0.688537 1.418591 1.331189 -0.906303 1.758026 -0.964252 -0.118726 0.299151 -0.911862 -0.039115 
-4.013614 1.681291 0.504704 -1.037067 1.126481 1.203773 -1.009312 1.491314 -1.109371 0.191623 0.606201 -0.723188 -0.160949 
-3.883820 1.341509 0.584729 -0.284208 1.292856 0.816709 -1.118292 1.435415 -0.963553 -0.193818 0.548937 -0.822337 0.078324 
-4.004282 1.676566 0.715103 -1.035300 1.079330 1.410726 -1.007771 1.235159 -1.275403 0.068238 0.506469 -0.877714 -0.007839 
-3.637494 1.304478 0.531967 -0.651713 1.028772 1.044345 -1.079426 1.163382 -1.101117 0.038521 0.763603 -0.779668 0.114651 
-3.538245 1.737068 0.439245 -1.147369 0.976830 1.161218 -1.124164 1.341045 -1.009281 0.212154 0.554745 -0.996995 -0.223753 
-3.445096 1.359566 0.559295 -0.581601 0.952516 0.802231 -1.029254 1.316823 -1.484503 0.193001 0.855814 -0.799308 0.115857 
-3.594385 1.581401 0.280893 -0.941786 1.127751 1.002398 -1.165722 1.465632 -0.860123 -0.013176 0.931961 -1.011570 -0.259524 
-3.199979 1.378283 0.470689 -0.503479 1.117826 0.726067 -1.256881 1.297447 -1.427449 0.224145 0.976249 -0.682102 0.059667 
-3.523622 1.654756 0.556241 -0.990422 0.857516 1.054313 -1.032501 1.365948 -1.007463 -0.013488 1.023142 -0.879905 -0.074244 
-3.749729 1.466161 0.713664 -0.800578 1.000163 1.098324 -1.247413 1.087669 -1.188666 0.516951 0.820321 -0.569726 0.113063 
-3.524328 1.515013 0.398887 -0.788051 1.031640 0.745382 -1.197531 1.586538 -1.073297 0.117945 0.716956 -0.894665 0.057530 
-4.076280 1.491828 0.635907 -1.094588 1.062028 1.418485 -1.197547 1.207840 -0.787131 0.619114 0.839831 -0.677981 -0.140626 
-3.692368 1.102288 0.485100 -0.553767 1.435526 1.016330 -1.422510 1.650495 -1.134770 -0.048384 0.714716 -0.566812 -0.064384 
-4.032158 1.771293 0.398172 -1.177859 1.384322 1.489581 -1.078715 1.671614 -0.898271 -0.079729 0.649373 -0.623452 -0.428422 
-3.720992 1.412031 0.256304 -0.788596 1.489445 1.089892 -1.233229 1.689245 -1.071649 -0.110134 0.730119 -0.792496 -0.183457 
-3.689754 1.592218 0.402450 -0.951918 1.295586 1.393203 -0.997825 1.425598 -1.168408 -0.197067 0.557781 -0.770463 -0.057942 
-3.765849 1.939071 0.227337 -1.008776 1.463243 1.191609 -1.175594 1.323199 -1.135089 -0.092191 0.745386 -0.823602 -0.150640 
-3.978040 1.867165 0.515802 -0.883074 1.154932 1.330907 -0.874523 1.052720 -0.999181 0.008342 0.653816 -0.907023 0.039566 
-3.640186 1.613746 0.277215 -0.748855 1.400058 1.177167 -0.967374 1.342437 -1.208039 -0.255573 0.760743 -0.939186 -0.015394 
-4.043271 1.651771 0.685605 -0.603487 1.225104 1.193205 -0.954686 1.185169 -1.147479 -0.142369 0.763912 -0.790184 -0.284075 
-3.834042 1.465252 0.555020 -0.937939 0.985938 1.172574 -0.906867 1.551266 -1.009965 0.091947 0.766021 -0.830333 -0.264003 
-3.679162 1.361671 0.782551 -0.660692 1.219249 1.162019 -1.145642 1.625985 -1.370471 -0.161986 0.553340 -0.471818 -0.096213 
