-2.850345 1.885746 1.415664 -1.733236 0.973723 0.886529 -2.292171 2.484517 -1.631128 -0.135800 0.996358 -0.782502 -0.013368 
-2.933164 1.745342 1.222556 -1.717597 1.024089 0.966313 -1.987181 2.719206 -1.425791 -0.269936 0.798166 -0.919506 -0.155091 
-2.869564 2.019418 1.549775 -1.694578 0.843349 0.864658 -2.116858 2.551006 -1.674908 -0.023049 0.844191 -0.903646 -0.206933 
-2.865702 1.953616 1.264695 -1.616164 1.055244 0.756719 -2.250037 2.405999 -1.550980 -0.073710 1.010010 -0.926594 -0.199570 
-2.853822 1.939973 1.289442 -1.609604 1.072744 0.819509 -2.249794 2.327173 -1.521430 -0.061069 1.010020 -0.940847 -0.196800 
-2.891819 2.015850 1.356666 -1.694886 1.039240 0.898389 -2.168746 2.356707 -1.626627 -0.078480 0.960088 -0.981264 -0.237972 
-2.967315 1.860379 1.201638 -1.659891 1.106256 0.832106 -2.220374 2.351118 -1.581948 -0.139947 1.003771 -1.036919 -0.252188 
-3.012538 1.972746 1.320016 -1.601579 1.177005 0.874274 -2.240851 2.375906 -1.527516 -0.257147 0.998609 -1.109631 -0.147422 
-2.962766 1.974175 1.349696 -1.677782 1.147987 0.950151 -2.236678 2.429865 -1.492683 -0.210963 0.977968 -1.064671 -0.195963 
-2.937227 2.087645 1.480813 -1.683690 1.099813 0.885008 -2.308629 2.504681 -1.609807 -0.151194 1.006463 -0.980786 -0.221785 
-2.926724 2.191539 1.490274 -1.688978 1.113383 0.892815 -2.226189 2.594732 -1.555965 -0.166781 1.040058 -0.880163 -0.194414 
-3.091279 2.085865 1.403023 -1.678880 1.123886 0.915200 -2.211616 2.553462 -1.487721 -0.108920 1.125195 -0.963418 -0.287830 
-2.975936 1.905438 1.198018 -1.857981 0.895526 0.816192 -2.234825 2.425285 -1.725762 -0.057241 1.150428 -0.893384 -0.189730 
-2.942963 2.023933 1.193353 -1.835200 0.989018 0.946712 -2.107975 2.468988 -1.577826 0.002252 1.149482 -0.781893 -0.098817 
-2.753529 2.226204 1.401515 -1.645713 1.096632 0.933807 -2.117912 2.610623 -1.610241 -0.004026 0.883307 -0.875674 -0.199565 
-2.728370 2.138186 1.319927 -1.542491 1.045310 0.785807 -2.177239 2.403203 -1.639152 0.055176 0.744563 -0.866108 -0.170687 
-2.834122 1.950434 1.147182 -1.582208 0.896283 0.687048 -2.048815 2.227156 -1.546638 -0.051649 0.893715 -0.824293 -0.124288 
-3.029956 1.872882 1.123601 -1.657889 0.933757 0.812198 -2.011206 2.298848 -1.408701 -0.048819 0.974704 -0.819541 -0.134035 
-2.807559 1.952139 1.237205 -1.634130 1.008120 0.786380 -2.199317 2.416183 -1.422157 0.022631 0.905346 -0.900747 -0.144252 
-2.756138 2.013065 1.241659 -1.655094 0.963368 0.779386 -2.122584 2.478311 -1.514106 -0.117365 0.849284 -0.859479 -0.124471 
-2.882281 2.009044 1.202049 -1.638984 0.962652 0.710795 -2.154781 2.423755 -1.569682 -0.073750 0.828937 -0.876842 -0.129299 
-2.891495 2.005100 1.132075 -1.760615 0.856904 0.664015 -2.201455 2.383349 -1.456457 -0.039526 0.797615 -0.915682 -0.088790 
-3.462871 0.683840 0.456039 -1.703109 -0.381419 0.252259 -1.248939 2.130726 -1.421812 1.060370 0.690956 -0.337258 -1.784251 
-2.349661 2.066165 1.052722 -0.528996 0.828071 0.651531 -1.045771 2.080419 -1.516910 0.829203 0.693508 -0.283850 -0.340509 
-1.152211 4.427544 0.339066 -1.311845 0.229643 -0.124487 -0.723325 1.724639 