-3.713207 2.125368 0.766872 -1.087787 0.910485 1.197769 -1.020147 1.249980 -1.152469 0.025901 0.599124 -0.843958 0.241167 
-3.665706 1.996128 0.183868 -0.988654 1.291651 1.032883 -0.962615 1.506870 -0.939340 0.385091 0.934784 -1.019425 -0.277933 
-3.479684 1.779898 0.742260 -0.772685 0.949704 1.057136 -0.872476 1.460975 -1.309413 0.020493 0.755374 -1.065346 -0.199214 
-3.707789 1.961077 0.440889 -0.993697 1.240950 1.133216 -1.187013 1.352024 -1.012888 0.070834 0.658808 -0.714636 -0.119261 
-3.337266 1.339054 0.740100 -0.609114 1.061728 1.134247 -1.071590 1.480009 -1.117482 -0.126368 0.664852 -0.730130 -0.177065 
-3.860904 1.512676 0.597081 -0.612662 1.267060 1.056922 -1.073124 1.442491 -1.274560 -0.088024 0.511716 -0.670575 -0.002880 
-3.469802 1.326350 0.819369 -0.767258 0.922386 1.162461 -1.295722 1.226199 -1.028339 -0.170061 0.679312 -0.569883 0.069092 
-3.923145 1.452115 0.440511 -0.586015 1.270684 1.077692 -0.837406 1.498201 -1.115706 -0.151640 0.648994 -0.804071 -0.060157 
-3.523026 1.269554 0.624844 -0.673331 0.949148 1.029140 -1.018402 1.372952 -1.298655 -0.150706 0.609200 -0.800654 -0.062216 
-3.864511 1.441243 0.716361 -0.688328 1.223757 1.465414 -0.900492 1.197407 -1.212882 -0.046206 0.409610 -0.816747 0.062011 
-3.394365 1.185211 0.477497 -0.876077 1.111092 1.052230 -1.396627 1.670987 -0.985676 0.116256 0.632794 -0.524069 -0.046278 
-3.602199 1.334490 0.532516 -0.649464 1.392680 1.357717 -1.047484 1.369834 -1.431344 0.060304 0.458153 -0.719446 0.235778 
-3.213175 1.512862 0.528334 -0.952590 1.232729 1.210262 -1.532165 1.326906 -0.992338 0.234906 0.624047 -0.532649 0.104912 
-3.935936 1.385385 0.356503 -0.613820 1.399101 1.069873 -0.862144 1.874231 -1.238335 0.094693 0.544614 -0.793737 -0.161649 
-3.598639 1.698596 0.537319 -0.978539 1.267258 1.335099 -1.176569 1.254298 -1.369012 0.408776 0.773009 -0.396929 -0.040188 
-3.898056 1.384532 0.512799 -0.695565 1.304079 1.229470 -0.893978 1.682823 -1.209939 0.002970 0.505421 -0.734303 -0.132395 
-4.004794 1.447105 0.713526 -0.833999 1.221266 1.394369 -0.991165 1.606341 -0.979950 0.285593 0.316394 -0.599023 0.008628 
-3.896195 1.349617 0.359011 -0.757172 1.397074 1.365005 -0.907959 1.464121 -1.092324 0.130990 0.487648 -0.852220 -0.250130 
-3.931201 1.396693 0.950293 -0.776152 1.072602 1.476725 -0.906002 1.534842 -0.967851 0.077473 0.193169 -0.674198 0.089103 
-3.945463 0.964527 0.434436 -0.566009 1.239608 1.127821 -0.863010 1.680663 -1.309544 0.115526 0.525227 -0.741018 -0.302403 
-3.771513 1.509406 0.738522 -0.739702 1.061018 1.388656 -0.902639 1.038970 -1.137925 0.332876 0.931918 -0.776160 -0.048779 
-3.865191 1.061384 0.559511 -0.541612 1.087358 0.904992 -0.936753 1.891820 -1.152992 0.058971 0.334143 -0.767973 -0.127278 
-3.870877 1.556371 0.527534 -0.764180 1.133464 1.169535 -0.973288 1.308995 -0.940560 0.328380 0.938774 -0.803548 -0.153034 
-3.938392 1.485710 0.281863 -0.688763 1.550581 1.095546 -1.178386 1.604851 -1.112291 0.113091 0.479549 -0.618919 -0.040129 
-3.817538 1.562081 0.229570 -0.705189 1.282655 0.905568 -1.076463 1.435130 -0.889965 0.027371 0.631456 -0.764533 -0.038669 
-4.003064 1.687967 0.208379 -1.052059 1.253510 1.263698 -0.679754 1.745950 -1.026134 0.072685 0.436221 -0.878437 -0.184971 
-3.717681 1.367522 0.660884 -0.653399 1.231500 1.188737 -1.218156 1.362084 -0.894699 -0.200233 0.446052 -0.735216 0.041831 
-4.247071 1.721209 0.454806 -1.191355 1.082558 1.621727 -0.500647 1.419939 -1.254185 0.047729 0.618058 -1.081366 -0.198831 
-3.837594 1.624049 0.496082 -0.739499 1.303144 1.205714 -1.278604 1.093873 -0.606317 0.112349 0.798193 -0.695656 -0.214052 
-3.783406 1.402220 0.426347 -0.862048 1.131195 1.207502 -0.920664 1.465187 -1.266447 0.060814 0.818595 -0.796806 -0.080305 
-3.750587 1.827019 0.400424 -0.840277 1.225165 1.063751 -1.141113 1.207340 -0.840721 0.242005 0.803141 -0.864288 -0.210663 
-3.613862 1.236246 0.479912 -0.700803 1.099082 1.029117 -1.146140 1.447457 -0.904878 0.155432 0.716550 -0.865630 -0.096215 
-3.635107 1.730815 0.417605 -0.739188 1.039789 1.060843 -0.783238 1.103432 -1.172967 0.177757 0.932470 -0.953335 0.241697 
-3.933815 1.421751 0.656101 -0.504516 1.086766 0.831363 -1.360088 1.033718 -0.891364 0.284767 0.827854 -0.967622 0.048725 
-3.757770 1.624049 0.483134 -0.832527 1.076739 1.219311 -0.849326 1.147955 -1.228057 0.088416 1.031587 -0.714988 0.120238 
-3.526478 1.350531 0.439200 -0.631723 1.139483 1.052326 -1.142444 1.202957 -0.937049 0.161826 0.763599 -0.821153 0.176419 
-3.817414 1.594086 0.440720 -0.774199 1.303744 1.258825 -0.802688 1.517531 -1.417202 -0.102184 0.757677 -0.971745 -0.255745 
-3.444557 1.525969 0.324528 -0.759594 1.045950 1.025156 -1.028806 1.223739 -0.842815 -0.147419 0.922062 -0.879412 -0.014900 
-3.828086 1.518502 0.299706 -0.758180 1.367254 1.105368 -0.949036 1.660223 -1.154088 0.153702 0.502887 -0.796851 0.036331 
-3.724499 1.845567 0.355129 -0.957000 1.015749 0.959860 -1.146247 1.148785 -0.840696 0.233272 0.774757 -1.106262 0.063563 
-3.739993 1.357075 0.509762 -0.766901 1.138736 1.096647 -1.018970 1.576528 -1.229383 -0.019228 0.584714 -0.437773 -0.031004 
-3.591002 1.652732 0.595256 -0.868343 1.116309 1.056331 -1.227467 1.526321 -0.821694 0.354092 0.339347 -0.997561 0.258134 
-3.959752 1.535138 0.496974 -0.763333 1.455108 1.160368 -1.317195 1.506480 -1.144850 0.059776 0.338675 -0.709415 -0.255247 
-3.981591 1.443928 0.646482 -0.722414 1.250437 1.254589 -1.188561 1.293722 -0.907518 0.111711 0.753703 -0.920944 0.101344 
-4.099947 1.759226 0.647005 -0.635573 1.492986 1.235729 -1.277316 1.210840 -0.902893 -0.079744 0.338940 -0.689400 0.121790 
-4.044939 1.256865 0.701522 -0.814907 1.096003 1.331172 -1.030513 1.438155 -1.033104 0.127028 0.550185 -0.797782 -0.088249 
-3.802067 1.924813 0.661242 -0.716863 1.022123 1.106196 -0.826568 1.271177 -1.034669 -0.588690 0.903322 -0.679262 -0.025066 
-3.933781 1.552235 0.515940 -0.997654 1.196445 1.227714 -1.230483 1.393362 -1.042744 0.122994 0.663065 -0.720896 -0.159652 
-3.736982 1.783214 0.618915 -0.881415 0.849572 1.180140 -0.775012 1.153692 -0.968937 -0.046630 0.808933 -0.918925 0.046265 
-4.215743 2.073384 0.498506 -1.241455 1.235008 1.318343 -1.244033 1.236716 -0.986119 0.131906 0.773129 -0.642987 -0.001452 
-3.660348 1.342546 1.007699 -0.793192 0.744550 1.197052 -1.133322 1.291416 -0.875438 0.066176 0.333541 -0.777202 0.185672 
-4.079945 1.583352 0.665175 -1.118747 0.825471 0.956145 -1.380811 1.382995 -0.986140 0.107514 0.609356 -0.368335 0.072032 
-3.847833 1.251967 0.661623 -0.686517 1.280659 1.368655 -1.085317 1.406017 -1.126262 -0.064192 0.430274 -0.790771 0.017243 
-4.028640 1.365478 0.561471 -1.037928 0.947938 1.181391 -1.164014 1.521491 -0.722114 0.149528 0.559841 -0.778518 -0.058252 
-3.879694 1.416089 0.555172 -0.713613 1.316112 1.247921 -1.077410 1.452870 -1.107918 0.109297 0.683211 -0.729102 -0.064293 
-4.020363 1.284220 0.560690 -0.678560 1.025717 1.038934 -1.024035 1.438800 -0.646552 0.184552 0.583283 -0.948320 0.061002 
-4.002587 1.642941 0.365584 -0.796689 1.327074 1.390147 -0.739259 1.329339 -0.932245 -0.100740 0.768471 -1.163811 -0.116420 
