-3.862403 1.667039 0.316381 -0.761858 1.192472 1.054124 -0.870344 1.202311 -1.306461 0.368759 1.013819 -1.031691 -0.018869 
-3.806929 1.629614 0.404966 -0.628658 1.226468 0.968021 -0.896839 1.479993 -1.110075 0.057347 0.736389 -1.089876 -0.055837 
-3.871609 1.838299 0.770339 -0.862949 1.142647 1.211027 -1.129157 1.230209 -1.371097 0.131527 0.811812 -0.535130 -0.207681 
-3.732485 1.472551 0.272951 -0.615830 1.169883 0.669893 -1.109866 1.651613 -0.911773 0.265714 0.753130 -1.114457 0.048917 
-3.956247 1.253177 0.856561 -0.529062 1.251195 1.186715 -1.183348 1.412306 -1.320503 0.114476 0.523641 -0.729013 -0.218931 
-3.440050 1.553792 0.688029 -0.924056 0.872158 0.995961 -1.325448 1.256129 -1.117891 -0.015191 0.638590 -0.690748 -0.004181 
-3.510685 1.931940 0.194904 -1.006002 1.280818 1.125192 -1.094312 1.233473 -1.079920 0.044895 0.813125 -0.957889 0.246166 
-3.408908 1.849308 0.835366 -1.331919 0.811265 1.507566 -1.187735 1.116694 -1.201008 0.081447 0.616176 -0.672278 -0.093253 
-3.497893 1.842121 0.390527 -1.167734 1.096383 1.185822 -1.078607 1.564417 -1.042299 -0.100283 0.766089 -0.740883 -0.156347 
-3.679719 1.609010 0.541073 -1.014046 1.098788 1.327431 -0.979476 1.388461 -1.256334 0.013113 0.829045 -0.859447 -0.483896 
-3.895085 1.588791 0.689453 -0.909434 1.058590 1.158076 -0.950747 1.781208 -1.192124 -0.111825 0.460750 -0.650671 -0.269208 
-3.755409 1.428816 0.450543 -0.692947 1.298188 1.116054 -1.100060 1.401851 -1.265437 -0.116246 0.673595 -0.753887 -0.257506 
-3.863484 1.736064 0.582134 -0.870652 0.952514 1.002349 -0.889373 1.508536 -1.114791 -0.213887 0.809542 -0.756239 -0.220073 
-3.798888 1.695139 0.517500 -0.761302 1.262890 1.136310 -1.017157 1.427662 -1.231259 -0.220929 0.412449 -0.708532 0.002902 
-3.831854 1.791127 0.774381 -1.132391 0.821395 1.245852 -0.956774 1.438310 -1.248441 0.118203 0.817619 -0.713007 -0.173054 
-3.563713 1.793050 0.551547 -1.008745 1.167590 1.291296 -0.986758 1.488098 -1.315017 -0.182441 0.383783 -0.686720 -0.020121 
-3.841889 1.602700 0.501404 -0.900940 1.355288 1.413940 -1.026580 1.314092 -1.399117 0.123345 0.420061 -0.778039 -0.085714 
-3.637364 1.588206 0.362588 -0.992657 1.128485 1.120203 -0.959417 1.773590 -0.885131 -0.144440 0.515496 -0.739455 -0.240554 
-3.684889 1.258778 0.416738 -0.709086 1.372478 1.300846 -1.111400 1.401247 -1.057626 0.081243 0.426200 -0.796011 -0.039264 
-3.914135 1.756808 0.506394 -0.965403 0.948723 1.164588 -0.881118 1.253710 -0.947816 -0.104456 0.549468 -1.000080 -0.222778 
-4.022145 1.442137 0.559383 -0.689735 1.333056 1.087623 -1.222088 1.621829 -0.896120 0.214007 0.472169 -0.661605 -0.283605 
-4.067976 1.815758 0.585611 -0.990360 1.121443 1.475435 -0.749008 1.179905 -1.194354 -0.074059 0.675497 -0.889651 -0.116068 
-3.842334 1.381802 0.290875 -0.836151 1.253367 1.116278 -1.050210 1.538979 -0.933780 0.084114 0.504381 -0.879671 -0.226314 
-4.081982 1.599474 0.481741 -0.978804 1.286000 1.354428 -1.073570 1.468292 -1.095011 -0.163779 0.658957 -0.519147 -0.085829 
-3.607151 1.547275 0.325596 -0.820816 1.184813 1.123437 -0.957203 1.476336 -0.900743 -0.112059 0.496586 -1.103016 0.006645 
-4.079787 1.416818 0.471395 -0.723684 1.286983 1.004474 -1.123819 1.785565 -1.088612 -0.136137 0.670884 -0.566175 -0.036640 
-3.435468 1.652298 0.495601 -0.924881 1.172245 1.176521 -1.164622 1.549676 -0.908310 -0.041910 0.385105 -0.870183 0.027854 
-3.901161 1.068233 0.472353 -0.516097 1.345686 1.084122 -1.126485 1.520193 -1.166681 0.161859 0.567562 -0.683824 0.056285 
-3.844127 1.612792 0.757194 -1.020656 0.956421 1.359830 -1.031555 1.236608 -1.147585 0.173875 0.690628 -0.920405 -0.105745 
-3.582439 1.402578 0.474689 -0.593934 1.368270 1.017223 -1.442972 1.148396 -1.134548 0.091321 0.853579 -0.573672 -0.160706 
-4.198199 1.396652 0.739608 -0.766032 1.003414 1.183593 -0.983466 1.387186 -1.038078 -0.098812 0.659770 -0.824223 -0.030623 
-3.459129 1.892327 0.540407 -0.899345 0.917990 0.879865 -1.232066 1.108271 -0.890884 -0.067930 0.897182 -0.755910 -0.345768 
-3.733168 1.439312 0.559487 -0.770761 1.062154 1.020477 -1.147659 1.441305 -1.005647 -0.077445 0.557566 -0.677995 0.025653 
-3.572394 1.608325 0.445376 -0.771797 1.171099 1.162415 -1.129544 1.119700 -0.892897 0.039712 0.653926 -1.077976 -0.008805 
-3.905699 1.946264 0.590192 -0.873393 1.097544 1.267801 -0.724084 1.366863 -0.960834 -0.036874 0.759403 -0.775330 0.114362 
-3.782163 1.415912 0.360871 -0.390681 1.593951 1.008307 -1.260523 1.362528 -1.015484 0.041301 0.684509 -0.956450 0.054919 
-3.878961 1.905406 0.459453 -0.893070 1.083533 1.315045 -0.611497 1.235901 -0.887499 0.092203 0.939316 -1.105931 -0.126222 
-4.076340 1.753273 0.180718 -0.522770 1.700796 1.079474 -0.928381 1.518371 -0.959831 -0.132720 0.659146 -1.019162 -0.029011 
-3.718132 1.754765 0.228898 -1.019528 1.080188 1.251600 -0.703972 1.259947 -1.047175 0.131422 0.849499 -1.131829 -0.060292 
-3.875210 1.929212 0.380651 -0.684961 1.485315 1.082429 -0.998569 1.395604 -1.124382 0.059205 0.857501 -1.059803 -0.237442 
-4.093796 1.598973 0.467228 -0.859331 1.006491 0.984437 -0.773902 1.618720 -1.250434 -0.188191 0.723474 -0.619799 0.092275 
-3.750865 1.426279 0.419276 -0.787636 1.108840 1.192086 -0.856142 1.232744 -1.161214 0.107688 0.653039 -1.014233 -0.072453 
-4.207833 1.367611 0.517231 -0.900435 1.078582 1.193875 -1.028977 1.414838 -0.959465 0.045228 0.714199 -0.573085 0.112310 
-3.728837 1.679100 0.451588 -0.947073 1.104572 1.128753 -1.071365 1.343932 -0.953196 0.130433 0.400689 -1.030763 0.116848 
-4.227590 1.712741 0.465668 -1.044785 1.126435 1.302654 -1.045600 1.218335 -0.872869 0.022114 0.764562 -0.840007 0.050142 
-3.642037 1.621638 0.740677 -0.788341 0.990504 1.056563 -1.171503 1.285137 -1.105657 0.257114 0.730717 -0.951466 0.100072 
-4.303629 1.731284 0.274172 -0.593335 1.459163 0.950558 -1.073926 1.375991 -0.856790 -0.331276 0.679271 -1.066776 0.033924 
-4.133392 1.398059 0.513739 -0.739498 1.112286 1.301432 -0.712524 1.196222 -1.192461 0.171002 0.889917 -0.742192 0.159280 
-3.972581 1.478023 0.354715 -0.589826 1.274161 0.917100 -1.026066 1.536507 -0.906575 -0.054406 0.602562 -1.022866 0.124138 
-4.180411 1.561085 0.567843 -0.643186 1.434377 1.384897 -1.013440 1.118590 -1.006971 0.082784 0.742114 -0.837398 0.041595 
-3.634289 1.433255 0.741286 -0.761319 0.879467 1.035517 -0.908835 1.571543 -1.270680 0.096321 0.636171 -0.893384 -0.019682 
-3.891189 1.690791 0.675668 -0.755295 1.252445 1.352742 -1.051144 1.114879 -0.962983 0.159628 0.852514 -1.004383 -0.269690 
-3.798007 1.449020 0.920124 -0.825382 0.955539 1.344605 -0.977943 1.358398 -1.283899 0.369677 0.511823 -0.968727 -0.162344 
-3.612427 1.893453 0.673183 -1.024697 0.885367 1.221989 -1.065852 0.954762 -1.234217 0.273411 0.714284 -1.044979 -0.156340 
-3.842690 1.563460 0.693953 -0.715718 1.195822 1.230365 -0.992730 1.423108 -1.075203 0.160593 0.667142 -0.799359 -0.244494 
-3.447091 1.937132 0.539736 -1.000637 1.037956 1.213561 -0.924984 1.278296 -1.386206 -0.053241 0.839611 -0.799726 -0.201728 
-3.370387 1.621191 0.539154 -0.837903 1.040843 1.183411 -0.997274 1.229117 -1.155686 -0.128566 0.889160 -0.849410 -0.116846 
