-2.936355 1.925789 1.454944 -1.769516 1.098238 0.988288 -2.292044 2.574860 -1.513115 -0.130419 1.036438 -1.011204 -0.181640 
-2.875605 2.027671 1.464030 -1.793969 1.077097 0.924645 -2.322977 2.609412 -1.523560 -0.077843 1.137052 -0.901522 -0.050403 
-2.979239 2.002548 1.466377 -1.696361 1.071801 0.908691 -2.236899 2.611198 -1.601081 -0.203642 1.030805 -0.942999 -0.207946 
-3.014288 1.936292 1.342740 -1.713550 0.994155 0.849271 -2.274767 2.476800 -1.573454 -0.102594 0.913647 -0.952703 -0.167573 
-2.876493 1.880234 1.317604 -1.535614 0.979119 0.778379 -2.138383 2.596547 -1.480269 -0.012138 0.995266 -0.824650 -0.045975 
-2.812808 2.013966 1.374692 -1.498262 1.053452 0.835305 -2.156736 2.516317 -1.557169 -0.055034 0.850169 -0.896166 -0.096688 
-2.809957 1.975491 1.359942 -1.583011 0.883966 0.761505 -2.212472 2.217479 -1.459447 -0.153790 0.820540 -0.897694 -0.191154 
-2.894407 1.870704 1.231443 -1.761536 0.741443 0.625849 -2.302602 2.171294 -1.558565 -0.196661 0.804334 -0.934491 -0.261482 
-2.882504 1.887548 1.304428 -1.710349 0.949710 0.832460 -2.193539 2.418733 -1.605859 -0.132288 0.914406 -0.952811 -0.150676 
-2.919301 1.946258 1.345284 -1.681954 0.918486 0.773101 -2.190389 2.459428 -1.541538 -0.065736 1.017930 -0.865310 -0.108834 
-2.942682 1.968511 1.268412 -1.595962 1.025589 0.787105 -2.166658 2.422606 -1.445644 -0.145853 0.968339 -0.960714 -0.225520 
-2.867289 1.817201 1.197997 -1.619565 0.930144 0.805872 -2.066605 2.477242 -1.482959 -0.057203 0.953464 -0.866444 -0.115813 
-2.965399 1.913534 1.205194 -1.588738 0.928370 0.750172 -2.061365 2.397706 -1.516725 -0.131082 0.932771 -0.855710 -0.154387 
-2.944561 2.016300 1.261736 -1.623654 0.950231 0.763762 -2.169820 2.325367 -1.500525 -0.091877 0.903186 -0.856643 -0.093323 
-2.787454 1.952132 1.247689 -1.658281 0.902989 0.797916 -2.079434 2.380934 -1.515832 -0.040576 0.953551 -0.882878 -0.079903 
-2.789655 1.909331 1.243925 -1.587008 0.884315 0.691752 -2.158417 2.320853 -1.519085 -0.096014 0.906828 -0.893488 -0.094041 
-2.865137 1.970498 1.179159 -1.638802 0.904942 0.680142 -2.225447 2.186475 -1.589589 -0.201700 0.913270 -0.793502 -0.090790 
-2.775022 1.860639 1.127553 -1.733963 0.927054 0.847803 -2.037852 2.341393 -1.645600 -0.186925 1.051239 -0.887505 -0.298489 
-2.759699 1.974127 1.193337 -1.666211 1.044015 0.793995 -2.212410 2.412226 -1.568397 -0.105036 0.883128 -0.952687 -0.124632 
-2.860868 2.014830 1.356416 -1.604250 1.013193 0.809708 -2.181025 2.427964 -1.517111 -0.070492 0.957701 -0.866765 -0.122446 
-2.950245 2.025661 1.323995 -1.663577 1.044902 0.778248 -2.252072 2.453284 -1.501203 -0.131745 0.994570 -0.923832 -0.157148 
-6.433877 0.744979 1.526917 0.058706 -0.326254 0.245249 0.151321 0.713372 -1.085304 -0.159472 1.197444 -0.736779 -0.573029 
-5.429369 1.861430 2.429919 0.610066 0.315587 0.580432 0.103603 1.442277 -1.156622 0.044397 1.230532 -0.794218 -0.376167 
-3.331327 3.061213 1.901828 1.736266 1.666231 -0.330868 -0.861472 2.367774 -1.382696 0.591811 0.959834 -0.976984 0.440845 
-3.250776 3.265012 1.668695 2.062941 1.866055 -0.306142 -0.416058 2.631297 -0.961748 0.919271 0.690251 -1.348391 0.500886 
-3.251584 3.528280 1.836629 1.628462 2.086761 0.488809 -0.304510 3.156410 -0.306104 0.938623 0.058818 -1.807820 0.377563 
-3.299967 3.369161 1.707952 1.347108 2.125785 0.402050 -0.741945 2.910863 -0.517172 1.044251 0.399057 -1.666765 0.125131 
-3.709114 3.397024 1.715174 0.329737 2.199693 0.776387 -1.744829 2.729851 -0.621025 1.373712 1.909002 -0.723356 0.114027 
-3.611806 3.399044 2.459517 -1.056247 2.315454 1.772555 -2.682513 3.842816 -1.396509 -0.010324 1.461584 -1.406695 0.067978 
-3.896908 4.359423 3.489848 -1.478675 2.460517 2.372795 -3.076488 4.660714 -2.470771 0.481913 1.690744 -1.615328 -0.424273 
-3.279093 2.907053 2.182508 -1.629190 1.900614 1.935944 -2.623889 3.720157 -1.973406 -0.000756 1.359185 -1.013694 -0.080329 
-2.702863 2.378885 1.457222 -1.359409 1.102597 0.808489 -2.109183 2.697122 -1.584446 0.115149 0.970202 -0.915355 -0.120131 
-2.680323 2.121942 1.248695 -1.398840 0.926059 0.614956 -1.990046 2.423863 -1.451016 0.025354 0.937363 -0.861030 -0.118037 
-3.031194 1.768218 1.499214 -1.679276 0.970587 0.897575 -2.273523 2.686548 -1.474909 -0.092119 1.210497 -1.006274 -0.131676 
-3.182991 1.585493 1.592319 -1.544276 0.784918 0.806144 -2.149580 2.498830 -1.831014 0.190047 1.296678 -1.076552 -0.313856 
-2.117864 5.208146 0.388062 -1.775033 2.179349 0.860313 -1.266775 3.141469 -3.146184 -0.193638 0.131357 -0.639066 0.050461 
-1.622624 5.539415 0.222146 -2.425187 0.502425 -0.307958 -1.484886 2.569901 -3.591611 -0.097089 -0.568387 -0.134743 -0.385764 
-1.282238 5.433832 -0.838696 -2.374702 0.219416 -0.636051 -1.016769 1.940203 -3.679837 0.153778 -0.791849 0.097297 -0.086613 
-1.720803 4.596039 -1.533184 -3.046911 -0.430723 -0.402479 -0.607827 1.444165 -3.077644 1.078212 -0.763066 0.056375 0.260119 
-2.046929 4.123910 -1.525810 -2.976092 -0.467009 -0.459585 -0.641272 1.628524 -2.602760 1.164645 -0.418637 0.328336 0.494429 
-1.725309 4.307237 -1.234982 -3.129984 -0.635315 -0.451981 -0.777248 2.065938 -2.797884 1.143324 -0.617566 0.474625 0.519718 
-1.171530 5.674802 -2.520134 -4.293531 -0.801030 -0.878911 -0.541386 2.472865 -3.687867 1.787668 -0.275974 0.247497 -0.131830 
-1.696883 5.548356 -2.321721 -4.124557 -1.084400 -1.136955 -0.334330 2.426679 -3.121387 1.398761 -0.122406 0.068038 -0.368474 
-2.046344 4.903640 -2.392906 -3.690316 -0.941610 -1.176502 -0.412269 2.163485 -2.539238 1.066129 -0.413005 0.278238 0.001640 
-1.670333 5.087443 -2.514120 -3.820555 -0.519999 -0.823209 -0.661623 2.100990 -2.710140 1.055536 -0.678353 0.229520 -0.140467 
-1.860205 4.735428 -1.984553 -3.301888 -0.241131 -0.698455 -0.867868 2.310114 -2.003925 1.098175 -0.512660 0.233089 0.151340 
-1.947314 4.722401 -2.068944 -3.484253 -0.420166 -0.639652 -0.688717 2.439507 -1.944065 1.239811 -0.464025 0.356890 0.324608 
-1.522759 5.238568 -2.418407 -4.399359 -1.018674 -0.816082 -0.799558 2.559521 -2.924244 1.474012 -0.387551 0.871873 -0.251709 
-1.347861 5.528005 -2.247168 -4.484506 -0.863690 -0.729290 -0.745138 2.675388 -3.068330 1.283297 -0.055126 0.883030 -0.462898 
-1.350009 5.967323 -2.663581 -4.493758 -0.093904 -0.312517 -0.658054 2.296254 -3.178289 0.809283 0.338226 0.624152 -0.756322 
-1.820757 4.199393 -1.966887 -3.302600 -0.069462 -0.326419 -0.730484 2.192063 -2.548748 1.179213 -0.027703 0.422387 -0.127931 
-2.158006 3.781998 -1.485394 -2.417561 0.168499 -0.602417 -1.028129 1.673762 -2.668211 1.000858 0.736681 0.784986 0.342098 
-2.141017 4.488319 -2.323759 -1.950786 1.141519 -1.106930 -1.579095 0.900766 -2.670448 0.728732 1.392356 0.545756 -0.143680 
-1.620155 5.221339 -2.683206 -0.779623 2.684579 -1.817509 -1.995067 1.537456 -3.042469 0.319914 2.032459 -0.485306 -0.362851 
-2.444331 4.228534 -0.428563 -0.124846 2.351311 -1.210395 -2.468611 1.855836 -2.075299 0.023121 1.716498 -1.110057 -0.490056 
-3.089978 2.620784 0.807810 -0.007432 1.984710 0.406576 -1.911817 2.253760 -1.013036 -0.548815 1.224313 -1.260000 -0.089517 
-3.727998 1.059767 0.891878 -0.568743 0.681829 0.267667 -1.425118 2.164203 -0.662236 -0.751430 0.875509 -1.099483 -0.048051 
-4.426770 1.069944 1.475369 -0.429531 0.406015 0.022379 -1.642415 1.811499 -0.522601 -0.726349 0.948773 -0.836368 0.129342 
-3.937169 1.195490 1.664836 -0.868308 0.517367 0.620555 -1.940866 1.741673 -0.598432 -0.603192 0.884902 -0.569559 0.378480 
-3.548309 1.489710 1.236174 -1.078654 0.978267 0.594694 -2.129788 1.919924 -0.630069 -0.439077 0.711183 -0.831325 0.272963 
-3.130971 1.725119 1.094149 -1.350908 1.104409 0.678693 -2.185939 2.147480 -0.936877 -0.170784 0.993903 -0.891967 0.099991 
-2.912131 1.619554 1.261547 -1.725646 0.874039 0.816073 -2.374328 2.327667 -1.313033 0.011348 0.985108 -0.878979 -0.217203 
-2.980659 2.009967 1.069864 -1.708435 0.998925 0.832766 -2.114941 2.260560 -1.391040 -0.044954 0.945686 -0.854216 -0.154598 
-2.884443 2.035395 1.132206 -1.618556 1.025403 0.885376 -2.013892 2.311783 -1.440084 -0.131050 0.864672 -0.881466 -0.147986 
-2.661600 1.908918 1.301751 -1.600211 0.852156 0.858570 -1.926282 2.463341 -1.603060 -0.043210 0.740104 -0.827739 -0.110898 
-2.997884 2.015186 1.206833 -1.471815 0.896671 0.674047 -1.914185 2.295713 -1.370534 -0.137192 0.884717 -0.872803 -0.109928 
-3.019249 1.969572 1.036663 -1.636939 1.071409 0.835162 -1.938282 2.393252 -1.588591 -0.392560 1.038243 -0.719914 -0.224468 
-2.720088 1.989097 1.249170 -1.771235 0.954971 0.921349 -2.085438 2.508211 -1.643917 -0.138625 0.973634 -0.834151 -0.216227 
-2.870141 2.089157 1.277214 -1.693596 1.044597 0.889311 -2.193968 2.349720 -1.508381 -0.108924 0.952392 -0.888675 -0.095835 
-2.958628 1.949095 1.244033 -1.518426 1.038198 0.735129 -2.154600 2.361271 -1.433529 -0.087108 1.084186 -0.931067 -0.097024 
-2.784252 1.955365 1.308407 -1.528864 1.053440 0.801307 -2.156330 2.457655 -1.462671 -0.003308 1.033885 -0.911816 -0.175293 
-2.893893 2.041392 1.389060 -1.661109 1.035742 0.844592 -2.283436 2.360873 -1.542146 -0.158072 0.918342 -0.961201 -0.169985 
-2.973012 2.170969 1.381960 -1.711907 1.023403 0.858364 -2.110368 2.466951 -1.478184 -0.230998 1.034552 -1.012853 -0.203301 
-2.909293 1.961398 1.285670 -1.667313 1.089114 0.843043 -2.211784 2.418710 -1.586685 -0.176201 1.066326 -0.930516 -0.168356 
-2.895966 1.991892 1.424987 -1.582596 1.144012 0.837314 -2.275400 2.518378 -1.608550 -0.157773 1.000142 -1.038438 -0.224894 
