-2.972705 1.857076 1.315986 -1.848464 0.994630 0.842516 -2.430447 2.486549 -1.531235 -0.142286 1.065208 -0.972420 -0.155935 
-2.984740 1.837929 1.379805 -1.712113 1.023880 0.965999 -2.222033 2.574780 -1.569148 -0.034567 1.061220 -0.849066 -0.037393 
-2.837467 2.137421 1.303421 -1.489806 1.067972 0.728433 -2.194086 2.257644 -1.555241 -0.080287 0.886369 -0.931193 -0.114718 
-2.822257 1.973332 1.135296 -1.463028 1.024725 0.603872 -2.177628 2.183598 -1.515652 -0.085528 0.916847 -0.943353 -0.101781 
-2.997396 1.694530 1.048529 -1.553173 1.064567 0.757291 -2.129650 2.302313 -1.396166 -0.124505 0.970484 -0.989173 -0.126347 
-2.845243 1.886032 1.294034 -1.621037 1.035761 0.827009 -2.178194 2.507295 -1.473187 -0.107579 1.028388 -0.854064 -0.102437 
-2.929151 1.905424 1.257792 -1.606746 0.991664 0.752139 -2.110356 2.516091 -1.468140 -0.117756 0.984210 -0.940607 -0.159376 
-2.958131 1.964082 1.110680 -1.605575 1.000250 0.677612 -2.141216 2.396310 -1.457161 -0.129979 0.898751 -0.898170 -0.181790 
-2.848571 1.795690 1.146404 -1.557899 0.922527 0.669117 -2.132986 2.437126 -1.535014 -0.064143 0.850607 -0.904687 -0.166861 
-2.928721 1.961929 1.183490 -1.433681 0.996589 0.696234 -1.981797 2.396434 -1.439251 -0.116014 0.864224 -0.945915 -0.117022 
-2.858436 2.019855 1.221311 -1.439960 1.017479 0.717086 -2.031411 2.381475 -1.331139 -0.101910 0.872502 -0.950926 -0.143840 
-2.751553 1.793261 1.196174 -1.517537 0.991897 0.785351 -2.098379 2.362160 -1.492698 -0.085541 0.798916 -0.907052 -0.095124 
-3.007024 1.845338 1.059680 -1.598261 0.939753 0.672959 -2.065028 2.281821 -1.485690 -0.222810 0.768383 -0.917485 0.061129 
-2.988739 2.027733 1.233435 -1.662733 0.801020 0.556473 -2.048789 2.596394 -1.276966 -0.094911 0.737182 -0.940668 0.039323 
-2.827561 2.036551 1.443524 -1.620961 0.842854 0.732526 -2.133996 2.464674 -1.624157 -0.027584 0.894283 -0.805952 -0.136807 
-6.711160 -0.308290 -0.004569 -0.781193 -0.391834 0.217524 0.034672 0.912536 -0.916417 0.254838 1.344521 -0.179467 -0.266209 
-3.857236 1.890023 1.496634 0.355288 0.663502 0.708955 -0.015841 1.563497 -1.024675 0.454308 0.997686 -0.306487 -0.053693 
-3.517687 3.014996 0.984765 0.795815 1.495410 0.058069 -0.616621 1.770724 -1.165006 0.215264 0.981879 -0.874012 0.362842 
-3.686825 3.413540 1.337843 1.838754 1.926905 -0.999854 -1.849613 1.255550 -0.957644 0.589301 1.276468 -1.232150 0.010739 
-3.258245 2.782175 1.217693 1.425674 2.098287 -0.030139 -1.593801 1.463990 -1.035019 0.748748 0.984544 -1.061774 -0.051890 
-2.896574 2.901163 1.705147 1.406363 2.233553 0.432406 -1.665704 1.599828 -1.348410 0.978930 0.817397 -0.902147 0.374944 
-3.230325 3.135292 2.277233 1.044407 1.893697 0.607065 -1.497476 2.312630 -1.187770 0.943975 1.068390 -1.131672 0.121524 
-2.805062 2.233957 1.203905 -1.343536 1.105455 0.845666 -2.211841 2.567082 -1.578570 0.131109 1.027114 -0.828617 -0.098706 
-3.545054 3.083371 1.980610 -1.433097 1.838473 1.439682 -2.798631 3.696507 -1.467146 0.391036 1.456201 -1.322969 -0.028944 
-3.847769 3.052389 2.466286 -1.214229 2.062807 1.765331 -2.593797 3.881937 -1.782875 -0.124968 1.497400 -1.481653 -0.402590 
-2.766408 2.019650 1.263625 -1.471045 1.076707 0.897843 -2.184171 2.498878 -1.548705 0.097551 0.992086 -0.789408 -0.077580 
-2.798830 2.042346 1.216585 -1.489748 1.061687 0.822925 -2.087355 2.472055 -1.518776 -0.009915 0.928785 -0.831092 -0.108584 
-2.888276 1.983818 1.295017 -1.633686 1.010566 0.829051 -2.144704 2.472256 -1.542321 -0.120228 0.890412 -0.998835 -0.221969 
-2.899075 1.728499 1.291589 -1.665146 0.988975 0.793877 -2.349224 2.387524 -1.412158 -0.037399 0.982935 -0.894641 -0.107224 
-2.474162 3.431014 1.145831 -1.290516 1.708094 1.325334 -1.598107 2.751913 -2.199795 0.499142 0.299524 -0.883285 -0.083040 
-1.100228 6.282044 0.152599 -2.581064 0.833625 0.003007 -1.366375 2.632146 -3.913666 0.338578 -0.585334 -0.466222 -0.197781 
-0.727293 6.893505 -1.104832 -2.773728 0.495608 -0.584231 -0.695431 1.988178 -4.453365 0.658347 -0.259310 -0.058856 -0.188406 
-0.913963 6.296650 -1.949035 -3.236862 -0.049521 -0.857078 -0.331810 2.030929 -3.962185 1.279785 -0.003337 0.077018 -0.241026 
-1.641561 4.341076 -2.163716 -2.514552 0.299484 -0.746586 -1.196029 1.320633 -2.068217 1.421089 -0.027385 0.492280 0.358374 
-1.528829 4.383704 -2.257677 -2.496427 0.427893 -0.729405 -1.163604 1.536274 -1.935145 1.255759 -0.243772 0.552927 0.540377 
-1.395040 4.835805 -2.191341 -3.274251 -0.453344 -1.046535 -0.845151 2.252451 -2.776292 1.418930 -0.377666 0.972281 0.498342 
-1.069297 6.838675 -3.531838 -4.679637 -0.592224 -1.269250 -0.257958 2.424793 -3.840381 1.730257 -0.172707 0.554458 0.193182 
-0.794964 6.773999 -3.997903 -4.554864 -0.273431 -1.478285 -0.174713 2.766604 -4.196182 1.891536 0.328126 0.460861 -0.065447 
-0.825151 6.199687 -3.373054 -4.289392 -0.376810 -1.332617 -0.325555 2.834955 -4.026246 1.716180 0.159997 0.549247 -0.301989 
-0.860552 6.670300 -3.683532 -4.487654 -0.162248 -1.499912 -0.673973 2.806877 -3.669584 1.535755 0.078510 0.247703 -0.533153 
-1.949856 3.907456 -2.361064 -2.457044 -0.017695 -1.161688 -1.012520 1.686215 -1.680349 1.150951 -0.285297 0.045877 0.108268 
-2.199189 3.502347 -2.260938 -2.182411 0.296511 -0.843098 -0.925380 1.467664 -1.680037 0.964287 0.126346 0.343246 0.477438 
-1.737280 5.018404 -2.013471 -3.880785 -0.462711 -0.853961 -1.038197 2.349343 -3.182793 1.155062 0.048469 0.943830 0.300422 
-1.459605 6.016312 -1.667366 -3.797661 -0.074212 -1.136945 -1.216163 2.685462 -3.741844 1.292403 1.076052 0.690067 0.157347 
-2.151062 3.728959 -2.124254 -1.736838 0.934591 -1.349829 -1.616244 1.751972 -1.725824 0.992553 0.876071 0.127057 0.441422 
-2.265260 3.621368 -2.222510 -1.512778 1.112364 -1.319881 -1.616435 1.444720 -1.751046 1.019283 1.102688 0.213144 0.388069 
-1.993678 5.102717 -2.316082 -2.316316 1.726827 -0.652674 -2.160405 0.510568 -2.865191 1.257542 1.749825 0.281548 -0.131399 
-2.246580 4.776167 -1.604743 -1.594550 2.211146 -0.824974 -2.930786 0.630158 -2.420917 0.890804 1.432385 -0.761162 -0.402777 
-2.491448 3.967461 -0.273065 -0.565613 2.360126 -0.778229 -3.303199 1.399396 -1.525531 0.452626 1.255432 -0.832655 -0.326206 
-3.456423 2.504869 0.586005 0.706999 2.627034 -0.352020 -2.766960 1.931712 -0.643700 -0.502505 1.035796 -1.486523 0.036612 
-3.835595 1.787080 0.666713 0.513502 1.858271 -0.417077 -1.823328 2.126895 -0.048780 -0.459949 1.215861 -1.582197 0.410316 
-3.558165 1.763706 0.744490 -0.200352 1.430549 -0.315485 -2.142618 2.080775 -0.455018 -0.573812 0.887393 -1.351705 0.518614 
-3.559184 1.576077 1.128688 -0.931260 0.923860 0.155135 -2.210902 1.952571 -0.785266 -0.454794 0.763700 -1.162046 0.405964 
-3.245312 1.763032 0.992094 -1.228391 0.932178 0.264154 -2.212194 2.034174 -1.161465 -0.180051 1.036166 -0.986592 0.127527 
-3.034371 1.548287 1.245765 -1.222676 1.092686 0.709832 -2.150113 2.362596 -0.969309 -0.099330 0.870217 -0.874969 0.015234 
-2.952656 1.628104 0.779795 -1.412674 1.393181 0.821294 -2.318842 2.106719 -1.203486 -0.166885 0.839625 -0.846632 -0.153782 
-3.225089 2.018637 0.576059 -1.565817 1.535941 0.998338 -2.070719 1.869581 -1.322758 -0.137671 1.008172 -0.973537 -0.247801 
-3.272375 1.820618 0.883511 -1.645193 1.139352 0.976588 -2.002073 1.941220 -1.384712 -0.234223 1.009531 -0.834238 -0.116556 
-2.966380 1.922082 1.000241 -1.576569 1.079759 0.855261 -1.952145 2.294876 -1.558414 -0.186766 0.952309 -0.796997 -0.042624 
-2.935693 1.986389 1.116024 -1.495792 0.948733 0.680851 -1.936054 2.349081 -1.464569 -0.103247 0.933254 -0.858085 -0.031455 
-2.897775 2.000575 1.161336 -1.469198 0.950510 0.677779 -1.970588 2.291178 -1.424587 -0.068783 0.877041 -0.937638 -0.037801 
-2.825588 1.826489 1.122786 -1.482202 0.886699 0.542059 -2.092139 2.353325 -1.538702 -0.012331 0.934566 -0.788770 -0.104784 
-2.933314 1.856770 0.894397 -1.519249 0.983725 0.618625 -1.900216 2.297543 -1.567311 -0.131709 1.174698 -0.827086 -0.191561 
-3.185555 2.187071 0.794745 -1.736375 0.976923 0.699871 -1.812438 2.125492 -1.458652 -0.107540 1.177143 -1.038044 -0.333933 
-3.075979 2.075684 1.062037 -1.638828 0.981305 0.754221 -2.006894 2.178741 -1.369561 0.055456 1.055296 -0.852611 -0.162297 
-2.780215 1.840759 1.232896 -1.632680 1.038628 0.876868 -2.199512 2.373367 -1.505047 0.146323 1.045930 -0.765107 -0.152867 
-3.339393 1.568760 0.504200 -1.275235 1.274634 0.573758 -1.827049 2.093267 -0.957800 -0.234363 0.678299 -1.299461 -0.320211 
-3.320042 1.817297 0.625680 -1.172514 1.349833 0.552159 -1.812124 2.142238 -0.786012 -0.135489 0.666050 -1.375797 -0.375306 
-3.076942 1.907735 1.311527 -1.719326 1.006306 0.790054 -2.283169 2.387932 -1.463652 -0.144190 0.987198 -1.032159 -0.113800 
-3.110054 1.984081 1.428640 -1.546819 1.165895 0.853416 -2.315742 2.256409 -1.591707 -0.113889 1.035477 -1.004632 -0.109616 
-2.957041 1.963696 1.343750 -1.566719 1.200863 0.842553 -2.197187 2.616720 -1.536647 -0.109308 1.015063 -0.943449 -0.214922 
-2.976768 1.944177 1.270197 -1.563022 1.194617 0.746976 -2.223851 2.642389 -1.574852 -0.104357 1.142492 -0.906884 -0.203278 
-2.962146 1.874494 1.464681 -1.633143 1.041783 0.869756 -2.202891 2.645857 -1.582679 -0.200912 1.066264 -0.852111 -0.228239 
-2.977401 2.003574 1.502027 -1.686798 0.989344 0.864274 -2.275841 2.585980 -1.608893 -0.158599 1.020462 -0.943837 -0.273747 
-3.007432 2.008638 1.315558 -1.796425 0.929359 0.737926 -2.312903 2.545795 -1.683041 -0.215474 1.028090 -0.972196 -0.322426 
