-2.851079 2.016419 1.354413 -1.681118 1.077805 0.912852 -2.191123 2.533743 -1.528759 -0.108984 0.940688 -0.944481 -0.126454 
-2.674954 1.913146 1.305503 -1.760835 0.976090 0.725338 -2.466366 2.489091 -1.515281 -0.087463 0.868277 -0.857469 -0.158078 
-2.727592 1.602540 1.245636 -1.741585 0.832978 0.782984 -2.244273 2.416600 -1.516726 -0.078171 0.957540 -0.871431 -0.136903 
-2.880943 1.964668 1.142067 -1.780590 0.915930 0.727871 -2.174570 2.392706 -1.452744 -0.120126 0.951836 -0.872884 -0.077192 
-2.923656 1.998947 1.130231 -1.711349 0.954589 0.672476 -2.217271 2.401819 -1.496926 -0.171887 0.826010 -0.970208 -0.143986 
-2.830001 1.916987 1.118008 -1.729403 0.899283 0.705930 -2.186219 2.437077 -1.463860 -0.059972 0.822958 -0.873743 -0.093386 
-2.875261 1.913666 0.982998 -1.670370 0.951688 0.641226 -2.149307 2.410122 -1.358681 -0.050279 0.890936 -0.852632 -0.041263 
-2.851479 1.975491 1.089128 -1.625570 1.002561 0.705129 -2.118958 2.479871 -1.437227 0.003967 0.880856 -0.826078 -0.084283 
-2.701697 2.118629 1.148879 -1.567386 0.983366 0.697182 -2.034111 2.435526 -1.461616 0.000918 0.810134 -0.918620 -0.175446 
-2.818258 2.029149 1.094977 -1.593118 0.943188 0.641561 -2.130010 2.288606 -1.431722 -0.148525 0.841064 -0.915175 -0.119163 
-2.959104 1.975680 0.958683 -1.725442 0.955111 0.690408 -2.052393 2.395537 -1.538742 -0.259878 0.851345 -0.666976 -0.008023 
-2.544492 2.146091 1.028036 -1.942492 0.946828 0.787851 -2.071662 2.686198 -1.740055 -0.060050 0.683993 -0.656457 -0.207925 
-6.263242 0.765563 1.179731 -0.031220 -0.310308 0.216341 0.319230 0.138026 -0.860131 -0.221449 1.561298 -0.611089 -0.635754 
-6.227393 0.848626 1.460977 0.214880 -0.141860 0.423984 0.398723 0.194035 -0.855257 -0.100692 1.400300 -0.636577 -0.634332 
-5.359418 2.354216 2.260217 2.484998 1.541018 -0.594684 -0.868116 1.002964 -1.084649 0.296576 1.674594 -0.999675 0.702127 
-3.890070 2.417612 1.464915 2.081791 1.763183 -0.188347 -0.655437 1.449704 -1.258687 0.207727 0.256374 -1.707797 0.359768 
-3.354975 2.510923 1.153765 2.161199 2.069587 -0.355409 -0.900806 1.408796 -1.549172 0.501478 0.086837 -1.829541 -0.064760 
-3.664999 2.671706 1.418180 2.084609 2.304688 -0.115311 -1.106578 1.346947 -1.457738 0.368932 0.408288 -1.905162 0.072921 
-3.574942 2.779111 1.340097 1.513453 2.051859 0.095933 -1.023230 1.793839 -0.825519 0.497199 0.823952 -1.757434 0.434684 
-3.068793 2.580129 0.995986 -0.357150 1.495477 0.802708 -1.293358 2.051732 -0.980868 0.513645 1.062713 -1.019426 -0.216633 
-2.770218 2.093981 1.095350 -1.266251 1.103190 0.933571 -1.944771 2.264902 -1.644953 0.257554 0.973578 -0.823998 -0.132392 
-3.335087 2.312703 1.850795 -1.718909 1.254768 1.465606 -2.303118 3.385983 -1.840225 0.376506 1.346209 -0.848327 -0.042189 
-2.795282 2.331646 1.607031 -1.671773 1.125187 1.131528 -2.209156 2.907120 -1.621795 0.225950 1.049691 -0.892061 -0.038966 
-2.765698 2.321958 1.377353 -1.489522 1.206949 0.996108 -2.011930 2.761337 -1.489104 0.129379 1.041118 -0.840766 -0.023436 
-2.739984 2.149827 1.304558 -1.535301 1.162069 0.912156 -2.084818 2.626458 -1.602577 -0.023220 0.917700 -0.870601 -0.180265 
-2.746489 2.147641 1.140861 -1.749038 0.936567 0.664451 -2.158751 2.389169 -1.537046 -0.180487 0.882728 -0.974717 -0.214480 
-2.855457 2.141424 1.094393 -1.737926 0.856893 0.584757 -2.044842 2.427065 -1.462954 -0.125299 0.994243 -0.953757 -0.176276 
-2.227170 3.814176 1.192747 -0.797065 1.764967 1.051370 -1.408864 2.493427 -2.465005 0.750584 0.577630 -0.303717 0.058126 
-0.991869 6.035254 0.294482 -2.208639 1.259852 0.416050 -1.256439 2.439521 -4.623332 -0.002002 -0.531033 -0.123139 -0.198472 
-1.017294 6.066238 -0.820745 -2.902671 0.451907 -0.305899 -0.829977 2.118341 -4.813229 0.087978 -0.422588 -0.126379 -0.569475 
-0.959388 5.426508 -1.663031 -3.048072 -0.438986 -0.704877 -0.289207 1.496636 -4.646444 1.079278 -0.377342 0.255653 -0.228137 
-1.531243 5.512482 -1.910950 -3.735058 -0.852047 -0.694805 -0.301172 1.413789 -4.169045 1.550865 0.017229 0.551373 0.209180 
-1.500039 5.269438 -2.423289 -3.785738 -1.048668 -1.262647 -0.501744 1.616929 -3.806422 1.877091 -0.040014 0.344914 0.224988 
-1.478592 5.585709 -2.685067 -3.688257 -0.764818 -1.439357 -0.393311 1.914929 -3.541851 1.517391 -0.103359 0.060930 -0.228343 
-1.817520 4.257584 -2.131090 -2.921896 -0.216448 -0.642820 -0.916323 1.386004 -1.935279 1.617118 -0.602009 -0.024497 -0.093766 
-1.750108 3.935627 -2.172503 -2.823940 0.025950 -0.241413 -0.892496 1.145592 -1.846750 1.611839 -0.566704 0.218786 0.468679 
-1.193514 5.279385 -2.764544 -4.112480 -0.768109 -0.971337 -0.351099 2.504596 -3.577367 1.725406 -0.082320 0.531573 -0.414534 
-1.439216 4.852885 -2.985418 -3.922926 -0.845681 -1.236988 -0.587566 2.229611 -3.279914 1.437941 -0.235581 0.594384 -0.306683 
-1.489290 5.113008 -2.900216 -3.766124 -0.678144 -1.312452 -0.740290 2.109666 -2.876002 1.468831 -0.114318 0.675099 -0.034673 
-1.676898 4.555255 -2.562505 -3.366226 -0.460452 -1.015701 -0.905569 1.680798 -2.503051 1.265332 -0.417116 0.591567 0.053131 
-1.698225 4.437922 -2.405457 -3.517654 -0.311255 -0.770306 -1.254744 1.626092 -2.411467 1.295291 -0.541118 0.712178 0.155066 
-1.020239 6.671088 -2.606210 -4.786129 -0.337293 -1.041498 -1.142418 2.746106 -3.850881 1.929497 0.064587 0.626020 0.118113 
-0.413903 7.680725 -3.162106 -4.908388 0.766844 -0.986228 -1.605177 3.021210 -4.182655 1.880800 0.675472 0.982973 -0.043803 
-1.860170 4.257766 -2.165089 -3.038261 0.223824 -0.345421 -1.082828 1.217018 -2.333380 1.794893 0.301883 0.398007 0.293363 
-1.931992 3.979951 -2.052899 -2.589340 0.418276 -0.402040 -0.999722 1.280672 -2.099933 1.618504 0.455440 0.240043 0.087162 
-1.899687 4.255740 -2.282235 -2.311806 1.067937 -1.041231 -2.069926 1.052068 -2.581105 0.937967 0.938309 0.564304 0.091778 
-1.444839 4.844117 -2.120977 -1.181162 2.438601 -1.647975 -2.782262 1.594832 -2.805379 0.771226 1.379659 -0.654914 -0.436594 
-2.119446 3.943876 -0.307852 -0.554446 2.466172 -0.208980 -2.882597 0.976683 -2.137496 0.588423 1.173548 -1.222667 -0.458483 
-2.666361 2.679529 0.501624 -0.498335 1.709993 -0.058303 -2.962390 1.218937 -1.624502 0.304191 0.889853 -1.561707 -0.156193 
-3.899627 1.385386 0.893978 0.378727 0.897676 -1.060644 -1.721643 2.365622 -1.232989 -0.290287 1.099789 -1.168480 -0.003360 
-4.001434 1.432646 0.996477 -0.037616 0.414576 -0.849019 -1.065966 2.494640 -1.117391 -0.489521 1.138879 -0.771782 -0.040471 
-3.620472 1.689198 1.069703 -0.811754 0.606147 0.025563 -1.407823 1.985641 -1.173197 -0.354528 1.028097 -1.217761 -0.276269 
-3.471845 1.420856 1.060672 -1.290519 0.866948 0.460953 -2.188825 1.991795 -0.832399 -0.367715 0.995994 -1.099079 -0.090543 
-3.640589 1.435244 1.115403 -1.125152 1.099627 0.556962 -2.255325 2.000031 -0.693184 -0.463503 0.887684 -1.069075 0.217466 
-3.467985 1.650888 0.517134 -1.348793 1.156618 0.433822 -2.187909 1.659466 -0.893979 -0.339725 0.881069 -1.061803 0.135698 
-3.264863 1.861616 0.612896 -1.557543 1.188900 0.694330 -2.046697 1.883371 -1.352661 -0.134241 1.164200 -0.860560 -0.119648 
-3.143209 1.848218 0.945122 -1.491454 1.114799 0.844108 -1.987777 2.059214 -1.363174 -0.002971 1.003712 -0.795124 -0.120891 
-2.833428 2.120514 1.148791 -1.599229 0.892525 0.734918 -1.995096 2.234771 -1.299601 -0.038908 0.875331 -0.804652 -0.030483 
-2.695923 2.074470 0.946465 -1.662193 0.822380 0.630774 -1.871728 2.268223 -1.336328 -0.198132 0.856150 -0.949008 -0.080370 
-2.899689 1.957328 1.088850 -1.616282 0.877308 0.642726 -2.032470 2.330917 -1.407579 0.026900 0.852069 -0.878751 -0.175791 
-2.957038 1.878543 0.963276 -1.721293 0.990114 0.834232 -2.055968 2.173777 -1.469181 0.075772 1.001672 -0.819306 -0.178987 
-3.011705 2.060553 0.845051 -1.648113 1.133545 0.837185 -1.970270 2.084097 -1.455555 -0.143026 0.968041 -0.899796 -0.128703 
-3.105648 1.990804 1.011938 -1.641501 0.953256 0.758417 -2.004324 2.107583 -1.327873 -0.125048 0.844395 -0.877758 -0.022817 
-3.075909 1.837852 1.249373 -1.528723 0.936729 0.790844 -2.050710 2.197777 -1.198498 -0.015186 0.833836 -0.937623 -0.019973 
-2.899846 1.994484 1.212177 -1.610895 1.061367 0.800102 -2.056032 2.409041 -1.558498 -0.035571 1.021607 -0.938872 -0.169268 
-2.935502 1.968913 1.303994 -1.728376 0.895332 0.736394 -2.166509 2.414180 -1.517790 -0.064131 0.936477 -0.994519 -0.204093 
-2.918087 1.980007 1.311958 -1.801911 0.918289 0.775022 -2.177765 2.571437 -1.493338 -0.092361 0.930285 -0.999628 -0.252167 
-3.309525 2.344295 1.324203 -1.796515 1.063154 1.004519 -2.155642 2.071805 -1.306756 -0.032949 1.216770 -0.961533 -0.391841 
-3.352682 2.105479 1.267042 -1.705018 1.018298 0.885046 -2.164719 2.021350 -1.336612 -0.109556 1.147121 -0.976166 -0.355521 
-2.998557 1.946887 1.375593 -1.685255 1.078388 0.884526 -2.145959 2.529205 -1.532833 -0.057664 1.025588 -0.978472 -0.196129 
-3.055331 2.027327 1.522000 -1.720879 1.102606 0.945593 -2.309663 2.583062 -1.564192 -0.122512 1.005557 -1.025285 -0.185831 
-2.966545 2.062365 1.496211 -1.781558 1.032135 0.931065 -2.303363 2.563760 -1.683718 -0.123849 1.009235 -1.044820 -0.292747 
-2.995385 1.970937 1.262978 -1.817751 0.936206 0.739025 -2.306593 2.599084 -1.628931 -0.157839 1.027104 -0.983368 -0.183061 
-2.892702 2.112484 1.402475 -1.562377 1.061523 0.821617 -2.186178 2.614557 -1.454560 0.043437 1.067106 -0.786884 -0.111476 
-2.744073 2.154254 1.324486 -1.524953 1.066956 0.917001 -2.019592 2.394038 -1.594722 -0.060772 0.808547 -0.842582 -0.084543 
