-2.923852 1.930626 1.272563 -1.741114 1.032503 0.848900 -2.258991 2.473849 -1.548534 -0.088041 1.063187 -0.910804 -0.161152 
-2.909163 1.867538 1.319984 -1.706499 1.020753 0.920836 -2.224536 2.434118 -1.555354 -0.084695 0.935168 -0.940183 -0.118929 
-2.829985 1.913737 1.290133 -1.537475 0.924805 0.656864 -2.125773 2.520694 -1.447949 -0.072720 0.940068 -0.907310 -0.124806 
-2.820356 1.891543 1.129236 -1.582916 0.936809 0.648796 -2.159099 2.358453 -1.432374 -0.150305 0.919444 -0.856764 -0.056620 
-2.867139 1.851054 1.131322 -1.614546 0.910248 0.645665 -2.145446 2.435562 -1.488022 -0.207754 0.884948 -0.664931 0.042776 
-2.911689 1.863444 1.272388 -1.732466 0.755467 0.746697 -1.949065 2.635817 -1.585268 -0.213244 0.740426 -0.712239 -0.032690 
-2.912140 1.932412 1.308879 -1.726752 0.843492 0.779633 -2.196334 2.356314 -1.566833 0.020088 0.756270 -0.935404 -0.133099 
-2.970963 1.807986 1.113128 -1.594202 1.006765 0.746587 -2.168543 2.255297 -1.474942 -0.179972 0.970492 -0.892454 -0.113469 
-2.996015 2.199432 1.279345 -1.774446 0.910134 0.926922 -1.956661 2.252093 -1.459489 -0.102091 0.951087 -0.922998 -0.133327 
-2.973620 2.236766 1.202986 -1.876653 0.898850 0.935523 -1.973690 2.169759 -1.444638 -0.130900 0.957720 -0.964597 -0.165955 
-2.990755 1.951898 1.265604 -1.758732 0.948388 0.792200 -2.198583 2.350951 -1.438854 -0.071525 1.123446 -0.916582 -0.161490 
-2.936984 1.932690 1.458214 -1.697050 0.939454 0.746852 -2.373774 2.449248 -1.587801 -0.088214 1.043135 -0.931549 -0.191537 
-2.954708 2.017721 1.375887 -1.698059 1.003569 0.793488 -2.255873 2.423049 -1.629001 -0.139732 1.045974 -0.937987 -0.191925 
-2.988959 2.010164 1.386948 -1.648778 1.054527 0.799922 -2.177531 2.492424 -1.615548 -0.197248 1.055582 -0.942172 -0.175360 
-2.987749 1.988747 1.502382 -1.611482 1.098925 0.834116 -2.341486 2.624791 -1.492723 -0.179906 1.084295 -0.991497 -0.143104 
-2.933192 1.950463 1.449578 -1.667491 1.033195 0.850586 -2.312598 2.577097 -1.521142 -0.290684 1.033160 -1.120895 -0.274869 
-3.131409 1.939049 1.269676 -1.683439 0.945930 0.681684 -2.272084 2.395586 -1.719089 -0.285268 1.075766 -1.061562 -0.316191 
-6.210835 -1.122652 0.727264 -0.233481 -0.654989 -0.420060 -1.214166 0.519741 -0.136756 -0.209568 1.603808 0.121723 -0.211665 
-3.885763 1.739083 2.370194 1.135308 1.070285 0.662097 -0.661210 2.039597 -0.401165 0.500675 1.299053 -0.025922 0.060054 
-2.235928 3.696057 0.887143 0.597559 1.870948 -0.107212 -1.093258 2.461375 -1.192036 0.718710 0.738167 -0.783016 0.244200 
-2.742496 3.441651 0.571681 1.113930 1.747218 -0.915564 -1.405725 1.945532 -0.840899 0.115561 0.896904 -1.001480 -0.058064 
-3.027299 3.275467 1.213225 1.322311 1.774736 -0.331528 -1.421359 1.542687 -0.833292 0.260654 0.440807 -0.875154 0.445818 
-3.025359 3.216100 1.643906 1.177997 2.044303 0.340956 -1.457503 1.845055 -0.822349 0.432202 0.241857 -0.629842 0.712646 
-2.631093 2.663522 0.863716 -0.166078 1.675521 0.799228 -1.330730 1.938273 -0.759601 0.887446 0.935215 -0.836854 -0.015991 
-2.516661 2.394184 0.863375 -0.983839 1.207755 0.748876 -1.709974 2.057118 -1.431250 0.415290 0.703168 -0.791909 -0.117656 
-2.527055 2.121041 1.006502 -1.295178 0.943195 0.820310 -1.803264 2.373292 -1.560011 0.299834 0.716175 -0.702386 -0.042223 
-3.055116 2.360958 1.786474 -1.361693 1.388255 1.327306 -2.200007 3.257260 -1.555505 0.153862 1.178380 -0.890542 -0.049036 
-2.569491 2.190341 1.363235 -1.292797 1.101468 0.853449 -1.955242 2.436677 -1.438600 0.205758 0.859841 -0.872710 -0.141088 
-2.588177 2.088218 1.305208 -1.341188 1.076116 0.820783 -1.961143 2.409024 -1.391551 0.208550 0.880222 -0.808214 -0.080556 
-2.436900 4.278994 0.819786 -1.522459 1.940980 1.512703 -1.499182 1.919174 -2.499160 0.395304 0.180445 0.401257 0.730840 
-1.369423 4.851600 0.090213 -1.368939 1.050861 0.126459 -1.083306 1.833615 -3.617749 -0.137759 -0.830515 -0.096822 0.215427 
-1.417067 5.358713 -0.333526 -1.971623 0.282768 -0.345685 -0.578697 1.834286 -3.675434 0.229121 -0.627644 0.056539 0.151942 
-1.826578 5.397258 -1.269871 -2.982026 -0.595680 -0.437531 0.216858 1.676651 -3.404588 1.117703 0.299023 0.521195 -0.065082 
-1.715453 3.995032 -1.367115 -2.526147 -0.039479 -0.321063 -1.260765 0.953280 -2.444397 1.948984 -0.083726 0.382691 0.202582 
-1.517753 3.899175 -1.505659 -2.523859 -0.057532 -0.477383 -1.292594 1.236928 -2.309424 1.973517 -0.197676 0.615038 0.308067 
-1.591672 4.291034 -1.922704 -3.251545 -0.826221 -0.942006 -0.608239 1.960349 -3.037991 1.380654 -0.211614 0.837454 0.519069 
-1.482428 4.762797 -2.615801 -3.894524 -1.137779 -1.288233 -0.393879 2.246650 -3.537340 1.197107 -0.195028 0.607425 -0.011244 
-1.669211 5.650302 -2.513935 -4.103473 -1.105095 -1.214382 0.155005 2.638587 -3.671460 1.202271 0.103164 0.311180 -0.213999 
-1.573205 5.293014 -2.515903 -4.273309 -1.180717 -1.000454 -0.268824 2.189217 -3.321681 1.218539 -0.303602 0.156637 -0.423732 
-0.908155 4.680749 -2.286867 -3.315613 0.157652 -0.377845 -1.071748 1.882670 -2.384583 1.703465 -0.627774 -0.112760 -0.072617 
-1.260207 4.424565 -2.369966 -2.733905 0.336185 -0.676780 -0.841183 1.848940 -2.374471 1.396729 -0.303190 0.100520 0.211039 
-1.945686 4.375414 -2.736352 -3.521224 -0.739614 -1.329223 -0.595480 2.122614 -2.746462 1.076437 -0.098001 0.536618 0.113073 
-1.280140 5.379307 -2.897388 -3.940983 -0.178499 -1.147460 -0.521059 2.727506 -3.712981 1.352194 0.676950 0.867879 -0.205662 
-1.571837 4.966418 -3.342447 -3.447243 0.325632 -1.166363 -0.568229 2.473960 -3.022544 0.619847 0.556848 0.652762 -0.188339 
-1.870166 4.665418 -3.200239 -3.241147 0.207725 -1.214079 -0.592352 2.163472 -2.880336 0.549899 0.532779 0.641621 -0.098950 
-2.111660 4.810002 -2.542425 -2.871785 0.568758 -0.849045 -1.036057 1.163843 -2.997984 0.948160 1.242836 0.741231 -0.117887 
-1.682867 5.417153 -3.518275 -1.244973 2.828066 -2.039927 -2.139670 1.718724 -2.383094 0.156228 1.666741 -0.279330 -0.180028 
-2.246728 4.777021 -2.376761 -0.547068 3.232336 -1.543930 -2.786126 1.596755 -1.643232 -0.304364 1.575039 -0.761220 -0.575707 
-2.304344 4.207812 -0.333140 -0.527273 2.585740 -0.443858 -2.881431 1.653316 -1.414898 0.442647 1.099510 -1.523066 -0.387842 
-2.927980 3.158102 1.182504 -0.366625 1.812832 0.334528 -2.313822 1.761950 -1.668940 -0.217655 1.057032 -1.410719 -0.440023 
-3.829063 1.934886 1.493168 -0.430730 0.780680 0.029417 -1.580048 2.218657 -1.193236 -0.630404 1.071034 -0.863599 0.206981 
-3.628285 1.566849 1.294930 -0.762333 0.568797 0.129709 -1.635975 2.216995 -1.113006 -0.449436 0.898628 -0.735400 0.221350 
-3.213000 1.871776 1.032063 -1.148522 1.077462 0.492908 -2.189304 1.991937 -0.761013 -0.217731 0.993990 -0.930949 -0.048384 
-3.166649 1.880885 0.957986 -1.255772 1.156897 0.550659 -2.245496 2.011529 -0.771155 -0.207725 0.826351 -0.905215 0.182782 
-3.247278 1.782311 0.608615 -1.376904 1.019265 0.341553 -1.991618 1.999163 -0.998561 -0.264399 0.843104 -1.123561 0.320594 
-3.140457 2.004486 0.988445 -1.418317 0.803514 0.423981 -1.752517 2.290770 -1.278217 -0.168217 0.976562 -1.043627 -0.006758 
-2.825721 1.900087 1.100920 -1.471499 0.974313 0.638616 -2.078325 2.260575 -1.517275 -0.081281 1.031930 -0.947427 -0.227240 
-3.066369 1.864659 0.828919 -1.523996 1.215248 0.858871 -2.095209 1.874149 -1.380141 -0.036694 1.196306 -0.826349 -0.263158 
-3.028118 1.911859 0.944022 -1.516879 1.213845 0.953572 -2.033607 1.895919 -1.391908 -0.070898 1.176129 -0.827055 -0.282088 
-2.852101 2.044190 1.316249 -1.590149 0.998165 0.833804 -2.082944 2.268881 -1.534029 -0.104837 1.043701 -0.918708 -0.134523 
-2.902401 1.852778 1.327310 -1.651642 1.050107 0.817860 -2.271969 2.456548 -1.561622 -0.117831 1.017805 -0.908968 -0.143106 
-2.960453 2.030127 1.395034 -1.821378 0.966565 0.847576 -2.244541 2.561957 -1.560540 -0.208435 1.012972 -0.966801 -0.198171 
-2.946208 2.035130 1.460806 -1.737916 1.023916 0.848758 -2.237435 2.666085 -1.604496 -0.115674 0.933098 -0.902309 -0.223456 
-2.949651 2.026784 1.465469 -1.762424 1.010424 0.887196 -2.267325 2.547065 -1.629996 -0.108438 0.944808 -0.887931 -0.178546 
-2.908156 1.998769 1.456563 -1.727204 1.016555 0.927541 -2.177701 2.575150 -1.468570 -0.106168 1.027082 -0.903798 -0.110512 
-4.718660 1.046800 1.483315 -0.736126 0.060184 0.435200 -0.845368 1.377702 -1.022048 0.607475 0.682738 -1.311762 -0.288980 
-4.703145 1.078961 1.313879 -0.773762 0.025283 0.315782 -0.884456 1.278959 -1.052587 0.347626 0.635805 -1.336050 -0.152338 
-3.470213 1.557964 1.175539 -1.203400 0.816334 0.460350 -1.786596 2.325186 -1.505699 -0.132288 1.030222 -1.057081 0.025278 
-2.932824 1.927110 1.415095 -1.485116 1.033894 0.835598 -2.091170 2.555777 -1.550930 0.017659 0.949966 -0.911487 -0.108614 
-2.843300 1.819623 1.453482 -1.436194 0.905290 0.843530 -2.057999 2.219579 -1.633185 0.072469 0.777978 -0.883651 -0.100882 
-3.011721 1.692170 1.134429 -1.480488 0.828271 0.689089 -1.960995 2.060273 -1.559947 -0.071018 0.855973 -0.872103 -0.060837 
-2.970283 1.830828 0.939353 -1.574657 1.110141 0.789972 -2.022106 2.248977 -1.421999 -0.054787 0.984907 -0.863600 -0.107567 
-2.924949 1.809160 1.202524 -1.598081 1.011460 0.850904 -2.059901 2.444557 -1.451202 -0.023150 0.928266 -0.861843 -0.145113 
-2.917065 1.937714 1.230941 -1.577640 0.987241 0.765340 -2.083012 2.433246 -1.393486 -0.053759 0.971183 -0.894983 -0.217445 
-2.794869 1.897796 1.193822 -1.671959 0.903831 0.715829 -2.190700 2.499171 -1.492613 -0.010771 0.933436 -0.812039 -0.107446 
