-2.807483 1.912652 1.335928 -1.702790 0.981762 0.757873 -2.315797 2.499230 -1.519439 -0.114137 1.008149 -0.867587 -0.152012 
-2.868711 1.667880 1.289706 -1.690342 0.956526 0.848590 -2.219090 2.453019 -1.528026 -0.106249 1.008740 -0.915758 -0.141532 
-2.858095 1.939949 1.278091 -1.697113 0.989803 0.835808 -2.130670 2.543152 -1.459558 -0.100697 1.023202 -0.967344 -0.140758 
-2.891576 1.969335 1.140176 -1.643198 1.009730 0.698622 -2.163106 2.446901 -1.475582 -0.090308 0.912578 -1.004296 -0.144081 
-2.847399 1.909556 1.072142 -1.673943 0.999113 0.752590 -2.130983 2.421582 -1.544884 -0.029151 0.881229 -0.870578 -0.127638 
-2.850778 1.933350 0.983199 -1.707808 0.980003 0.781773 -2.032621 2.400670 -1.460186 -0.073346 0.958843 -0.919889 -0.144756 
-2.840045 2.040164 1.128846 -1.540013 1.033031 0.722486 -2.035765 2.439015 -1.385761 -0.071237 0.913169 -0.980903 -0.062854 
-2.846042 2.043358 1.125161 -1.522958 0.978056 0.683665 -2.055105 2.285334 -1.418350 -0.015646 0.782046 -0.989522 -0.192847 
-2.793135 1.940371 1.134873 -1.610167 0.864204 0.642141 -2.102175 2.344176 -1.435989 -0.059557 0.894267 -0.804163 -0.119121 
-2.924104 1.865080 0.925725 -1.624123 0.934566 0.662555 -1.937930 2.361958 -1.519052 -0.251138 1.130177 -0.678166 -0.110579 
-2.986687 2.071695 0.905941 -1.589006 1.098141 0.735451 -1.827238 2.436237 -1.615840 -0.239044 0.957101 -0.786074 -0.158277 
-2.785824 2.162998 0.897378 -1.739686 1.187624 0.809144 -2.102573 2.419008 -1.553139 -0.052251 0.869065 -0.854441 -0.148711 
-2.866195 1.929518 1.270880 -1.592131 1.099864 0.880302 -2.174176 2.391612 -1.471239 -0.109103 0.995165 -0.933294 -0.095679 
-5.274064 1.033709 2.145936 -0.900307 -0.198078 0.688019 -1.106493 1.301495 -1.525314 0.208802 1.495838 -0.334043 -0.462913 
-2.631043 2.461785 1.412344 -0.015953 1.350968 1.006077 -0.753794 2.709439 -0.826232 0.925616 1.052626 -0.223081 0.529619 
-3.518978 3.026176 1.412497 1.381731 1.594871 -0.134352 -0.764181 1.699650 -1.006023 0.621543 0.896438 -0.956771 0.539120 
-3.590101 3.190168 1.314082 1.939938 1.730777 -0.529263 -0.852429 1.347913 -1.244313 0.518289 0.304556 -1.700748 0.212945 
-2.908456 3.665019 0.760494 1.461891 2.088085 -0.259117 -1.073440 1.237399 -1.259822 0.655291 0.020731 -1.867346 0.203516 
-3.078475 3.564888 1.081409 1.285049 1.885089 0.080873 -0.959503 1.105105 -1.125244 0.759542 0.033607 -1.994056 -0.058610 
-3.480097 3.388052 1.556709 1.039518 2.254700 0.839552 -1.051450 1.819551 -0.795218 0.863251 0.714792 -1.806624 -0.128128 
-3.108053 3.284678 1.564090 -0.856055 2.238189 1.055336 -2.635724 2.895077 -1.861099 0.135331 1.358622 -1.584119 -0.408417 
-2.967503 2.197080 1.110919 -1.531140 1.098525 0.961165 -2.179861 2.554714 -1.618935 0.310836 0.857064 -0.963270 0.015014 
-2.494760 2.301108 1.076956 -1.204977 0.946400 0.676641 -1.908963 2.261071 -1.648515 0.347756 0.611982 -0.773374 -0.026973 
-2.483306 2.231207 1.028435 -1.212767 0.891241 0.633398 -1.876584 2.211023 -1.607251 0.325760 0.610375 -0.743650 -0.003852 
-2.659612 2.097186 1.188362 -1.347221 1.049775 0.855493 -2.047156 2.416002 -1.778408 0.057611 0.603138 -0.931372 -0.053840 
-2.940317 1.979354 1.322927 -1.669826 0.873962 0.729603 -2.253213 2.661547 -1.802570 0.098259 0.901317 -0.938308 -0.144371 
-2.946552 1.994878 1.151252 -1.672199 1.055193 0.897611 -2.111596 2.547914 -1.457113 -0.046704 0.993781 -0.901362 -0.098454 
-3.454930 3.342000 0.734735 -0.298312 2.774049 1.568024 -1.134334 3.201160 -1.676909 0.287698 1.415086 -0.624343 0.027270 
-1.643316 5.546812 0.783443 -1.647755 1.787206 0.490426 -1.939703 2.599627 -3.684643 -0.425729 -0.384218 -0.522006 0.329606 
-1.448118 5.397318 -0.238585 -2.784637 0.302711 0.013495 -0.900764 2.010323 -4.206665 -0.161211 -0.486423 0.073393 -0.320926 
-1.131955 5.650098 -2.063884 -3.469009 -0.823630 -0.590780 -0.145518 0.783353 -4.610922 1.104527 -0.653759 0.905300 0.003801 
-1.027601 5.666236 -2.790845 -3.602681 -0.683537 -1.073072 -0.739616 0.719083 -4.338823 1.862191 -0.428559 0.796164 0.381084 
-1.088523 5.667785 -3.206177 -3.534439 -0.575222 -1.609379 -0.707729 1.496840 -3.812644 1.788411 -0.249497 0.755540 0.426357 
-1.129830 5.788516 -4.184628 -4.007270 -0.294720 -1.474765 -0.374579 1.524004 -4.027373 1.536896 -0.123886 0.841722 0.248827 
-1.123854 5.786654 -4.468505 -4.120939 -0.264217 -1.589130 -0.271813 1.704059 -4.167798 1.489282 -0.013568 0.763276 0.247326 
-1.256907 5.797019 -4.114866 -3.742703 -0.261295 -1.749459 -0.263351 1.736749 -3.962337 1.529925 0.234826 0.526726 0.450652 
-1.783047 4.551794 -3.523263 -3.314116 -0.190862 -0.947880 -0.218986 1.362818 -2.904937 1.051305 -0.237144 0.886540 0.660656 
-1.668137 4.534883 -3.427526 -3.381505 -0.258050 -0.868226 -0.042109 1.776044 -2.715635 1.244753 -0.253891 0.579523 0.338012 
-1.426991 5.628580 -3.472310 -3.852478 -0.147570 -1.118724 -0.471480 2.001682 -2.848602 1.567715 0.139892 0.690548 0.271946 
-1.272400 5.734971 -3.268727 -3.893640 -0.148434 -1.068614 -0.642490 1.954074 -3.025466 1.430614 -0.248894 0.343589 0.042696 
-1.785115 4.173253 -2.328583 -2.949856 -0.227601 -0.975031 -0.782521 2.074728 -2.188405 1.185322 -0.332218 0.211152 -0.040320 
-2.196258 3.553668 -2.079492 -2.644335 -0.156563 -0.898288 -0.889956 1.974010 -1.842812 1.201849 0.045397 0.549578 0.475701 
-1.682916 5.409832 -2.552259 -3.856797 -0.516456 -1.167537 -0.902057 2.089269 -2.881696 1.278920 -0.065282 0.909740 0.475555 
-1.418572 6.221660 -2.952718 -3.909364 0.209532 -1.131152 -0.778409 2.102303 -3.545618 1.121934 0.885848 0.766731 0.015697 
-1.402426 5.405114 -2.695401 -2.930564 1.161919 -0.922287 -1.265326 1.895348 -3.112290 1.070477 1.227892 0.401236 -0.445395 
-1.716987 4.879031 -1.934048 -2.578688 1.202024 -0.391410 -1.458870 1.416260 -2.662039 1.037257 1.098977 0.260278 -0.286978 
-2.118134 4.331101 -1.240921 -1.710457 1.451447 -0.581219 -2.312386 0.732391 -2.397696 1.166345 1.333951 -0.248829 -0.315025 
-1.852587 5.327323 -1.227567 -0.580216 2.939405 -1.068524 -2.962411 1.220162 -2.076941 0.859787 1.476515 -1.354309 -0.622703 
-2.317403 3.651004 0.788376 -0.260692 1.646541 -0.160046 -2.021512 1.683175 -1.988900 0.527543 0.598198 -1.315247 -0.145129 
-2.769299 2.756389 0.809304 -0.245559 1.364987 0.075804 -1.414177 2.007601 -1.451592 0.207834 0.611363 -1.183056 0.018062 
-3.396490 1.547101 0.618608 -0.338874 1.076937 -0.713806 -2.524718 1.984905 -0.919884 -0.725181 0.668205 -1.355108 -0.131503 
-3.423291 1.554909 1.231356 -0.006663 1.061778 -0.371250 -1.924247 2.378886 -0.799954 -1.008539 0.960637 -1.168417 -0.016800 
-3.225742 2.089663 0.993774 -0.833581 1.435387 0.525748 -2.015856 2.078790 -0.772703 -0.130420 0.940929 -1.267932 -0.034270 
-3.392807 1.830246 0.696202 -1.644688 1.071531 0.668674 -2.289384 1.766523 -1.046637 -0.063167 0.749434 -0.994716 0.025071 
-3.422681 1.758368 1.041665 -1.444102 1.030806 0.734770 -2.118178 2.045963 -1.113359 -0.326121 0.731938 -0.946406 0.090061 
-2.920321 1.982822 1.003156 -1.456050 1.192852 0.953572 -1.965863 2.068322 -1.483970 -0.074167 0.963326 -0.745946 -0.163219 
-2.710920 2.093026 0.762959 -1.552119 1.177995 0.829049 -1.938667 2.086327 -1.464167 -0.048377 0.937404 -0.776053 -0.181502 
-2.710683 2.053926 1.005574 -1.568447 0.903118 0.602840 -1.937787 2.390732 -1.404856 -0.162423 0.725044 -0.831618 -0.006236 
-2.924229 1.931020 1.004653 -1.615658 0.959268 0.565143 -2.045668 2.561344 -1.352257 -0.039002 0.710030 -0.995782 -0.157075 
-2.873194 1.934984 1.054434 -1.630472 0.941330 0.483388 -2.254999 2.536300 -1.203379 -0.154541 0.809025 -1.084292 -0.171164 
-2.863879 1.777088 1.254614 -1.591443 0.879933 0.728691 -2.176958 2.284818 -1.414885 -0.081779 0.861428 -0.990023 -0.131974 
-2.856066 1.679393 1.274296 -1.684787 0.867743 0.809212 -2.217294 2.403721 -1.408487 -0.022151 0.947623 -0.843260 -0.107378 
-2.869776 1.970310 1.337056 -1.577052 0.997581 0.786972 -2.121809 2.482070 -1.542068 -0.114013 1.017582 -0.782984 -0.082821 
-2.880276 1.977362 1.326978 -1.590569 1.050172 0.818013 -2.162284 2.470934 -1.482527 -0.125143 0.888308 -0.892025 -0.078527 
-2.934515 1.938811 1.350070 -1.660949 1.038771 0.851157 -2.220907 2.504317 -1.440283 -0.051585 0.958402 -0.943819 -0.222042 
-2.962442 1.991054 1.490860 -1.643981 1.094335 0.942268 -2.218307 2.538553 -1.509829 -0.118946 1.049830 -0.869390 -0.105090 
-3.597405 1.942444 1.854965 -1.821711 0.546624 1.095813 -1.928640 2.097633 -1.400997 -0.123570 0.658499 -0.825459 -0.360271 
-3.663309 1.912096 2.039809 -1.778865 0.515454 1.165307 -1.952805 2.059983 -1.417157 -0.133125 0.736179 -0.811330 -0.361623 
-3.769251 1.954161 1.677251 -1.219735 0.460957 0.394149 -1.545797 2.120338 -1.344313 0.326685 1.280592 -1.443562 -0.506046 
-3.727323 2.041886 1.584541 -1.237514 0.494462 0.440723 -1.437236 2.117237 -1.454732 0.229925 1.212810 -1.390104 -0.509286 
-3.640905 2.083749 1.217021 -1.523322 0.738420 0.533937 -1.743489 2.178668 -1.397906 -0.081105 1.187819 -1.311625 -0.351169 
-3.410131 1.956179 1.097172 -1.559478 0.757330 0.633429 -1.676629 2.316682 -1.283917 -0.066888 1.112942 -1.109840 -0.147317 
-2.859538 1.947506 1.351970 -1.568849 1.020787 0.885309 -1.989043 2.667162 -1.501088 -0.024893 0.928787 -0.911109 -0.215096 
-2.696925 2.174338 1.275066 -1.563605 1.025108 0.687841 -2.232539 2.367558 -1.584364 0.071808 0.826586 -0.912079 -0.175923 
-2.764161 1.997329 1.083714 -1.570787 0.935935 0.567895 -2.146253 2.334549 -1.446005 0.024790 0.860925 -0.897107 -0.129465 
