-2.842528 1.955401 1.393794 -1.688092 1.036098 0.914594 -2.227130 2.501926 -1.517653 -0.065267 0.996960 -0.908767 -0.076262 
-2.791441 1.833912 1.400307 -1.615066 0.921031 0.820006 -2.147637 2.510548 -1.461531 -0.029158 0.902398 -0.939961 -0.152805 
-2.959758 1.724513 1.106699 -1.696476 0.890349 0.707360 -2.198304 2.322199 -1.500159 -0.152155 0.818035 -0.929428 -0.035591 
-2.889150 1.997421 1.129797 -1.657534 0.947132 0.741550 -2.048088 2.400013 -1.546818 -0.079287 0.837196 -0.870398 -0.055901 
-2.854768 2.011537 1.252561 -1.641939 0.952592 0.835394 -2.057247 2.312871 -1.667762 -0.083035 0.898188 -0.804271 -0.119383 
-2.931612 1.980995 1.261911 -1.644412 0.988719 0.863602 -2.068218 2.388975 -1.559513 -0.156379 0.918566 -0.825523 -0.077567 
-2.919653 1.980115 1.384382 -1.599535 1.004289 0.855588 -2.101236 2.457460 -1.505236 -0.122814 0.926950 -0.874306 -0.034002 
-2.872249 1.880870 1.376478 -1.568071 1.046661 0.882197 -2.144895 2.398796 -1.563063 -0.197680 0.927738 -0.923264 -0.092802 
-2.911098 1.865526 1.380647 -1.628110 1.086046 0.831079 -2.306253 2.445039 -1.632306 -0.061359 1.101972 -0.916879 -0.247295 
-3.041162 1.926896 1.349489 -1.659177 1.007765 0.749121 -2.237786 2.418205 -1.624066 -0.204487 1.123490 -0.905606 -0.168855 
-2.964556 1.928243 1.365657 -1.679303 0.962216 0.742605 -2.241353 2.483511 -1.610570 -0.112229 1.046783 -0.966781 -0.214256 
-2.966934 1.971975 1.457479 -1.665871 1.044124 0.875877 -2.142925 2.612484 -1.605541 -0.105835 1.046115 -0.898204 -0.156509 
-3.009756 1.990418 1.336090 -1.656300 1.124673 0.831203 -2.255553 2.535422 -1.424269 -0.056108 1.135404 -0.928580 -0.127080 
-2.991238 2.047759 1.415025 -1.698061 1.060183 0.845762 -2.278514 2.563821 -1.516027 -0.141036 1.120981 -0.985924 -0.196685 
-3.043809 1.919023 1.310195 -1.681734 0.995395 0.722899 -2.361944 2.498115 -1.513650 -0.163491 1.043208 -0.993451 -0.177096 
-3.027970 1.974486 1.319423 -1.681071 1.000257 0.860971 -2.196394 2.535913 -1.467219 -0.150908 1.033877 -0.877435 -0.064512 
-2.844747 2.122103 1.379577 -1.485703 1.071505 0.854070 -2.027771 2.552248 -1.503177 -0.035884 0.944605 -0.924427 -0.147179 
-2.770400 2.181257 1.337480 -1.511004 0.956382 0.712908 -2.135087 2.288256 -1.520001 0.020950 0.789505 -0.920509 -0.123600 
-2.919240 2.009581 1.234311 -1.502940 0.980960 0.689188 -2.170614 2.190325 -1.350503 -0.056267 0.919461 -0.979410 -0.069003 
-3.101540 1.827374 1.149904 -1.493864 1.031493 0.733774 -2.074416 2.269822 -1.284313 -0.131580 1.009785 -0.950378 -0.065943 
-2.930649 1.872448 1.175749 -1.630078 0.972104 0.770182 -2.080588 2.422219 -1.453033 -0.162166 0.910825 -0.838385 -0.099444 
-2.876035 1.853644 1.209017 -1.602808 0.980682 0.798081 -2.093416 2.421972 -1.434689 -0.138931 0.861815 -0.851436 -0.101509 
-3.010727 1.893468 1.165095 -1.616860 1.005324 0.786326 -2.131782 2.318018 -1.474949 -0.114899 0.932445 -0.927060 -0.131277 
-2.998923 1.871972 1.216055 -1.664532 0.890967 0.761305 -2.125788 2.389190 -1.479115 -0.092382 0.946855 -0.937841 -0.148351 
-2.811052 1.907168 1.279483 -1.580861 0.868680 0.748271 -2.094675 2.395869 -1.388901 -0.021690 0.864241 -0.879654 -0.092098 
-2.907015 1.919353 1.241285 -1.502282 0.980412 0.731043 -2.104634 2.344227 -1.409638 -0.074943 0.882318 -0.894262 -0.095916 
-6.330132 0.762480 2.171851 0.730893 -0.315631 0.112344 0.019537 0.717906 -0.766778 -0.036781 0.780592 -0.286199 -0.195514 
-6.398727 1.344287 2.834066 1.208440 0.362857 0.485409 -0.009151 1.495041 -0.897197 0.028406 0.797797 -0.448283 0.038853 
-2.995765 2.395493 1.454690 1.028663 1.711437 0.544877 -0.607773 2.828064 -0.778704 0.673657 0.716265 -0.613709 0.721081 
-3.140029 3.209486 1.850155 1.602064 2.025446 0.109149 -1.020759 2.571819 -0.991092 0.601794 0.657226 -0.981301 0.612966 
-2.740314 3.856263 0.375082 1.332469 2.543791 -0.432252 -1.322749 1.612019 -1.621651 0.739921 1.192394 -1.471730 0.334733 
-2.654727 4.045988 0.334139 1.303753 2.688252 -0.295377 -1.162974 1.700779 -1.662195 0.874855 1.581646 -1.353555 0.261925 
-2.572338 3.283018 1.251571 0.302940 2.138582 0.829462 -1.401867 2.178937 -1.215782 1.039933 1.252148 -1.108376 0.099442 
-2.583677 2.236022 1.037201 -1.118972 0.984241 0.652901 -1.848393 2.290690 -1.558336 0.218453 0.665600 -0.815759 -0.089453 
-3.897402 1.813521 0.581030 -0.926763 1.212510 0.461215 -1.878144 1.963884 -1.065408 -0.396047 1.140648 -1.290869 -0.087332 
-4.364300 1.914179 0.904928 -0.439826 1.677876 0.705988 -1.698577 2.098185 -1.093490 -0.563514 1.314535 -1.456543 -0.175646 
-2.761229 2.377126 1.398122 -1.512045 1.271670 0.986943 -2.328635 2.600986 -1.622127 0.115393 0.945269 -0.872040 -0.052987 
-2.751341 2.285646 1.290929 -1.509923 1.227057 0.885784 -2.252286 2.456401 -1.511482 0.053361 0.955360 -0.833241 0.007716 
-3.150422 1.944330 1.354274 -1.854046 1.033830 0.826382 -2.467435 2.633665 -1.452688 -0.145556 1.024265 -0.975313 -0.235472 
-3.149381 1.661756 0.673094 -1.288863 0.004057 -0.018477 -1.759112 0.483884 -1.981158 -0.819777 0.420836 -1.065885 -0.101033 
-2.419852 4.703988 1.357342 -2.294820 0.518674 0.490080 -1.730151 2.643913 -2.412931 1.150314 0.866641 -0.679917 -0.192574 
-1.819837 3.828005 0.426301 -1.770813 0.713589 -0.005673 -2.041262 1.939182 -3.125369 0.162050 -0.619185 -0.518353 0.050130 
-1.611146 4.013973 -0.341733 -1.644855 0.349968 -0.458562 -1.465941 1.369204 -3.587097 0.115669 -0.952556 -0.118251 0.325286 
-1.486250 4.645585 -1.480283 -3.059830 -0.718644 -0.597288 -0.674193 1.184555 -3.571359 1.006926 -0.579770 0.494550 0.247586 
-1.782579 4.992539 -2.099393 -3.773536 -1.260291 -1.123281 -0.842354 1.072771 -3.841617 1.035622 -0.645161 0.463163 0.269395 
-1.417974 5.861855 -2.487248 -4.028327 -0.818531 -1.026721 -0.480092 1.863006 -3.564836 1.446132 -0.449019 0.389200 0.292693 
-1.255641 6.421154 -3.032522 -4.376349 -0.639352 -1.059371 -0.343988 2.010838 -3.553442 1.354287 -0.713291 0.094169 0.216136 
-0.896600 6.111355 -3.033091 -3.578056 0.440515 -0.676603 -0.668068 1.862187 -2.892997 1.842435 -0.694021 -0.378953 0.203901 
-1.008714 5.712862 -2.676584 -3.332649 0.380137 -0.712343 -0.927581 1.875748 -2.788475 1.660199 -0.641596 0.168632 0.383051 
-1.413188 5.492475 -3.189119 -4.358275 -1.040030 -1.351849 -0.531342 2.297794 -3.359405 1.592483 -0.703772 0.571657 0.251865 
-1.711902 5.001574 -3.190226 -4.005386 -1.199266 -1.539977 -0.541593 2.031462 -2.976955 1.371673 -0.726802 0.741740 0.297767 
-1.470577 5.315714 -3.088330 -3.945117 -0.750556 -1.455910 -0.745439 2.076355 -3.188128 1.435969 -0.399117 0.612593 0.239880 
-1.797153 4.119116 -3.056200 -3.307379 -0.365285 -0.996410 -0.725593 1.596277 -2.517150 0.833366 -0.449882 0.817039 0.195520 
-1.788373 4.112710 -3.280959 -3.412834 -0.137617 -0.808680 -0.653343 1.681482 -2.434682 0.908635 -0.216161 1.067421 0.200638 
-2.027614 4.958327 -3.638271 -3.637733 -0.067901 -1.110423 -0.426698 1.436326 -3.070462 0.955915 0.393491 1.050572 0.378667 
-1.945908 5.190277 -4.060396 -3.292308 0.352983 -1.446058 -0.545554 1.136475 -3.267105 1.108712 1.149120 0.951707 0.130892 
-1.703772 5.180850 -3.448300 -2.530200 1.342965 -1.071988 -1.250203 0.812338 -2.771832 1.019204 1.052143 0.282868 -0.140357 
-1.891526 5.011472 -2.357113 -2.198059 1.709781 -0.411347 -1.779387 0.526381 -2.328820 1.018899 0.839039 -0.186268 -0.145752 
-2.688380 4.060124 -1.339329 -0.934195 2.158363 -0.476140 -2.618238 0.122607 -1.643659 0.634925 1.123835 -1.052077 -0.201758 
-2.963648 4.022784 -0.826469 0.385393 3.085327 -0.979168 -3.145006 0.629834 -1.271728 0.437716 1.709113 -1.992804 -0.660459 
-3.718732 1.872731 0.333448 -0.008030 1.523954 -0.267934 -1.932549 1.572607 -0.887279 -0.384772 1.418739 -1.447437 -0.294488 
-3.684509 1.401335 0.562546 -0.206873 0.943767 -0.388879 -1.593310 1.635331 -0.996718 -0.655584 1.357985 -1.156600 -0.300296 
-4.650799 0.848554 1.423536 0.080943 1.201715 -0.009593 -1.978442 1.810130 -0.915332 -0.801777 1.126876 -1.369518 -0.244456 
-3.711378 1.474258 1.224468 -0.994105 1.032463 0.501599 -2.023380 2.058557 -1.080683 -0.257274 0.966295 -1.241611 0.022229 
-3.415016 1.555551 1.510281 -1.314724 0.881198 0.713731 -2.255629 2.156036 -1.224673 -0.162009 0.995941 -1.246365 -0.284011 
-3.076058 1.873411 1.258091 -1.606631 1.061882 1.007790 -2.103664 2.295298 -1.333239 0.116872 1.177668 -0.772002 -0.154438 
-2.789440 2.132533 1.338002 -1.494377 1.056809 0.886386 -1.926554 2.520745 -1.498601 -0.053314 0.896685 -0.922909 -0.105839 
-2.693502 2.086122 1.344591 -1.566497 0.962743 0.758629 -2.157277 2.419259 -1.552932 -0.075521 0.673849 -0.857937 -0.094146 
-2.744491 1.901103 1.292191 -1.618608 0.921065 0.689536 -2.349802 2.296799 -1.506065 -0.015576 0.722235 -0.846201 -0.128045 
-2.818771 1.638397 1.225265 -1.649136 0.887220 0.783088 -2.234828 2.297914 -1.543384 -0.085879 0.983279 -0.884808 -0.135586 
-2.959092 2.032948 1.319944 -1.619177 1.037846 0.833026 -2.132453 2.469166 -1.428977 -0.119051 0.984698 -0.919613 -0.105511 
-2.934871 1.904852 1.205188 -1.671026 0.966282 0.773141 -2.113988 2.436592 -1.413984 -0.213353 0.864174 -0.954521 -0.170990 
-2.936652 1.909664 1.218859 -1.645414 0.900774 0.744415 -2.095842 2.442961 -1.510285 -0.073569 0.909036 -0.816091 -0.103858 
-2.918741 1.916567 1.152944 -1.573678 0.941679 0.754068 -2.039861 2.375203 -1.427642 -0.072432 0.944824 -0.832297 -0.068105 
-2.904046 1.971311 1.182412 -1.502476 0.931144 0.684140 -2.014608 2.395545 -1.413896 -0.042457 0.873893 -0.887690 -0.092947 
