-2.818940 1.802596 1.399768 -1.745154 0.998487 0.925036 -2.298016 2.489977 -1.579254 -0.084850 1.033107 -0.922894 -0.126387 
-2.948534 1.906894 1.257479 -1.648806 1.040635 0.838968 -2.133709 2.450186 -1.497627 -0.126220 1.030924 -0.913952 -0.132167 
-2.894947 1.898282 1.306431 -1.629612 1.046127 0.870727 -2.121481 2.445218 -1.429642 -0.097318 1.033689 -0.946688 -0.129337 
-2.821286 1.909476 1.283030 -1.643726 0.997622 0.732330 -2.276042 2.390646 -1.521156 -0.120590 1.043163 -0.936143 -0.152172 
-2.946277 1.813832 1.328349 -1.772194 1.009608 0.906349 -2.227847 2.526785 -1.643811 -0.133989 1.066445 -0.930972 -0.157654 
-3.157851 1.939280 1.589952 -1.798387 0.984511 0.961146 -2.381180 2.502695 -1.541274 -0.182148 1.113075 -0.845654 -0.257165 
-3.144047 1.980741 1.489332 -1.732198 1.101069 0.936032 -2.366190 2.445200 -1.511168 -0.135767 1.123599 -0.851479 -0.268707 
-2.921624 2.070957 1.514901 -1.726864 1.026423 0.865606 -2.261331 2.630042 -1.526760 -0.079855 1.083460 -0.932397 -0.171096 
-2.902490 1.957462 1.335917 -1.764091 0.971669 0.836141 -2.254771 2.517460 -1.633794 -0.155061 1.021816 -0.932520 -0.228323 
-3.011880 1.928786 1.297403 -1.738479 0.972963 0.830016 -2.243373 2.434902 -1.559969 -0.215926 1.012574 -0.918148 -0.199903 
-3.070457 1.851316 1.302762 -1.715290 0.937044 0.788204 -2.270086 2.468408 -1.586567 -0.123580 1.018084 -0.934089 -0.150561 
-2.752090 2.041931 1.421843 -1.538383 1.005076 0.811723 -2.142979 2.635119 -1.474450 0.028525 0.886232 -0.942987 -0.153604 
-2.729727 2.097990 1.373253 -1.535144 0.972666 0.780468 -2.107016 2.442206 -1.533170 -0.044667 0.922484 -0.979783 -0.204738 
-2.919007 2.140344 1.061814 -1.669778 0.925650 0.612700 -2.089750 2.242429 -1.509965 -0.137169 0.988044 -0.937790 -0.199893 
-3.004767 1.939594 0.929893 -1.744775 0.905395 0.635858 -2.045505 2.306164 -1.397827 -0.189624 1.007397 -0.913028 -0.128824 
-2.921587 1.991374 1.166880 -1.612675 0.974697 0.702827 -2.051856 2.450634 -1.369451 -0.197297 0.976335 -0.950932 -0.083545 
-2.941129 1.981014 1.155586 -1.573927 1.025787 0.710474 -2.112605 2.381306 -1.408781 -0.133745 0.916487 -0.933531 -0.112436 
-2.866855 1.847888 1.178221 -1.639789 0.943542 0.764250 -2.141575 2.420088 -1.542000 -0.091963 0.890504 -0.851144 -0.123212 
-2.984516 1.880989 1.077714 -1.765369 0.900445 0.745763 -2.172733 2.331139 -1.526982 -0.187956 0.867681 -0.916780 -0.111423 
-6.211969 0.521079 2.058489 0.246273 -0.555110 0.479429 -0.223279 0.308732 -0.976750 -0.378145 -0.520242 -1.084556 -1.282579 
-5.742343 1.268587 2.685404 1.117359 0.433124 0.712769 -0.179633 1.327880 -0.440436 0.023580 0.099165 -0.781605 -0.488598 
-3.299690 2.742406 1.510160 1.581682 1.845775 -0.308919 -1.024926 2.452033 -0.858467 0.370344 0.224876 -1.356766 0.126951 
-2.732882 3.231930 1.430118 1.728319 2.345185 -0.238456 -1.231338 2.587529 -1.164798 0.613641 0.282285 -1.515004 -0.091983 
-3.034691 2.996358 1.131538 2.324581 2.994450 -0.300843 -1.438245 2.444597 -1.100221 0.724763 1.034240 -2.327290 -0.489218 
-3.539383 2.841420 1.123453 1.952328 3.628940 0.733981 -1.430503 2.946004 -1.016475 1.060465 2.129545 -2.151267 -0.545298 
-3.641972 2.985191 1.840042 -1.017823 2.427513 1.804706 -2.735118 3.290014 -1.627258 0.295032 1.437297 -1.643630 -0.589266 
-3.721832 2.729196 1.663230 0.151073 2.191317 1.097878 -1.917408 2.212187 -1.095023 0.573731 1.526211 -1.503327 0.394922 
-2.999006 2.605449 0.959211 -0.604794 1.460661 0.790211 -1.473345 1.967190 -1.287050 0.437231 1.110160 -0.937985 0.130671 
-2.889022 2.444376 0.964283 -0.943698 1.218836 0.793087 -1.469107 2.131832 -1.497414 0.277059 1.079235 -0.723773 -0.050632 
-2.972311 1.961199 1.362651 -1.660747 1.160656 1.140030 -2.382421 2.681904 -1.673110 0.011821 1.032400 -0.911954 -0.028924 
-2.811230 1.895679 1.273530 -1.645973 1.018672 0.867739 -2.249786 2.526786 -1.517693 0.105213 0.997664 -0.792382 -0.076039 
-2.827411 1.906761 1.310215 -1.640361 0.938115 0.798904 -2.191355 2.500680 -1.564017 -0.009006 0.938464 -0.852032 -0.147101 
-2.966467 2.025597 1.440054 -1.664619 1.008514 0.803527 -2.206419 2.638357 -1.578241 -0.000639 1.098814 -0.874074 -0.174052 
-2.900214 2.217926 0.764973 -1.327534 1.213678 0.386916 -2.165189 2.922755 -0.595632 0.459696 1.299012 -0.549589 -0.249308 
-2.109697 2.885664 0.836260 -1.338217 0.776379 0.399432 -1.718794 2.249115 -2.441774 0.328342 -0.430274 -0.752518 0.020218 
-1.740976 4.033750 -0.090524 -2.208686 0.255179 -0.114990 -1.269846 2.186535 -3.096168 0.321784 -0.619258 -0.305056 0.108615 
-1.605418 5.171855 -1.667697 -2.916155 -0.476602 -0.985213 -0.568991 1.564286 -3.761429 0.923712 -0.531950 0.320552 0.341426 
-1.659928 4.915211 -2.381818 -3.687560 -1.047027 -1.110312 -0.606116 1.486181 -3.488110 1.393566 -0.716787 0.472515 0.387304 
-1.205008 5.265388 -2.616950 -4.177877 -0.911957 -0.733835 -0.417742 1.905759 -3.694624 1.939879 -0.434764 0.082814 0.120945 
-1.627408 5.298469 -2.887258 -4.127639 -0.814762 -1.020936 -0.351663 1.906220 -3.497935 1.607115 -0.269447 -0.083673 0.336196 
-1.569066 5.169292 -2.828123 -3.606502 -0.490119 -1.037857 -0.067264 2.141291 -3.453052 1.122772 -0.169119 -0.035351 -0.163356 
-1.778174 4.458632 -2.455047 -3.396096 -0.641061 -0.838704 -0.110788 2.161298 -2.875055 1.090201 -0.158674 0.090938 -0.166982 
-2.031531 4.401979 -2.463396 -3.591338 -0.856466 -1.063980 -0.532843 2.292428 -2.229020 1.505014 -0.034666 0.469914 0.411491 
-1.527017 6.182190 -2.784059 -4.590189 -1.045473 -1.031265 -0.241715 2.431226 -3.302316 1.748350 -0.051269 0.508371 -0.026241 
-1.968923 4.704343 -2.790839 -3.747819 -0.698633 -0.871743 -0.355519 1.901917 -2.810717 1.297855 -0.245796 0.851394 0.431029 
-1.673110 4.837990 -2.582228 -3.755340 -0.459696 -0.660572 -0.556346 1.876276 -2.891483 1.190249 -0.455104 0.568456 0.166579 
-1.536259 5.251068 -2.276610 -4.084074 -0.460860 -0.438769 -0.814431 1.981920 -2.639713 1.181535 -0.547961 0.673397 0.263755 
-1.453491 5.809276 -2.678420 -4.805071 -0.782196 -0.706397 -0.695557 2.513456 -3.237021 1.526639 0.108524 1.008219 -0.280816 
-1.202122 6.217210 -3.386827 -4.995339 -0.278224 -0.469410 -0.564172 2.248777 -3.228515 1.494696 0.529351 0.971523 -0.282390 
-0.839396 5.976791 -2.881500 -4.527814 0.114804 -0.271680 -0.869696 2.162495 -3.511789 1.464506 0.322442 0.560188 -0.618981 
-1.077148 4.336620 -2.081145 -3.477397 -0.148220 -0.516924 -1.129686 1.942029 -3.332710 1.510124 -0.108978 0.629183 -0.335473 
-1.736050 3.848609 -1.759191 -2.349560 0.551466 -0.595645 -1.516677 1.102906 -2.971404 1.231188 0.857001 0.881443 0.145481 
-1.720125 4.079591 -2.432434 -1.494873 1.694520 -1.017612 -1.976501 0.775886 -2.447314 0.991315 1.187179 0.324911 -0.018901 
-1.523152 4.580301 -1.342811 -0.759495 2.732731 -0.609090 -2.721834 1.069527 -2.417663 0.814872 1.116536 -0.541711 -0.224961 
-2.102106 4.221121 0.319279 -0.543270 2.163729 0.063348 -2.564596 1.006850 -2.145694 0.915671 0.670188 -1.262908 -0.081562 
-2.975265 2.481151 0.341726 -0.486046 1.585119 0.090476 -2.094641 1.500355 -1.014462 0.245019 0.318009 -1.819217 -0.065885 
-4.389012 1.405192 0.425067 -0.198028 1.435954 -0.502287 -2.728467 1.719040 0.101816 -0.916908 0.787572 -1.583477 0.363122 
-4.528079 1.444561 1.377656 -0.170133 1.084554 -0.363196 -2.273656 1.987461 -0.167071 -0.702238 0.953218 -0.899226 0.721353 
-3.798825 1.296715 1.138013 -0.740225 1.308048 0.507496 -1.792916 2.321233 -0.646719 -0.572495 1.258191 -1.219653 -0.079001 
-3.702258 1.446125 1.144842 -1.069455 1.288184 0.701835 -2.116770 2.160538 -0.898006 -0.532198 1.073466 -1.098755 0.079021 
-3.397619 1.834419 0.920545 -1.522439 1.190143 0.865246 -2.106615 2.139959 -1.080862 -0.034940 1.134582 -0.878905 0.064654 
-3.017298 2.056925 1.094348 -1.475152 1.160430 0.931466 -1.910130 2.361365 -1.265210 -0.006140 1.085691 -0.817306 -0.169297 
-2.646680 1.924914 1.379496 -1.322322 0.971768 0.723523 -2.067027 2.405140 -1.453944 -0.162328 0.887882 -0.826477 -0.187354 
-2.709490 1.881151 1.132210 -1.524566 1.024031 0.751810 -2.108798 2.345428 -1.511155 -0.116404 0.915362 -0.782924 -0.293901 
-2.931530 1.917738 0.947830 -1.728260 1.028659 0.785187 -2.055019 2.219579 -1.414437 -0.133342 1.028275 -0.832817 -0.215209 
-2.918192 1.882640 1.179186 -1.691624 1.085888 0.913399 -2.121331 2.403668 -1.462546 -0.204786 0.980443 -0.891008 0.013045 
-2.786800 1.945623 1.277703 -1.718999 0.985855 0.796272 -2.184382 2.571415 -1.565006 -0.155750 0.897072 -0.926386 -0.140920 
-2.848945 1.859567 0.903162 -1.883276 0.770813 0.811616 -1.821684 2.371214 -1.623697 -0.155038 0.727050 -0.767943 0.115320 
-2.955975 1.914917 0.995804 -1.650547 0.725073 0.594971 -1.921244 2.204134 -1.417835 -0.135264 0.786826 -0.888052 0.136784 
-2.800788 1.969288 1.174898 -1.533342 0.983413 0.703719 -2.145377 2.324326 -1.473209 -0.078254 0.859022 -0.888297 -0.090092 
-2.814670 1.962293 1.092231 -1.543836 0.921569 0.650176 -1.970112 2.401300 -1.409409 -0.115487 0.880947 -0.918244 -0.093229 
-2.884240 1.987565 1.109919 -1.487226 1.044180 0.652662 -2.068056 2.333732 -1.424533 -0.183285 0.940507 -0.940904 -0.083329 
-2.821179 1.805438 1.080122 -1.665921 0.935198 0.614833 -2.226630 2.443894 -1.425398 -0.057573 0.863567 -0.956317 -0.205261 
-2.943954 1.853058 0.945020 -1.638821 0.960508 0.516379 -2.294690 2.317109 -1.113758 -0.054285 1.018164 -1.113366 -0.200556 
-3.105241 1.803851 1.085686 -1.384136 1.107356 0.628698 -2.246121 2.146546 -1.291097 -0.291719 1.067601 -0.991750 -0.071960 
