-3.096303 1.844711 1.201427 -1.792116 1.103291 0.968961 -2.108053 2.482091 -1.487939 -0.136589 1.160624 -0.943149 -0.248071 
-2.884997 2.081283 1.183564 -1.764779 1.034549 0.663146 -2.349942 2.340254 -1.425925 -0.045522 1.243052 -0.794093 -0.186363 
-3.021315 1.922369 0.904155 -1.645838 1.368330 0.988486 -2.075387 2.305745 -1.397999 0.029315 1.173658 -1.064048 -0.349356 
-3.221488 1.458174 0.999232 -1.421878 1.218555 0.870251 -2.336284 1.923008 -1.196292 -0.070279 1.326634 -1.148896 -0.282206 
-3.121587 1.783234 1.176311 -1.415992 1.158455 0.801700 -2.259717 2.233557 -1.075836 0.118545 1.446169 -0.965614 -0.230228 
-2.909905 2.044635 0.952200 -1.486563 1.212879 0.817032 -2.015670 2.169404 -1.406983 -0.099955 1.064507 -1.009514 -0.167045 
-2.766948 2.069023 0.783770 -1.670745 1.083397 0.729511 -1.939383 2.266146 -1.586806 -0.102201 0.907208 -0.954678 -0.158260 
-2.904708 1.996136 0.925417 -1.688255 0.978485 0.713037 -1.967622 2.311511 -1.446591 -0.133690 1.027943 -0.945382 -0.188422 
-2.952355 1.968029 1.192636 -1.547658 1.067011 0.765479 -2.100672 2.396536 -1.371516 -0.002413 1.077246 -0.903247 -0.183002 
-2.793170 1.947856 1.225928 -1.614959 0.957973 0.718549 -2.078485 2.528478 -1.454442 -0.046793 0.964003 -0.892545 -0.092520 
-2.850142 2.026179 1.220872 -1.655642 0.960113 0.784323 -2.046876 2.470817 -1.472008 -0.131374 0.966714 -0.899561 -0.064206 
-3.041864 1.952827 1.115138 -1.588984 1.060898 0.691079 -2.211349 2.391803 -1.382590 -0.138877 0.904313 -0.989180 -0.135032 
-2.986153 1.842566 0.931986 -1.410271 1.165657 0.706667 -2.095461 2.280949 -1.167425 -0.072505 0.986981 -1.035820 -0.056518 
-2.915443 1.918973 0.919342 -1.358889 1.185217 0.723935 -1.984555 2.263679 -1.227851 -0.070030 0.960680 -1.046777 -0.036166 
-2.871547 1.972221 1.060513 -1.431522 0.995434 0.622434 -1.993404 2.318668 -1.325552 -0.037757 0.769532 -1.030744 -0.132906 
-2.779714 1.753221 1.057898 -1.495472 0.917143 0.617901 -2.055645 2.361094 -1.466941 -0.038675 0.844345 -0.863842 -0.096068 
-2.919528 1.838239 0.908421 -1.589656 0.986297 0.675578 -1.925836 2.313713 -1.630393 -0.232057 1.162672 -0.695666 -0.136914 
-3.070222 2.026277 0.916291 -1.582191 1.148628 0.837207 -1.791255 2.339573 -1.580897 -0.322759 1.129261 -0.853616 -0.226015 
-4.554782 -0.492587 0.657218 -0.521751 -0.796875 -0.994293 -0.717024 2.413044 -0.803989 -0.428528 0.439121 -0.163833 -0.232346 
-4.225903 1.599424 1.226951 0.594296 -0.062041 -0.965610 -0.397878 1.531783 -1.260958 -0.564168 0.817688 -0.757339 -0.641696 
-4.296792 3.310733 2.095225 1.420231 0.856476 -0.694538 -0.341291 2.731341 -1.096006 -0.304895 0.835952 -1.239833 0.098895 
-2.662970 3.725789 1.479513 1.282806 1.760857 -0.249456 -0.935940 2.445223 -1.587155 0.177254 0.181617 -1.118834 0.275086 
-2.356968 3.826275 1.439128 1.516153 2.200092 -0.045106 -1.024340 2.248785 -1.686027 0.688881 0.259711 -1.558691 -0.009805 
-2.942132 3.677255 1.353622 1.729566 2.462862 0.135118 -0.962765 1.871206 -1.521101 0.517884 0.380674 -2.143808 -0.135340 
-3.439953 3.730169 1.462150 1.475247 2.654605 0.532913 -1.084591 1.923571 -1.244406 0.939911 0.993822 -2.028905 0.060993 
-3.074350 3.484399 1.487717 -0.017241 2.499448 1.108012 -1.973806 2.732992 -1.084735 1.208756 1.703597 -1.137579 0.146101 
-3.860842 1.841826 1.005296 0.296721 0.555328 -0.052628 -0.392291 1.325861 -1.591273 0.394753 1.484010 -1.015156 -0.272001 
-4.019695 1.665236 0.778962 0.326169 0.673542 -0.091869 -0.416281 1.170197 -1.689656 0.220677 1.576209 -1.098420 -0.395076 
-3.813684 2.219820 0.298378 -0.446884 1.828826 0.602283 -1.393734 1.833314 -1.804407 -0.424037 1.848677 -1.244675 -0.567356 
-3.092055 2.276870 1.515188 -1.638400 1.210264 1.084195 -2.344910 3.015105 -1.647878 0.113479 1.203943 -0.906472 -0.145393 
-2.768486 2.055919 1.216520 -1.426113 1.097493 0.899313 -2.018844 2.514356 -1.577999 0.008059 0.746907 -0.888248 0.003953 
-3.096223 1.765992 0.851585 -1.194750 1.296306 0.738480 -1.982443 2.040349 -1.242439 -0.038615 0.914557 -0.983287 -0.226344 
-2.700172 4.475819 0.435300 -2.145858 1.677164 0.901043 -1.085177 3.365429 -2.946330 -0.325685 0.319880 -1.038382 -0.027292 
-1.276212 6.101796 -0.356370 -2.681120 0.357461 -0.217631 -0.579298 2.398899 -4.676612 -0.352371 -0.841073 -0.432321 -0.913284 
-0.734772 5.800731 -1.217346 -2.594557 -0.783092 -1.105431 -0.396647 1.396721 -4.564241 0.984585 -1.089769 0.197953 -0.348372 
-1.317062 5.460859 -2.539603 -3.077497 -0.761395 -0.954651 0.347439 1.176515 -3.804665 1.234811 -0.136404 0.683075 -0.174258 
-1.559922 4.927631 -3.174934 -3.196494 -0.811099 -1.394604 0.144121 1.512326 -3.396024 1.218973 -0.098278 0.885975 0.059550 
-1.298943 4.958720 -3.254498 -3.342317 -0.736096 -0.808631 0.579834 1.484820 -3.223147 1.610394 -0.563361 0.385418 -0.194878 
-1.322621 5.217941 -3.589704 -3.271694 -0.566920 -1.050185 0.606483 1.586874 -2.949564 1.738246 -0.297299 0.176232 -0.180868 
-1.569350 4.967254 -4.140588 -3.260231 -0.275064 -1.268882 0.462026 1.941641 -2.410495 1.694178 0.096535 0.664892 -0.025975 
-1.448814 4.837730 -3.593179 -3.065839 -0.740769 -1.221094 0.576077 1.657735 -2.637698 1.628690 -0.556174 0.459277 -0.006186 
-1.387211 5.179685 -3.636171 -3.206813 -0.714065 -1.240407 0.633546 1.892987 -2.613354 1.662735 -0.629546 0.391612 0.162780 
-1.188070 6.399493 -4.570992 -3.829942 -0.250318 -1.660905 0.579008 2.582939 -2.939942 1.680890 0.314821 0.524678 -0.250597 
-1.382805 4.202960 -3.451727 -2.361159 0.269802 -0.718591 -0.254668 0.862366 -1.917787 1.550077 -0.794121 0.479251 0.325036 
-1.452892 4.343009 -3.808918 -2.715179 0.166854 -0.835140 -0.129844 1.078018 -2.120946 1.240406 -0.927812 0.408462 0.211691 
-1.309510 5.332074 -4.781452 -3.530708 -0.127940 -1.718182 0.248624 2.048183 -3.257245 0.703476 -0.267321 0.551736 -0.613441 
-1.586342 4.197244 -3.882126 -3.375794 -0.826656 -1.345539 -0.125391 1.408995 -2.596236 1.373099 -0.617819 0.752249 -0.290122 
-1.674817 4.271871 -4.110763 -3.515263 -0.666894 -1.195323 -0.082666 1.199965 -2.728412 1.340651 -0.440935 1.000041 0.059297 
-1.606461 4.890592 -5.022969 -3.067030 0.174361 -2.152965 -0.084851 1.679112 -3.271746 0.641483 0.597460 0.822402 0.134325 
-1.753348 4.706396 -4.318156 -2.461191 0.281862 -2.044635 -0.356647 1.171152 -2.963472 0.540423 0.395970 0.782792 0.250159 
-1.868845 4.388326 -3.530806 -1.906025 0.517319 -1.739403 -0.917211 0.448813 -2.638731 0.593152 0.245802 0.522315 0.158440 
-1.714310 4.231914 -2.461929 -0.849999 0.966796 -1.984962 -1.690513 0.347742 -2.614636 0.823585 0.412224 -0.251046 -0.214447 
-1.338120 4.214653 -1.538504 0.409043 1.965036 -2.000743 -1.960051 0.881994 -2.944070 1.261911 0.999667 -1.566523 -0.303267 
-2.613882 3.890443 -0.111580 1.525678 2.214357 -1.742138 -1.923786 0.926690 -2.287705 0.837948 1.016315 -2.512540 -0.189602 
-2.888990 3.956229 1.144639 1.708961 2.330595 -1.342554 -2.159737 1.648380 -2.267895 0.573022 0.648896 -2.490088 -0.154575 
-3.395615 3.389477 2.247355 0.871760 1.616132 -0.399392 -1.911948 2.333341 -2.189395 0.017513 0.573696 -1.758768 0.082603 
-3.092020 2.131663 1.478671 -0.637260 0.983497 0.697594 -1.599770 2.187901 -1.493487 0.305758 0.943466 -0.982237 0.312719 
-2.478605 2.156305 1.266596 -1.130776 0.839021 0.794360 -1.783969 2.003590 -1.515385 0.324813 0.750387 -0.765810 -0.033087 
-3.017167 2.085658 1.899161 -0.672743 0.729770 0.674954 -1.558997 2.253093 -1.585447 0.042428 0.480672 -0.795485 -0.034056 
-3.192852 1.600995 1.133987 -0.814816 1.082357 0.432345 -2.211788 2.218747 -0.863175 -0.342923 0.522324 -0.970418 0.213362 
-3.229229 1.633596 1.062880 -1.224965 1.039499 0.604379 -2.187858 2.028867 -0.808550 -0.386059 0.667462 -1.220091 0.233914 
-3.043639 1.766575 1.216271 -1.411400 0.910060 0.716401 -2.084286 2.192514 -1.158148 -0.218183 0.704257 -1.161432 -0.007455 
-3.833727 1.619559 0.539012 -1.221716 1.213680 0.527452 -1.919161 1.809445 -0.680892 -0.423100 0.896913 -0.967916 0.088445 
-3.704854 1.782592 0.648932 -1.086023 1.376186 0.613000 -1.921789 1.726984 -0.738031 -0.325107 1.045689 -0.840846 0.035660 
-2.790487 2.046245 1.105412 -1.551235 0.966861 0.627926 -2.035202 2.411261 -1.410303 -0.089637 0.814182 -0.872896 -0.112812 
-2.877578 1.822321 1.077187 -1.692361 0.810279 0.563821 -2.092321 2.398202 -1.406187 -0.142289 0.948022 -0.913313 -0.222843 
-3.073296 1.916342 1.022825 -1.596938 0.975776 0.512275 -2.305953 2.158169 -1.221932 -0.108244 1.127541 -1.001496 -0.174052 
-3.220955 1.733454 1.093167 -1.528298 0.920136 0.668426 -2.050824 2.164125 -1.372821 -0.273410 0.950239 -0.978880 -0.129729 
-3.111237 1.677493 1.166177 -1.590906 0.909739 0.745514 -2.053975 2.296283 -1.419294 -0.159571 0.968668 -0.896566 -0.133235 
-3.917681 1.807431 0.963559 -1.095540 1.389657 0.634078 -2.302248 1.488091 -0.571724 -0.218532 1.095528 -1.004726 0.318442 
-3.921027 1.804938 0.985979 -1.076435 1.373963 0.647704 -2.273847 1.441640 -0.626827 -0.251251 1.108401 -1.029980 0.304495 
-3.043699 1.910269 1.358569 -1.713404 0.972081 0.811376 -2.213259 2.504747 -1.531786 -0.107267 1.020622 -0.931886 -0.095044 
-3.050683 1.979120 1.256526 -1.732124 1.057321 0.792651 -2.233126 2.492908 -1.625280 -0.217435 0.994628 -1.000687 -0.194872 
-2.887063 1.985886 1.391643 -1.648013 0.983454 0.763438 -2.226667 2.529856 -1.550261 -0.117718 0.945655 -0.931006 -0.108541 
-2.991697 2.019962 1.434759 -1.652677 0.977001 0.753893 -2.213101 2.520216 -1.580919 -0.171883 0.962544 -0.925461 -0.174880 
