-2.772052 1.664139 1.358049 -1.769033 0.944203 0.936733 -2.290299 2.469107 -1.546397 -0.062712 1.028927 -0.869688 -0.126993 
-2.876607 1.873690 1.299536 -1.696792 1.021287 0.862665 -2.206887 2.488673 -1.518834 -0.089501 1.026706 -0.916152 -0.126915 
-2.906217 1.863044 1.187020 -1.605614 1.083747 0.806073 -2.165465 2.464895 -1.448381 -0.080973 0.959123 -0.928145 -0.165461 
-2.861172 1.900712 1.103636 -1.671122 1.015739 0.809468 -2.126690 2.399024 -1.414579 -0.174207 0.883137 -0.951422 -0.133793 
-2.907565 1.947093 1.125886 -1.619480 0.961961 0.741367 -2.062662 2.387895 -1.495069 -0.075285 0.947852 -0.934083 -0.040519 
-2.860323 2.002449 1.249412 -1.553230 0.995212 0.773393 -2.119484 2.392690 -1.478417 -0.040045 0.790549 -0.891518 -0.084632 
-2.738091 1.990451 1.155855 -1.521229 1.037882 0.777344 -2.075116 2.426146 -1.407609 -0.042691 0.842865 -0.862319 -0.140098 
-2.856827 1.994526 1.008844 -1.485609 0.907702 0.510911 -2.038695 2.327678 -1.425758 -0.096270 0.795053 -0.856203 -0.067186 
-2.880549 1.952028 1.032693 -1.657283 0.868097 0.577215 -2.074685 2.447101 -1.501668 -0.208373 0.790457 -0.679757 0.025952 
-2.702250 2.037388 1.208514 -1.932576 0.796270 0.827533 -1.986679 2.763323 -1.643147 -0.244169 0.679613 -0.682770 -0.140879 
-2.707409 2.115880 1.293611 -1.807679 0.920205 0.841897 -2.146857 2.489453 -1.634927 -0.027119 0.814315 -0.860272 -0.168166 
-2.824762 1.957745 1.345190 -1.579876 0.963102 0.779817 -2.115656 2.457237 -1.542006 -0.043227 1.018054 -0.877437 -0.117848 
-2.811026 1.946001 1.316359 -1.616158 0.975034 0.764775 -2.162513 2.495565 -1.456949 -0.061321 1.013322 -0.933668 -0.148843 
-2.873217 2.031799 1.330750 -1.647937 0.923063 0.698376 -2.202199 2.386061 -1.453599 -0.108279 0.956961 -0.898771 -0.126512 
-2.880797 1.900209 1.381540 -1.672359 0.898227 0.710694 -2.288003 2.386713 -1.530123 -0.113190 1.004030 -0.874851 -0.115028 
-4.890749 1.049286 1.198465 0.276844 0.581583 0.792797 0.144549 1.173072 -0.656749 -0.290245 0.892114 -0.397516 -0.585946 
-4.006685 2.066884 1.544778 0.337190 1.190982 0.847312 -0.586671 1.715677 -1.202568 -0.110166 0.795540 -0.595151 -0.021531 
-3.243636 2.759670 1.242136 1.555492 1.771653 -0.391280 -1.078678 1.815168 -1.029961 0.135846 0.490472 -1.496212 0.372167 
-3.425036 3.278735 1.596766 2.282100 2.303485 -0.391679 -1.037756 1.760279 -1.019557 0.387983 0.356629 -1.493015 0.382249 
-3.261972 3.508801 1.486481 2.322797 2.537692 -0.237014 -1.103071 1.707794 -0.777650 0.695953 0.437719 -1.806670 0.120667 
-3.513820 3.105417 1.396139 2.012696 2.417845 0.104119 -1.084019 1.693699 -0.628143 0.694730 0.680176 -1.984545 -0.248279 
-4.285731 3.075921 1.907680 2.032674 2.978627 0.793246 -1.482073 1.993562 -0.297524 1.057109 1.647105 -1.573108 -0.214936 
-3.628793 2.357362 1.382458 -1.210783 1.471437 0.992893 -2.456940 2.851249 -1.383069 -0.086418 1.248374 -1.382152 -0.025015 
-2.999019 2.688694 0.748992 -1.024010 1.795226 0.724714 -2.430538 2.127092 -1.167192 0.245857 0.962477 -1.089548 0.064026 
-2.826508 2.751820 0.563457 -0.966313 1.922024 0.680941 -2.370330 2.110138 -1.237795 0.160783 0.882388 -0.969524 0.171257 
-2.625045 1.899219 1.244175 -1.334630 1.017880 0.960190 -1.955117 2.581660 -1.437845 0.189688 0.840561 -0.684343 0.086863 
-2.829882 2.338323 1.320285 -1.574326 1.091241 0.907355 -2.022985 2.590075 -1.610435 0.074111 0.950306 -0.826358 -0.060504 
-2.772895 2.107140 1.157657 -1.594934 1.025004 0.792200 -2.118097 2.484445 -1.577140 0.096527 0.855451 -0.811404 -0.112216 
-3.679136 1.785901 1.955890 -0.438518 0.169353 0.366718 -1.047831 1.848635 -0.655547 -0.050896 0.743731 -0.977633 -0.370968 
-2.571653 4.427416 1.823301 -1.527687 0.788476 0.965873 -0.733507 3.108957 -2.158083 0.120684 0.167542 -0.515501 -0.033630 
-0.930220 7.863972 -0.199531 -3.465517 0.640444 -0.141819 -0.906202 3.038706 -4.662974 -0.128161 -0.429505 -0.279231 -0.569898 
-1.115909 6.136922 -0.784267 -3.075046 -0.183875 -0.646082 -1.018152 1.943105 -4.242896 0.284670 -0.984548 0.197421 -0.008996 
-1.485990 5.493247 -1.654910 -3.761948 -0.843516 -1.003227 -0.962057 1.884916 -3.983247 0.986516 -0.490649 0.630867 0.374858 
-1.109596 6.086385 -2.386262 -4.201788 -0.781395 -1.171749 -0.789251 2.141654 -3.866472 1.688655 -0.793863 -0.057155 0.045529 
-1.403953 4.728699 -1.891350 -3.211910 -0.045480 -0.263752 -1.028472 1.530952 -2.105205 1.734001 -0.946915 -0.122005 0.065444 
-1.445209 4.222466 -1.853207 -2.986530 -0.136618 -0.274625 -0.868505 1.586992 -1.979284 1.652288 -0.625284 0.141014 0.221416 
-1.652668 4.664344 -2.425377 -4.027975 -1.053347 -0.873796 -0.708246 2.347977 -2.543449 1.672418 -0.747049 0.501329 0.030050 
-1.789234 5.306142 -2.789562 -4.300638 -1.279966 -1.340322 -0.610375 2.371090 -2.861757 1.526092 -0.550231 0.406205 -0.151703 
-1.573040 5.714977 -2.771229 -4.275893 -1.011715 -1.454826 -0.775042 2.456559 -3.044233 1.729862 -0.242540 0.179768 -0.328865 
-2.066118 3.588445 -2.646190 -2.699880 -0.356929 -1.146808 -0.759756 1.587526 -1.983118 1.039919 -0.194557 0.491620 -0.207413 
-2.065347 3.475288 -2.637932 -2.688076 -0.231723 -0.944128 -0.675498 1.639476 -1.913582 1.005459 -0.063227 0.641763 -0.132459 
-1.554348 5.382490 -2.786674 -4.444085 -0.753500 -0.995182 -0.583134 2.889215 -3.306378 1.243742 -0.173918 0.939703 -0.329109 
-1.718036 5.702318 -3.123821 -4.364805 -0.557238 -1.172433 -0.600586 2.570652 -3.061034 1.303800 0.255369 0.700076 -0.463398 
-1.374866 5.729741 -3.193449 -3.991980 -0.246095 -1.383466 -0.712957 2.450126 -3.297856 1.183681 0.355933 0.416992 -0.620043 
-1.785819 3.846591 -2.667776 -3.134670 -0.460107 -1.117869 -0.795134 1.812418 -2.557651 1.087343 -0.185569 0.511399 0.017722 
-2.297086 3.340843 -2.639570 -2.502141 0.095542 -1.030551 -1.047469 1.131401 -2.299331 1.072476 0.633731 0.933609 0.390353 
-1.797750 5.208415 -3.897718 -2.165357 1.857070 -1.723713 -1.520319 1.346385 -2.780746 0.552085 1.745054 0.711804 0.107813 
-1.554925 5.505992 -3.076982 -1.286917 2.924946 -1.477526 -2.165719 1.396228 -2.672416 0.254020 1.696862 -0.325425 -0.377190 
-2.652198 3.297264 -0.329746 -0.287640 1.734468 -0.587034 -2.212750 0.944373 -1.452822 0.217853 0.838995 -0.782759 -0.153210 
-3.056104 2.123555 0.282920 -0.145685 1.123172 -0.590064 -1.923803 1.643349 -0.808942 -0.238867 0.620375 -0.984705 0.149594 
-3.541681 1.560564 0.818944 0.268024 1.677947 -0.219669 -2.367449 1.751082 -1.252990 -0.383203 1.333920 -1.714549 -0.124811 
-4.234992 0.973736 0.936547 -0.078403 1.271262 0.243095 -1.681475 1.950254 -0.178019 -0.262371 1.500271 -1.266464 -0.118989 
-3.768250 1.603941 1.174479 -0.681395 0.950308 0.406741 -1.736410 1.987391 -0.387863 -0.198608 0.956682 -0.767350 0.187636 
-3.847234 1.503768 0.578201 -1.046507 1.234517 0.494754 -2.009250 1.596118 -0.449125 -0.410380 0.696836 -1.571415 0.111786 
-3.393681 1.862489 0.530644 -1.508335 1.255742 0.711323 -2.198154 1.692292 -0.727102 0.058487 0.905922 -1.287355 -0.144060 
-3.246244 1.972542 0.463586 -1.567815 1.302789 0.806725 -2.258173 1.470667 -0.879362 -0.078749 0.983453 -0.779719 0.097650 
-3.090906 2.089932 0.241910 -1.892595 1.288794 0.946379 -2.053287 1.552981 -1.416798 -0.017588 1.154666 -0.729729 -0.286730 
-3.014441 1.917154 0.509605 -1.636998 1.268230 0.885610 -2.040434 1.639144 -1.520470 0.036956 1.171515 -0.741953 -0.161272 
-2.857411 1.849690 0.919678 -1.713712 0.991596 0.749679 -2.167090 2.196199 -1.537975 -0.139271 0.917485 -0.673692 0.063871 
-2.867979 1.618354 1.179531 -1.676506 0.769400 0.676319 -2.070634 2.729495 -1.361365 -0.132704 0.671129 -0.857758 -0.033503 
-2.758231 2.081769 1.510175 -1.755593 0.789034 0.733738 -2.297639 2.466202 -1.790287 0.126714 0.845729 -0.746753 -0.132199 
-3.462025 1.927992 1.037584 -1.364127 1.354616 0.753723 -2.350602 1.962873 -0.742148 -0.283873 0.793407 -0.993731 -0.228887 
-3.477402 1.948798 1.112219 -1.382760 1.320037 0.781924 -2.349874 1.995649 -0.801530 -0.259660 0.852103 -0.996931 -0.217248 
-3.083697 1.520660 1.224851 -1.336827 0.954145 0.777622 -1.862041 2.205578 -1.650039 -0.363652 0.974323 -0.799027 -0.153645 
-3.180642 1.627288 1.218009 -1.397954 0.951592 0.748440 -1.919987 2.188485 -1.673882 -0.379390 1.079715 -0.779321 -0.183325 
-2.986422 2.084459 1.287571 -1.680542 0.955442 0.747229 -2.077375 2.452979 -1.645030 -0.251039 1.128628 -0.895574 -0.097253 
-2.801115 1.920896 1.372955 -1.759352 1.058197 0.927378 -2.241667 2.552518 -1.703661 -0.110370 0.952710 -0.908332 -0.135240 
-2.878922 1.831242 1.513550 -1.778063 0.991520 0.951286 -2.267352 2.586729 -1.706876 -0.120291 0.956589 -0.906040 -0.241416 
-3.026709 1.994846 1.408845 -1.609111 1.121517 0.838153 -2.260228 2.480208 -1.403882 -0.081514 1.131196 -0.964059 -0.114561 
-2.982845 2.085433 1.344997 -1.643470 1.067170 0.761613 -2.241497 2.566703 -1.568733 -0.260717 1.134046 -1.045679 -0.218149 
-3.199851 1.886860 1.178981 -1.612052 0.936475 0.641239 -2.160864 2.427735 -1.507797 -0.225348 1.074122 -0.969088 -0.171854 
-3.003284 2.058860 1.268204 -1.640772 1.033800 0.787191 -2.180913 2.538778 -1.367592 -0.038854 1.062982 -0.868111 -0.064588 
-2.706277 2.056115 1.369021 -1.519151 1.084148 0.875511 -2.088559 2.622771 -1.430010 0.065135 0.905604 -0.954348 -0.246055 
-2.705987 2.091660 1.358809 -1.496640 1.018082 0.740808 -2.160910 2.430598 -1.564642 0.089166 0.801431 -0.952968 -0.202734 
-2.853163 2.025352 1.284894 -1.638257 0.905070 0.713659 -2.233404 2.225971 -1.481247 0.013712 0.806295 -0.912732 -0.120536 
