-2.846489 2.000651 1.332326 -1.676105 1.086515 0.929232 -2.160267 2.479682 -1.559456 -0.136914 0.987002 -0.919086 -0.122610 
-2.742384 1.930713 1.300791 -1.675416 0.954447 0.715521 -2.313760 2.465322 -1.546795 -0.100513 0.931266 -0.805985 -0.127139 
-2.878711 1.760397 1.323727 -1.683167 0.928710 0.803430 -2.260420 2.419625 -1.502228 -0.109589 1.043996 -0.951433 -0.150132 
-2.887789 1.928668 1.219325 -1.631131 0.986361 0.751314 -2.154884 2.440365 -1.461180 -0.112567 0.955857 -0.923096 -0.105278 
-2.896748 1.888145 1.319826 -1.662919 0.979491 0.893068 -2.174536 2.415083 -1.440833 -0.050500 0.821036 -0.874251 -0.065349 
-2.922867 1.835689 1.294507 -1.691449 0.905714 0.845243 -2.201262 2.372127 -1.511405 -0.028811 0.819473 -0.811086 -0.096717 
-2.909599 1.853285 1.233312 -1.663663 0.968368 0.829522 -2.208767 2.314017 -1.585135 -0.131988 0.948184 -0.900437 -0.120615 
-2.827989 1.854139 1.223045 -1.649812 0.910833 0.787342 -2.107907 2.426928 -1.485320 -0.098012 0.897589 -0.919740 -0.104864 
-2.780677 1.894013 1.278867 -1.620796 0.934468 0.848578 -2.046330 2.485681 -1.567734 0.003349 0.936155 -0.870680 -0.149013 
-2.826730 1.924986 1.260974 -1.583636 0.912764 0.743630 -2.085992 2.369771 -1.536928 -0.082110 0.929549 -0.875185 -0.136181 
-2.877831 1.890494 1.190861 -1.657876 0.893901 0.736156 -2.094744 2.366365 -1.559095 -0.163099 0.921819 -0.806462 -0.118372 
-2.907672 1.910016 1.262002 -1.784178 0.819145 0.784789 -2.122818 2.442735 -1.617648 -0.187331 0.869465 -0.788650 -0.156353 
-2.890816 1.949647 1.407999 -1.635659 0.962400 0.839778 -2.261840 2.395329 -1.539464 -0.058417 0.879135 -0.914454 -0.150647 
-2.896960 1.974375 1.335363 -1.608597 1.012599 0.795536 -2.225519 2.429126 -1.494033 -0.032784 0.940652 -0.860845 -0.086875 
-2.850279 2.005234 1.333390 -1.604135 1.044265 0.800686 -2.217593 2.403065 -1.474713 -0.083143 0.955741 -0.937110 -0.147662 
-2.866790 1.915547 1.360518 -1.644782 1.030781 0.817322 -2.294652 2.407268 -1.484415 -0.151807 0.868673 -1.003471 -0.180386 
-2.880111 1.831417 1.412826 -1.680169 0.982946 0.854532 -2.305641 2.481956 -1.522043 -0.136844 0.900954 -0.930756 -0.141176 
-2.996204 1.859884 1.297768 -1.730266 0.980014 0.828479 -2.245112 2.397462 -1.599852 -0.206597 0.994980 -0.940991 -0.202618 
-2.948144 2.050699 1.366580 -1.682996 1.064518 0.858875 -2.207409 2.470135 -1.582821 -0.144034 1.041243 -0.903481 -0.159156 
-2.888354 2.018800 1.399556 -1.672729 1.066639 0.863484 -2.210205 2.530653 -1.577381 -0.113696 1.044816 -0.937504 -0.172181 
-2.901867 1.954615 1.406849 -1.682518 1.046476 0.902524 -2.179412 2.599657 -1.518973 -0.116516 1.018871 -0.995091 -0.168699 
-3.002787 1.969370 1.377302 -1.696929 1.040523 0.826039 -2.276716 2.510047 -1.528787 -0.199862 0.991679 -1.013186 -0.169394 
-2.974672 1.882653 1.349946 -1.725995 0.947615 0.798249 -2.326652 2.476825 -1.604648 -0.119533 1.008442 -0.953139 -0.183238 
-2.815571 2.004065 1.358953 -1.659901 1.011001 0.877719 -2.224440 2.553141 -1.560958 0.030714 1.062029 -0.806273 -0.036732 
-2.781747 2.142303 1.341809 -1.609388 1.085699 0.978570 -2.052185 2.501936 -1.502844 -0.030341 0.881664 -0.886204 -0.068552 
-5.654937 0.359940 0.905045 -0.044197 0.049381 0.086444 -1.149275 -0.068258 -0.516174 -0.826312 1.116646 0.454180 0.680842 
-4.557601 2.065742 2.155230 0.706707 1.059072 0.888935 -0.873581 1.062939 -0.571819 -0.291704 0.987727 0.110893 0.616645 
-3.777064 2.676059 1.772082 1.509300 1.670983 0.249856 -0.411662 2.556125 -0.507020 0.365442 0.866760 -0.757141 0.894630 
-3.409758 2.639264 1.396520 1.498724 1.632158 0.133398 -0.468494 1.936136 -0.897905 0.434272 0.534264 -0.840512 0.450447 
-3.410116 2.354627 1.194633 1.478397 1.853037 0.418869 -0.650816 1.463312 -0.865426 0.584714 0.527627 -0.884851 -0.086418 
-3.155753 2.786520 1.243527 0.939930 2.010053 0.730412 -1.013606 1.748350 -0.689159 0.608030 0.865797 -0.954338 -0.124922 
-3.695733 2.700786 1.917346 -0.328172 1.958871 1.460344 -1.724391 2.840497 -0.857067 0.716296 1.930985 -0.652411 -0.159836 
-3.930493 2.910762 2.189225 -1.028140 1.844536 1.488811 -2.553561 3.742562 -1.748837 -0.078289 1.685413 -1.171022 -0.152824 
-4.195335 1.774273 -1.557792 -1.113035 2.518064 0.534748 -1.786844 2.370800 -1.018273 0.725858 3.240528 -0.745503 0.095684 
-4.102009 1.744906 -1.451048 -1.341630 2.316099 0.374135 -2.112369 2.045203 -1.427287 0.104853 2.699112 -1.181550 -0.184160 
-2.833083 2.208853 1.312778 -1.493115 1.168552 0.993476 -2.104604 2.814968 -1.474615 0.163578 1.118879 -0.626727 0.123204 
-2.757361 2.048985 1.291844 -1.473861 1.009677 0.848055 -1.981944 2.600058 -1.474761 -0.071667 0.919412 -0.667799 0.019416 
-3.022814 2.210621 1.626575 -1.717486 1.088496 0.988018 -2.320536 2.640522 -1.588119 0.022987 1.140922 -0.902193 -0.098248 
-2.893703 1.898001 1.402547 -1.619026 1.012097 0.889231 -2.237681 2.493275 -1.540380 -0.038586 1.005857 -1.004912 -0.129456 
-2.860075 1.872407 1.357035 -1.635744 0.989437 0.818025 -2.255338 2.464167 -1.541997 -0.074961 0.901014 -0.982913 -0.159831 
-2.444627 2.921056 0.082098 -1.098655 1.005468 0.283098 -1.199451 2.064011 -1.313628 0.834238 0.666389 -0.360570 0.416919 
-1.096405 5.470264 -0.456432 -2.358887 0.151230 -0.432272 -0.771197 2.368364 -3.095821 1.048003 -0.507202 -0.225540 -0.366574 
-0.941707 5.930809 -0.873384 -3.281261 -0.846955 -0.490594 0.045382 2.240718 -4.275019 1.114491 -0.657801 0.095950 -0.767159 
-1.149874 6.330354 -1.868377 -3.771942 -0.971718 -0.695021 0.097352 1.699448 -3.872030 1.603642 -0.175026 0.162652 -0.324553 
-1.606720 4.558894 -2.195072 -2.942733 -0.434201 -0.571585 -0.312239 1.273580 -2.551151 1.961297 -0.385319 -0.050590 0.000791 
-1.687264 4.306223 -2.184648 -2.889149 -0.213384 -0.360177 -0.382662 1.345394 -2.355779 1.755866 -0.556510 0.136539 0.408606 
-1.789298 4.858488 -2.388611 -3.850343 -0.883969 -0.894346 -0.537429 2.236927 -2.659478 1.329768 -0.301803 0.770786 0.055073 
-1.534496 5.341526 -2.522945 -4.566834 -1.171572 -0.622679 -0.448046 2.317424 -3.040706 1.605216 -0.582176 0.448252 -0.357847 
-1.643964 6.083152 -2.411192 -4.865454 -1.258933 -0.778935 -0.481555 2.523295 -2.884868 1.530324 -0.578812 0.484926 -0.262272 
-1.465401 6.458540 -2.277685 -5.053090 -1.270462 -0.593212 -0.565238 2.104185 -3.265486 1.558071 -0.356685 0.289806 -0.838339 
-1.856028 4.455822 -2.037414 -3.490731 -0.585203 -0.775325 -0.878312 2.237774 -2.060472 1.067745 -0.561684 0.260192 -0.130379 
-2.098090 3.930896 -1.838522 -3.148093 -0.457269 -0.722229 -0.865407 2.246595 -1.866147 1.269821 -0.006908 0.590821 0.353578 
-1.213140 5.782753 -2.885236 -4.642582 -0.246587 -0.564192 -1.005198 2.451273 -3.129426 1.630502 -0.134653 0.810882 -0.188764 
-1.473325 5.684766 -2.859106 -4.571254 -0.032647 -0.383442 -1.162979 1.925604 -2.852934 1.540210 -0.007216 0.907013 0.084318 
-1.645668 4.498879 -2.349188 -2.926990 0.498278 -0.355936 -0.936217 1.641829 -2.080757 1.332584 -0.229558 0.320832 0.405279 
-1.673430 4.148811 -2.150867 -2.643368 0.586881 -0.348541 -1.099609 1.580872 -2.028670 1.501783 0.004786 0.310430 0.423307 
-1.411732 5.461041 -2.743899 -4.175769 0.170383 -0.672464 -1.436861 2.032969 -3.110108 1.561842 0.596475 0.986436 -0.162068 
-1.254774 6.312078 -3.354902 -4.308087 0.985035 -0.775037 -1.804948 1.970320 -3.242886 1.091067 1.171464 1.216538 -0.290669 
-1.879350 4.985227 -1.969623 -3.222212 0.408957 -0.681490 -1.559804 1.497240 -2.845556 1.015287 0.612641 0.544961 0.310272 
-2.175341 4.575180 -1.542865 -2.261936 0.927058 -0.754970 -1.924360 1.004136 -2.673719 0.955922 1.182770 0.413575 0.217711 
-2.221910 4.279682 -1.870616 -1.339819 1.684703 -1.118420 -2.197520 0.711648 -2.439156 0.705984 1.329110 0.099699 -0.181113 
-2.754336 3.071372 -0.680223 -0.322930 1.767613 -0.968832 -2.304897 0.852912 -2.338780 0.477042 1.638456 -0.438688 -0.343990 
-3.268115 2.248710 -0.317678 -0.056453 1.912133 -0.271947 -1.815406 1.247064 -1.390193 0.407044 1.696375 -0.976546 -0.240699 
-3.677749 2.013698 0.099478 0.621157 2.220462 -0.241949 -1.945638 1.466616 -0.388957 -0.177093 1.515634 -1.687052 0.004844 
-4.436551 1.453017 1.057776 0.637753 1.542669 -0.472422 -1.890669 1.708127 -0.295282 -0.167628 1.400158 -1.730119 -0.192637 
-3.708956 1.424341 0.871908 -0.681837 0.939181 0.344026 -1.573625 1.664092 -0.455425 0.071174 0.991858 -1.271982 0.083546 
-3.299347 1.525629 0.895759 -0.912393 1.231263 0.399960 -2.058025 2.146754 -0.399907 0.054107 1.012868 -1.176558 0.379655 
-3.423303 1.970226 1.131455 -1.516469 1.075386 0.648070 -2.150104 2.099300 -1.072588 -0.209925 1.122550 -0.844352 0.084372 
-3.312616 1.794325 1.235162 -1.491333 1.071800 0.820428 -2.211571 2.013718 -1.194586 -0.210409 0.938581 -0.890377 -0.163871 
-3.104028 1.740808 1.283623 -1.518002 1.046288 0.858201 -2.214807 2.132394 -1.305384 -0.170632 0.941350 -0.865484 -0.025146 
-3.011335 1.937482 1.258786 -1.603735 1.107253 0.893286 -2.144012 2.326612 -1.487736 -0.129224 1.102309 -0.785308 -0.071364 
-3.111440 1.980099 1.208322 -1.706120 1.151521 0.942244 -2.207160 2.296218 -1.646728 -0.125695 1.051618 -0.925828 -0.233532 
-3.150879 1.903132 1.214198 -1.832994 0.886508 0.762054 -2.282821 2.369489 -1.612438 -0.134155 0.950768 -0.971768 -0.243212 
-2.958982 2.007404 1.296617 -1.715136 0.974401 0.874752 -2.178488 2.497521 -1.563956 0.029294 1.089798 -0.807176 -0.068040 
-2.789227 2.125240 1.436884 -1.571462 0.991196 0.893712 -2.073613 2.490839 -1.557559 -0.016697 0.876573 -0.929015 -0.081475 
