-2.916510 1.913145 1.394167 -1.793770 1.051128 0.911583 -2.308249 2.544557 -1.549239 -0.112148 1.102888 -0.943331 -0.159929 
-2.950316 1.948437 1.410038 -1.767682 1.099630 0.901356 -2.369097 2.532471 -1.538987 -0.095581 1.105942 -0.934663 -0.037892 
-2.927205 1.956218 1.468818 -1.775957 1.045182 0.947022 -2.246101 2.621653 -1.659086 -0.149689 1.080575 -1.027342 -0.238217 
-2.911299 1.964442 1.363951 -1.710259 1.018151 0.796216 -2.273613 2.673004 -1.570607 -0.228485 1.004834 -1.091595 -0.266194 
-2.948437 1.953065 1.357830 -1.717584 0.957572 0.872276 -2.194739 2.552075 -1.421772 -0.004483 0.985740 -0.859642 -0.049998 
-2.727795 2.048273 1.370848 -1.617287 1.111539 1.001333 -2.100602 2.602043 -1.507067 0.048134 0.842170 -0.953724 -0.202574 
-2.653893 2.019181 1.320026 -1.506431 1.022047 0.781048 -2.179512 2.371536 -1.617260 0.031358 0.761840 -0.910716 -0.119642 
-2.727132 1.958885 1.268221 -1.524566 0.984560 0.737131 -2.159892 2.337304 -1.595578 -0.022887 0.817944 -0.922491 -0.098652 
-3.034844 1.594568 1.180989 -1.582680 0.879292 0.740939 -2.126325 2.233044 -1.420681 -0.132489 1.020475 -0.893655 -0.084274 
-2.960306 1.856381 1.212936 -1.679060 0.943850 0.805134 -2.128104 2.317548 -1.449210 -0.077478 1.046115 -0.932634 -0.147203 
-2.957788 1.942468 1.272552 -1.696234 0.914046 0.819008 -2.090930 2.384958 -1.505791 -0.069007 0.901571 -1.003073 -0.103212 
-2.891699 1.913040 1.182727 -1.677403 0.996999 0.854159 -2.165256 2.309133 -1.568210 -0.070355 0.879433 -0.898901 -0.136115 
-2.900534 1.922812 1.146622 -1.649507 0.968257 0.737954 -2.176231 2.345562 -1.507675 -0.063443 0.977868 -0.905375 -0.150527 
-2.883743 1.967425 1.256479 -1.536721 1.011843 0.774009 -2.162999 2.323934 -1.479975 -0.080972 0.930893 -0.848083 -0.072927 
-2.976019 1.925024 1.113183 -1.400481 1.071400 0.698654 -2.013455 2.232214 -1.480167 -0.259434 1.067560 -0.762651 -0.087179 
-3.129647 1.766458 0.666866 -1.076200 1.350372 0.633666 -1.822015 1.786116 -1.429686 -0.422255 1.373664 -0.936812 -0.150502 
-3.668111 1.546354 -0.076777 -0.503063 1.717879 0.115974 -1.900268 1.257634 -0.571823 -0.495699 1.600710 -1.442937 -0.328216 
-4.508271 0.529212 -0.794123 -0.108638 1.422324 -0.603383 -1.509512 1.351607 0.010750 -0.963492 1.033456 -0.760016 -0.049645 
-4.101377 0.353646 -1.337139 -0.620584 1.006081 -0.416025 -1.087333 1.238045 -0.063529 -0.251549 1.088765 -0.555782 -0.408186 
-4.015728 0.594897 -2.187047 -1.231085 0.944609 -0.311826 -0.649807 1.415128 -0.007976 -0.468927 0.808986 -0.828559 -1.058685 
-4.387194 0.459326 -3.282369 -1.573655 1.414352 -0.297324 -0.549793 1.672090 -0.203138 -0.520433 1.526719 -0.513681 -0.839409 
-0.973468 5.366015 -4.425837 -2.912986 1.680494 -1.370462 -0.743804 2.349901 -2.805136 0.863874 0.874532 -0.375026 -0.583553 
-1.238406 5.357392 -4.361423 -2.978109 1.214208 -1.172603 -0.259178 2.345132 -2.201507 1.263499 0.547304 0.261823 -0.491838 
-1.334755 5.346957 -5.013958 -2.628712 1.352930 -1.442960 -0.039961 2.139806 -1.922225 1.582112 0.646178 0.725667 -0.325454 
-1.600397 4.633109 -4.574588 -2.645051 0.874581 -1.184413 -0.029075 1.689630 -1.925308 1.156700 0.264148 0.690036 -0.370901 
-1.818563 4.458159 -4.383403 -2.798803 0.501561 -1.091074 0.072387 1.633003 -1.762922 1.224563 0.158720 0.600728 -0.306986 
-1.524374 4.450726 -4.247336 -2.756124 0.459478 -1.255689 -0.202957 1.737259 -1.674602 1.608120 0.307331 0.768581 -0.161540 
-0.881746 5.228191 -4.173210 -2.633574 1.117533 -1.373617 -0.446221 2.212883 -2.318580 0.967421 0.285087 0.677254 -0.349508 
-0.991412 5.740317 -3.900860 -2.559181 1.091406 -1.656829 -0.627412 2.163578 -2.419028 0.603927 0.435924 0.604159 -0.083420 
-1.392565 6.010686 -2.801528 -2.217585 1.407922 -1.846918 -1.475780 2.424163 -2.472975 0.858756 1.321585 0.561084 -0.272840 
-1.432140 5.853351 -1.030209 -2.231644 1.704073 -0.719425 -2.269499 2.248196 -2.839349 0.827647 1.002198 0.582961 0.281336 
-2.273305 3.187759 0.882399 -2.058874 0.832997 0.184947 -2.246873 2.952273 -1.548104 0.805262 1.028989 -0.395385 -0.185254 
-2.410047 2.585776 1.022771 -1.987175 0.785911 0.410155 -2.362981 2.353789 -1.894014 0.156961 0.964492 -0.602811 -0.061405 
-2.693103 2.063729 1.189406 -1.752875 0.876519 0.719551 -2.072360 2.579279 -1.434134 0.016765 0.888561 -0.948530 -0.080254 
-2.902613 2.023862 0.969237 -1.900019 0.928349 0.850820 -1.897698 2.468371 -1.487280 -0.111684 0.932476 -0.943542 -0.169646 
-2.615568 2.135230 0.611534 -1.068758 0.973377 0.759182 -1.408995 2.153944 -1.758362 0.173064 0.353184 -0.292743 -0.039286 
-3.798312 2.386416 1.302211 0.921998 0.862381 -0.091559 0.131712 2.195284 -1.424432 -0.463230 1.437818 -0.621032 0.062148 
-5.616042 2.700061 3.040528 2.353029 0.251018 -0.734930 0.958635 2.137966 -1.211702 -0.333171 0.968607 -0.721102 0.428761 
-6.812581 2.411165 3.662025 2.400768 -0.204554 -0.533677 1.002486 1.278451 -1.542787 -0.088589 0.815379 -0.179798 0.412758 
-6.255491 2.452985 3.944775 1.578928 0.145715 0.475317 0.328779 1.272518 -1.734675 0.401222 0.928609 -0.351617 0.062682 
-6.419980 2.829667 4.575486 1.122395 0.415324 1.396426 0.421922 1.968871 -1.690756 0.945667 1.132366 -0.748360 -0.498759 
-3.459399 2.568550 2.228586 -0.349601 0.725365 1.109034 -0.918093 1.926914 -1.478421 1.178897 0.594721 -0.817834 0.189801 
-3.007658 2.751766 1.740166 -0.377409 1.118036 0.912948 -1.179553 2.241499 -1.370639 0.893255 0.736667 -0.752303 0.132565 
-3.916450 2.814349 1.964795 -0.148425 1.125404 0.934355 -0.807885 2.126205 -1.112447 0.781008 0.799147 -0.747544 0.130284 
-3.429157 2.570579 1.394033 -0.612336 0.991736 0.926615 -0.829418 2.004587 -1.246951 0.574541 0.902436 -0.679388 0.217000 
-2.584910 2.424903 1.429352 -0.807271 1.140250 1.047654 -1.264685 2.483725 -1.376733 0.395183 1.143850 -0.638258 0.113874 
-4.042268 2.202405 2.413323 -1.292778 0.577754 1.232419 -1.646535 2.357778 -1.342309 0.420442 1.094409 -0.874901 -0.243391 
-3.549140 1.615510 1.857318 -1.769224 0.340970 1.079495 -1.989975 2.137951 -1.375717 0.224743 0.743876 -0.894329 -0.276636 
-3.489049 1.698175 2.032584 -1.372187 0.220021 1.057393 -1.434764 1.606666 -1.357136 0.055133 0.823076 -1.099719 -0.190644 
-4.122789 1.670991 2.102451 -1.008045 0.469697 0.792810 -1.532001 1.760693 -1.314665 -0.410093 1.033924 -1.021187 -0.210267 
-3.904950 1.542429 1.703979 -1.361871 0.895988 1.096951 -1.978475 1.888286 -1.235886 -0.179492 0.840170 -0.988549 -0.185631 
-3.382024 1.797897 1.521994 -1.596254 0.896084 1.079479 -2.037279 1.997571 -1.448824 0.021283 0.935365 -0.881479 -0.240860 
-2.861436 1.967621 1.348078 -1.747759 1.123559 1.065532 -2.344654 2.369144 -1.461280 -0.004554 0.941191 -1.022829 -0.275109 
-2.998629 2.074475 1.296773 -1.646491 1.152226 0.913481 -2.197473 2.453149 -1.543369 -0.104151 1.008678 -0.881166 -0.273140 
-3.012836 1.911963 1.221141 -1.709589 0.936749 0.741188 -2.214903 2.503641 -1.357830 -0.240076 1.020005 -0.945693 -0.151016 
-3.029359 1.964608 1.333667 -1.658918 0.988155 0.949387 -2.060209 2.443531 -1.475649 -0.028160 0.987926 -0.875577 -0.108877 
-3.128571 1.930463 1.518631 -1.617670 1.007595 1.058811 -2.208784 2.257611 -1.459640 -0.077580 0.923677 -0.698618 -0.212040 
-3.078839 1.907300 1.242434 -1.819291 0.752453 0.861063 -2.063201 2.264791 -1.410782 -0.094351 0.742924 -0.733251 -0.182376 
-2.933070 1.953825 1.043272 -1.801878 0.782107 0.755415 -1.927496 2.257638 -1.421504 -0.033128 0.845241 -0.858050 -0.150596 
-3.004868 1.870273 1.292702 -1.636331 0.932345 0.824293 -2.130671 2.341101 -1.476425 -0.005349 0.918622 -0.887707 -0.162856 
-2.994187 1.908112 1.170237 -1.619805 0.973784 0.811466 -2.039514 2.332070 -1.497113 -0.135941 1.035214 -0.851368 -0.137725 
-2.987768 1.841821 1.139533 -1.620964 0.970230 0.821262 -2.071142 2.248570 -1.489468 -0.167855 1.011000 -0.877561 -0.115076 
-3.065073 1.908235 1.193145 -1.624719 0.984415 0.791178 -2.172824 2.244755 -1.413381 -0.117274 1.021006 -0.942371 -0.142887 
-3.014740 1.873019 1.111980 -1.632361 0.976186 0.774692 -2.102056 2.327270 -1.433576 -0.128210 0.972357 -0.872877 -0.120502 
-2.846018 1.856450 1.178976 -1.546367 0.965075 0.732979 -2.102201 2.420794 -1.439898 -0.053487 0.907755 -0.805186 -0.089026 
-2.957934 2.046295 1.070931 -1.466737 0.893863 0.561506 -1.861931 2.247960 -1.373244 -0.062604 1.035944 -0.966418 -0.159020 
-3.054173 2.040973 1.085421 -1.523452 0.873749 0.535558 -1.962207 2.243557 -1.434219 -0.048366 1.043853 -0.857053 -0.253121 
-2.824294 1.879310 1.063819 -1.650431 0.898929 0.766484 -1.990377 2.226669 -1.602136 0.032495 1.038184 -0.837645 -0.267853 
-4.228507 1.069511 -0.603343 -0.509167 1.390627 0.268087 -1.016106 0.153141 -1.241640 -0.521818 1.654841 -1.381713 -0.854729 
-4.140018 1.053297 -0.748132 -0.571953 1.473787 0.410554 -0.792977 0.391292 -1.298146 -0.744895 1.251054 -1.563273 -0.826653 
-2.921459 1.984339 0.356564 -1.483718 1.417102 0.941859 -1.520000 2.002115 -1.333357 -0.199169 0.567640 -1.237396 -0.115202 
-3.080474 1.780590 0.858384 -1.658379 1.079216 0.730929 -1.935022 2.530921 -1.479337 -0.298744 0.955091 -0.676339 0.060046 
-2.975751 1.876208 1.132865 -1.585474 1.089027 0.882192 -1.952027 2.432436 -1.550633 -0.214313 0.862502 -1.065572 -0.208741 
-2.985646 1.793673 1.320563 -1.680543 1.022624 0.870186 -2.298407 2.363383 -1.571862 -0.205235 0.914774 -1.016977 -0.150756 
-2.956461 2.063030 1.274000 -1.778247 1.047085 0.772282 -2.250796 2.486737 -1.490755 -0.164554 0.987546 -0.902338 -0.111810 
