-2.834975 1.890625 1.379942 -1.754750 0.956747 0.847888 -2.266025 2.571980 -1.537318 -0.047100 0.996235 -0.920129 -0.156337 
-2.948667 1.921588 1.262811 -1.598753 1.062824 0.950693 -2.022051 2.383543 -1.482128 -0.122067 0.955916 -0.933530 -0.179942 
-3.002675 1.902318 1.199419 -1.641225 1.000805 0.792272 -2.103008 2.353164 -1.366599 -0.209750 1.030426 -0.883005 -0.127765 
-2.863925 1.838800 1.238963 -1.632755 0.919802 0.722199 -2.179255 2.363209 -1.460160 -0.178492 1.014227 -0.925202 -0.208180 
-2.924609 1.874304 1.204725 -1.599548 0.957262 0.714642 -2.180669 2.284597 -1.403316 -0.131510 1.087050 -0.942322 -0.134670 
-3.035869 1.857369 1.078480 -1.593337 1.169988 0.874686 -2.173850 2.249916 -1.318029 -0.225733 1.038842 -0.973570 -0.075997 
-2.887058 1.874260 1.296427 -1.744795 0.936716 0.800400 -2.236466 2.439798 -1.524127 0.000023 0.976727 -0.947330 -0.173617 
-2.852038 1.967273 1.344135 -1.602705 1.069170 0.823168 -2.236491 2.460694 -1.527513 -0.139105 0.993144 -0.874580 -0.086048 
-2.811381 1.939618 1.353075 -1.659852 1.042001 0.874592 -2.244756 2.448854 -1.524182 -0.081664 0.944848 -0.928554 -0.084363 
-2.898224 1.874339 1.289210 -1.713623 0.980301 0.795208 -2.266598 2.421720 -1.580042 -0.104589 1.020171 -0.952282 -0.179065 
-2.910513 1.911733 1.353266 -1.686155 1.008211 0.786733 -2.281635 2.450313 -1.617402 -0.118684 1.037508 -0.928409 -0.155620 
-2.903509 1.893764 1.381723 -1.707227 0.986649 0.770563 -2.306492 2.541828 -1.542032 -0.141516 1.065876 -0.929159 -0.172621 
-2.924224 1.914196 1.393973 -1.714763 1.009176 0.834347 -2.233632 2.587881 -1.491439 -0.162350 1.080477 -0.948120 -0.199308 
-2.903714 2.060460 1.476608 -1.691833 1.111678 0.889378 -2.339938 2.577690 -1.441891 -0.071099 0.964194 -0.973052 -0.126033 
-2.891363 1.955671 1.378760 -1.617981 1.003828 0.841068 -2.204774 2.408339 -1.699436 -0.195643 0.876254 -1.033478 -0.249798 
-3.016818 1.659405 1.234302 -1.569264 0.831463 0.685331 -2.183269 2.397835 -1.304571 -0.020245 1.010196 -0.914680 -0.181005 
-3.332220 1.715199 0.878013 -1.402426 0.931054 0.515218 -1.845599 2.264599 -1.216057 -0.497752 1.226948 -0.716832 -0.156192 
-3.892891 1.261496 0.197977 -0.580259 1.198307 -0.037887 -1.459430 1.840490 -0.971702 -0.600483 1.215295 -0.803319 0.011512 
-4.091584 1.146602 -0.700351 -0.147358 1.423333 -0.541795 -1.032489 1.575362 -0.931269 -1.018189 1.337301 -0.845290 0.115983 
-4.435116 0.101985 -1.590160 -0.210402 1.202387 -0.115144 -0.101247 0.890927 -0.762784 -0.772622 1.186858 -0.898429 -0.114791 
-3.561273 0.893432 -1.806970 -0.045378 1.266601 -0.425775 -0.098881 0.894393 -0.759257 -0.242929 1.141677 -0.734259 -0.193166 
-2.108438 4.643913 -3.105558 -2.048295 0.726085 -1.614177 -0.674573 1.816137 -1.596133 1.855176 0.542742 -0.266206 -0.293524 
-1.260026 5.682724 -4.398497 -2.964932 1.164428 -1.156375 -0.516992 1.568875 -2.010285 2.420866 0.500870 0.092016 -0.078976 
-1.266092 5.357174 -4.134263 -3.010653 0.680305 -0.915205 -0.349231 1.370044 -1.978103 2.028486 -0.515934 0.488091 0.416694 
-1.207837 4.787636 -4.314499 -2.069120 0.989732 -1.348634 -0.180771 1.515497 -1.704128 1.915820 -0.267218 0.222671 0.283764 
-1.696334 4.336063 -3.268431 -1.881235 0.938303 -0.933308 -0.367326 1.418638 -1.437710 1.658034 0.131692 0.202313 0.063242 
-2.008383 3.931230 -3.116209 -2.573207 0.046218 -0.806463 -0.421490 1.249597 -1.309349 1.873197 -0.024742 0.631106 0.032928 
-1.626144 3.805936 -3.425933 -2.827750 -0.533157 -1.220826 -0.633032 1.019862 -1.773346 1.982797 -0.416561 1.007842 -0.113057 
-0.972326 5.197711 -3.280462 -2.626971 0.323380 -1.340012 -1.115681 0.999045 -2.268510 1.792837 -0.506048 1.060364 0.297363 
-0.664667 5.947134 -2.883215 -3.018571 0.593644 -1.146025 -1.681184 1.357013 -2.355687 1.054948 -0.635628 1.460805 0.542562 
-2.007200 3.793677 0.694683 -2.035010 0.802340 0.054545 -2.102771 2.454279 -2.048091 1.030237 0.833743 -0.214414 -0.221904 
-2.038087 3.640962 0.955050 -2.087032 0.757685 0.068602 -2.449075 2.393447 -1.768382 1.089782 0.901451 -0.164141 -0.096279 
-2.611949 2.532681 0.550751 -2.235047 0.703842 0.420988 -2.032154 2.298753 -1.637201 0.395619 0.928533 -0.496443 -0.161286 
-2.804106 2.170759 0.977666 -1.912934 0.829645 0.571147 -2.177856 2.268604 -1.626038 0.093225 1.064073 -0.657428 -0.028744 
-2.865211 2.121643 1.199828 -1.849215 0.909202 0.620518 -2.300317 2.542305 -1.500853 0.237361 1.263015 -0.607612 -0.013746 
-2.574221 2.670857 0.324588 -1.074994 1.235256 0.503997 -1.484683 1.761956 -1.557072 0.554874 0.849575 -0.603026 -0.247797 
-4.203836 2.218529 1.286186 1.139842 0.748193 -0.359722 0.249154 1.967361 -1.469443 -0.262442 1.644982 -0.564923 -0.202876 
-6.229745 2.254878 3.171257 2.434103 0.110254 -0.401866 1.166509 1.799639 -1.131925 -0.030442 1.025309 -0.514946 -0.069140 
-6.439948 1.708966 2.830148 1.483468 -0.258345 0.239314 1.230311 1.332703 -1.376754 0.190818 0.667167 -0.782816 -0.492177 
-6.045793 1.932160 3.022704 0.700870 -0.212452 0.621752 0.525722 1.757608 -1.342952 0.523903 0.662883 -0.468641 -0.171601 
-6.585575 2.057215 3.567448 0.115999 -0.439025 0.840257 -0.001496 1.873823 -1.602797 0.547219 0.022581 -0.859821 -0.283412 
-4.364496 2.131793 2.895620 -0.198191 0.332065 1.407230 -0.405866 2.073419 -1.714910 1.071173 0.286145 -0.364621 0.161659 
-2.982419 2.574973 2.214916 -0.454801 1.210062 1.586960 -1.051051 2.621496 -1.460413 1.127555 0.559131 -0.362937 0.498849 
-5.050335 3.545147 4.356800 -0.703239 0.842309 2.533512 -0.954358 2.284951 -2.133404 1.377477 0.839704 -0.350136 0.190479 
-4.187918 2.382141 2.762647 -1.225112 1.014657 2.297708 -1.271935 2.852222 -1.202529 1.552778 1.353192 0.188188 0.397085 
-3.711752 2.373747 2.679703 -1.124225 1.086284 2.045008 -1.502267 2.624810 -1.422395 1.034439 1.190491 0.022104 0.204950 
-3.292494 1.991417 2.164349 -1.331723 0.798260 1.468667 -1.746429 2.035832 -1.561389 0.529177 0.716043 -0.294283 0.438877 
-3.928689 1.848369 2.043808 -1.482668 0.421239 1.107359 -1.875165 1.587145 -1.488381 0.129251 0.384199 -0.282391 0.330850 
-4.208534 1.509995 2.060622 -1.377547 0.383260 0.919102 -1.998250 1.650291 -1.324030 -0.090135 0.553908 -0.464514 -0.154602 
-3.622181 1.390236 1.708520 -1.481840 0.147313 0.717023 -1.745246 2.036700 -1.242124 -0.104931 0.838187 -0.475094 0.031443 
-3.691286 1.538647 1.401355 -1.563764 0.480696 0.707543 -1.833998 2.355669 -1.265721 -0.190754 0.951819 -0.514668 -0.042891 
-3.222298 1.585598 1.390092 -1.581370 0.566905 0.783288 -1.873217 2.276587 -1.420099 -0.168233 0.842429 -0.630309 -0.101920 
-3.006843 1.770946 1.188825 -1.608253 0.650134 0.631875 -1.888426 2.355362 -1.308997 -0.126596 0.738717 -0.658797 -0.085250 
-3.029730 2.014308 1.082849 -1.578944 0.925676 0.495092 -2.245821 2.201161 -1.322897 -0.053617 0.962453 -0.888783 -0.119632 
-2.979697 1.804115 0.965926 -1.551646 1.036375 0.608859 -2.223414 2.067535 -1.513093 -0.168861 1.146978 -0.920390 -0.121599 
-4.910339 1.621628 1.006418 -1.571597 0.491132 0.722141 -1.918578 0.801874 -0.475172 0.141322 0.736302 -0.441673 -0.295811 
-4.896462 1.633084 1.086884 -1.472351 0.491622 0.663958 -1.955266 0.832542 -0.391489 0.176548 0.743309 -0.440449 -0.315258 
-3.189750 1.897281 1.335639 -1.637414 0.936303 0.966401 -2.107469 1.927896 -1.480643 -0.166939 0.942465 -0.918534 -0.162797 
-3.112691 1.950472 1.257585 -1.676868 0.996742 0.848838 -2.080017 2.286021 -1.526911 -0.141498 1.056099 -0.896796 -0.116258 
-3.535758 1.738934 1.157530 -1.519704 0.995439 0.800015 -1.996451 1.991892 -1.356853 -0.003772 1.228842 -1.069327 -0.177890 
-3.236943 1.684519 1.152834 -1.498190 1.026006 0.741218 -2.120619 2.207317 -1.390436 -0.186730 1.042737 -1.118269 -0.093091 
-2.842231 1.891434 1.382471 -1.648210 1.016460 0.807372 -2.259424 2.541467 -1.475197 -0.165220 0.902304 -0.917875 -0.104568 
-2.971380 1.836626 1.221392 -1.548557 1.063532 0.718599 -2.195381 2.412655 -1.242609 -0.024587 0.948156 -1.014806 0.025797 
-3.117827 1.801321 1.239433 -1.560339 1.053377 0.757406 -2.198138 2.444014 -1.129403 -0.031822 0.916922 -0.964958 -0.065570 
-2.995899 1.963936 1.458773 -1.664390 1.061074 0.998166 -2.192611 2.554246 -1.446940 -0.150327 0.915271 -0.887282 -0.157489 
-3.031064 1.794517 1.323205 -1.770911 0.879394 0.880012 -2.210037 2.353965 -1.629257 -0.215120 0.877868 -1.012702 -0.247624 
-2.916686 1.904856 1.302788 -1.694556 0.931591 0.853437 -2.167034 2.448825 -1.572619 -0.024283 0.922020 -0.859332 -0.056180 
-2.810999 2.057545 1.322273 -1.565828 1.033148 0.849973 -2.094414 2.489590 -1.507929 0.050023 0.912133 -0.891150 -0.115164 
-2.751504 2.097607 1.326901 -1.577615 1.050817 0.817924 -2.226882 2.362781 -1.524760 0.014127 0.935797 -0.854026 -0.128777 
-2.755954 1.980374 1.089473 -1.647997 1.006085 0.743683 -2.132346 2.317770 -1.437084 -0.097261 0.905785 -0.861667 -0.124056 
-2.855027 1.800256 0.994589 -1.663808 1.011129 0.772060 -2.095650 2.312548 -1.409407 -0.181124 0.911784 -0.920264 -0.138746 
-2.905693 1.875142 1.255538 -1.618059 0.996819 0.788492 -2.173654 2.407992 -1.460092 -0.109536 0.969774 -0.894202 -0.099935 
-2.888947 1.928854 1.298178 -1.532658 1.049615 0.770067 -2.151155 2.445397 -1.579809 -0.161634 1.001781 -0.852429 -0.147010 
-2.951540 1.972301 1.205974 -1.608069 0.905202 0.647369 -2.077012 2.437853 -1.535838 -0.213587 0.978434 -0.943119 -0.175987 
-2.866992 1.976854 1.207719 -1.654347 0.946176 0.694166 -2.162834 2.469050 -1.515959 -0.079441 0.942928 -0.918414 -0.180418 
