-2.926013 1.891406 1.408372 -1.735335 1.052362 0.876062 -2.319366 2.535084 -1.516917 -0.116556 1.106938 -0.945825 -0.155877 
-2.950767 1.958379 1.355564 -1.769495 1.064921 0.913095 -2.250458 2.505926 -1.544093 -0.130830 1.089127 -0.971534 -0.127046 
-2.947065 1.905691 1.385027 -1.716295 1.058134 0.901158 -2.261596 2.585565 -1.496701 -0.143205 1.030740 -0.977273 -0.167424 
-2.970487 1.872618 1.212072 -1.744823 0.959783 0.774273 -2.258104 2.471290 -1.534538 -0.159709 0.987005 -0.938219 -0.218047 
-2.864589 1.977993 1.297246 -1.633438 1.031842 0.837102 -2.212414 2.516004 -1.459376 -0.048226 1.032031 -0.811505 -0.075034 
-2.732325 2.037714 1.349973 -1.598722 1.023326 0.900055 -2.078736 2.541126 -1.499558 -0.031126 0.841204 -0.895992 -0.088532 
-2.709375 2.045208 1.295955 -1.627520 0.956113 0.771317 -2.113807 2.508765 -1.560632 -0.029403 0.774072 -0.883294 -0.112864 
-2.796048 2.006067 1.238109 -1.635037 0.898696 0.637716 -2.190659 2.434117 -1.525632 -0.038948 0.876712 -0.828274 -0.129238 
-2.884294 1.774950 1.279846 -1.652663 0.919291 0.809353 -2.193428 2.378959 -1.521977 -0.140131 0.976244 -0.862649 -0.167552 
-2.832462 1.830947 1.271484 -1.595025 0.920846 0.743242 -2.156749 2.377430 -1.508339 -0.039324 1.021099 -0.852167 -0.101023 
-2.841650 1.872998 1.222931 -1.642228 0.914316 0.728474 -2.148027 2.388604 -1.528014 -0.072504 0.996782 -0.878612 -0.125069 
-2.863715 1.931473 1.197695 -1.653780 0.970147 0.756477 -2.184205 2.417300 -1.563150 -0.104345 0.879619 -0.890777 -0.088800 
-2.883931 1.927611 1.204135 -1.652219 0.885211 0.656937 -2.193182 2.406294 -1.596079 -0.122418 0.980138 -0.762147 -0.110630 
-3.172748 1.867923 0.900616 -1.356863 0.931753 0.325833 -1.967266 2.255115 -1.415862 -0.340417 1.125054 -0.857847 -0.164424 
-3.412760 1.505193 0.196061 -1.146862 1.137602 0.182786 -1.814355 1.762401 -1.171448 -0.354433 1.342793 -0.704167 -0.119074 
-4.415245 0.435392 -1.258723 0.577290 1.610666 -1.088567 -1.178136 1.042382 -0.154654 -0.651866 2.141219 -1.190723 -0.481348 
-4.698297 -0.570354 -1.762540 0.433406 0.999874 -0.733141 0.126369 1.175548 -0.072976 -0.654600 1.779969 -1.550897 -0.781438 
-4.404011 -0.049475 -2.209967 -0.632798 0.233242 -1.335474 -0.621317 0.751652 -0.534674 -0.176181 1.817483 -0.548599 -0.137778 
-4.063451 0.709901 -2.439485 -1.022436 0.670972 -1.392671 -1.096429 1.189151 -0.336820 0.213565 1.737404 -0.654089 -0.281655 
-1.938739 5.014949 -4.231697 -2.764617 1.001934 -1.312666 -0.534659 1.634615 -1.781957 1.837805 0.893514 0.415770 -0.188565 
-1.654378 5.017433 -4.094435 -2.999564 0.650005 -1.048181 -0.406188 1.334182 -2.053105 1.564635 0.447076 0.284058 -0.358608 
-1.729674 4.096444 -3.306059 -2.518044 0.374928 -0.766249 -0.440778 1.193007 -1.633654 1.674891 0.237849 0.673131 0.112825 
-1.623724 4.336133 -3.546218 -2.646027 0.273510 -0.875842 -0.322423 1.349298 -1.398192 1.861688 0.246411 0.901726 0.184111 
-1.275964 5.532996 -5.443790 -2.844433 0.881293 -1.800784 -0.134188 1.562646 -1.901227 1.908751 0.317654 0.900650 0.272637 
-1.476696 5.226239 -5.039343 -3.027912 0.486475 -1.552169 -0.197028 1.570015 -1.343829 1.943402 0.124677 1.136004 0.087819 
-1.433923 4.739241 -4.368004 -2.964197 0.125066 -1.286833 -0.138598 1.545291 -1.388282 2.024368 0.012553 0.627924 -0.349726 
-1.086866 4.914361 -3.668437 -2.308492 0.615697 -1.496658 -0.765058 1.765488 -1.331960 1.581596 -0.165008 0.569534 -0.132344 
-1.022566 5.154778 -3.378541 -2.153573 1.108174 -1.416124 -1.276568 1.934866 -1.238518 1.461555 -0.033255 0.790518 -0.189439 
-0.915533 6.341640 -2.853546 -2.782164 1.299003 -1.464448 -1.868730 2.178848 -2.405950 1.885025 0.801986 0.783391 -0.478868 
-1.287906 5.600413 -1.372402 -2.370403 1.486421 -0.960407 -2.425230 2.037548 -2.587939 1.395553 1.132405 0.315995 -0.356188 
-2.686679 3.082197 0.514452 -2.135878 0.948763 0.244072 -2.187471 2.459589 -1.421313 0.181902 0.779227 -0.646931 -0.168111 
-2.298716 2.841274 1.140822 -1.972010 0.489704 0.123718 -2.312406 2.540020 -1.694062 0.786812 0.882163 -0.313363 -0.059268 
-2.679053 2.522172 1.066854 -1.723429 0.756310 0.320475 -2.189964 2.299856 -1.355351 0.484732 1.171719 -0.511150 -0.157348 
-2.959163 2.029120 1.109505 -1.502596 1.124771 0.807123 -2.021399 2.215954 -1.447381 -0.296615 0.890111 -0.890074 0.005999 
-2.763741 1.412115 0.412458 -1.156983 0.327728 -0.000642 -1.849620 1.720079 -1.540102 0.312880 0.621408 -0.228833 -0.012995 
-3.937555 2.063808 1.489852 0.614029 0.595339 -0.065753 -0.279648 2.086863 -1.173395 0.124623 1.381195 -0.397992 0.179178 
-5.259426 2.418993 2.799025 1.935676 0.395148 -0.372810 0.539480 1.988477 -1.110219 0.013870 0.919402 -0.576099 0.229269 
-5.079762 2.326827 2.372647 1.363034 -0.171545 -0.262226 0.743166 1.463927 -1.300198 0.793572 0.724500 -0.515107 0.113290 
-5.000053 2.335076 2.621100 0.675977 -0.337658 0.116662 0.381455 1.422696 -1.429948 0.825552 1.278266 -0.478405 -0.058044 
-5.556054 2.291660 3.114699 0.377469 -0.114674 0.753942 0.128184 1.612808 -1.496917 0.660597 0.704971 -0.452342 -0.168725 
-6.269348 1.999046 3.532530 0.447040 0.045752 1.235143 0.197433 1.779948 -1.273914 0.799367 0.729217 -0.402972 -0.263217 
-4.678735 2.082494 2.435472 0.097893 0.341473 0.575582 -0.857102 1.691241 -1.268655 0.501680 0.767666 -0.664791 -0.002511 
-3.904527 2.621214 2.174742 0.122784 0.947145 0.710436 -0.875950 2.170272 -1.253509 0.671950 0.883219 -0.560597 0.147345 
-2.816656 2.668316 2.603209 -0.522881 1.160041 1.639224 -1.252253 2.615424 -1.499298 0.861129 0.637814 -0.341974 0.172145 
-3.153679 2.156126 2.095363 -1.037035 0.793581 1.446642 -1.396856 2.364513 -1.350753 0.883497 0.918954 -0.244720 0.495155 
-3.090933 1.951194 1.628984 -1.288576 0.826255 1.260426 -1.652830 2.253843 -1.298558 0.671035 0.956274 -0.254676 0.378852 
-3.780803 1.911477 2.489709 -1.269059 0.308165 1.332911 -1.398649 2.019675 -1.416942 0.195301 -0.059510 -1.065661 -0.444035 
-3.793443 1.708241 2.217124 -1.009140 0.161633 0.877816 -1.150584 1.842080 -1.404576 -0.178428 0.135478 -1.302026 -0.292578 
-4.542086 1.643010 2.105177 -0.961575 0.269592 0.603938 -1.303558 1.891137 -1.348527 -0.513012 0.800553 -1.000616 -0.004305 
-4.194439 1.524710 1.796354 -0.848802 0.662028 0.478222 -1.688308 1.895255 -1.191599 -0.303904 0.893111 -1.156532 0.050319 
-3.658128 1.714242 1.699503 -1.089344 0.849867 0.795816 -1.849707 1.947556 -1.280496 -0.226755 1.020924 -1.138866 0.093844 
-3.349610 1.793835 1.101936 -1.132234 1.307038 0.593933 -2.147108 2.247364 -0.845415 -0.332226 1.005574 -1.248568 0.228075 
-3.108318 1.809651 1.255705 -1.334109 1.222809 0.745688 -2.222870 2.405664 -1.026488 -0.213749 1.002082 -1.222096 0.057950 
-3.042254 1.865081 1.319256 -1.654158 0.939038 0.785361 -2.303862 2.348528 -1.486623 -0.253153 0.989238 -0.905554 -0.099854 
-2.884362 2.095317 1.266577 -1.578733 1.114331 0.822038 -2.246018 2.324612 -1.502189 -0.075786 1.043684 -0.875616 -0.119638 
-2.717496 2.071610 1.296844 -1.572945 1.067554 0.911580 -2.028280 2.527808 -1.527549 -0.002644 0.825860 -0.905545 -0.100866 
-2.777341 1.844028 1.314214 -1.607601 0.905837 0.954902 -2.059879 2.244900 -1.496515 0.036177 0.856042 -0.865289 -0.131417 
-3.011597 1.621892 1.274074 -1.645539 0.774627 0.820561 -2.159487 2.122386 -1.456058 -0.017277 0.902503 -0.861544 -0.170543 
-3.057771 1.781299 1.256559 -1.676216 0.852743 0.746597 -2.128042 2.331508 -1.423455 -0.207786 0.930679 -0.891807 -0.148626 
-3.439235 1.867402 1.382159 -1.422986 0.718262 0.662034 -1.798154 2.045237 -1.429774 0.036277 0.939473 -0.921126 -0.008502 
-3.409388 1.889400 1.350122 -1.357917 0.749596 0.654814 -1.780000 1.959072 -1.447433 0.094390 0.915087 -0.944757 -0.025293 
-3.260314 1.809692 0.994383 -1.300997 1.038651 0.503613 -2.098927 2.112520 -1.180625 -0.246970 0.893401 -1.067830 0.044535 
-3.316998 1.720383 0.927125 -1.311643 0.941187 0.422990 -1.992975 2.225610 -1.120655 -0.194797 0.935284 -1.007486 0.049910 
-3.010745 1.973143 1.201686 -1.686101 0.835242 0.682693 -2.112911 2.329905 -1.452314 -0.014632 0.943902 -0.897267 -0.158786 
-2.913597 2.081076 1.269771 -1.567711 0.967645 0.678198 -2.155405 2.359588 -1.438280 0.023008 0.911914 -0.808394 -0.126936 
-2.795115 1.741134 1.166768 -1.478034 1.031592 0.770782 -2.163597 2.216582 -1.486479 -0.067189 0.959008 -0.760196 -0.137184 
-2.914841 1.814663 1.151734 -1.531645 0.996548 0.759176 -2.194859 2.048602 -1.452117 -0.071658 1.002054 -0.799476 -0.179861 
-2.915417 1.985743 1.175102 -1.654267 1.043643 0.749102 -2.313857 2.187507 -1.453925 -0.048626 0.988229 -0.817762 -0.091536 
-2.911744 1.792009 1.148750 -1.583574 1.114585 0.858598 -2.166049 2.374857 -1.461935 -0.120644 0.962327 -0.976069 -0.162395 
-2.865562 1.875740 1.235432 -1.621419 1.008057 0.789701 -2.148442 2.432676 -1.530740 -0.058776 0.957691 -0.917214 -0.130055 
-2.912359 1.929830 1.302375 -1.619703 1.027169 0.875745 -2.132871 2.427022 -1.484948 -0.022282 0.969255 -0.873806 -0.138641 
-2.908427 1.957110 1.394527 -1.680593 0.959693 0.903786 -2.159400 2.392575 -1.512931 -0.064459 0.990598 -0.869802 -0.150583 
-2.922709 1.949425 1.497036 -1.685534 0.913918 0.837180 -2.268884 2.425750 -1.498101 -0.116785 0.970258 -0.854842 -0.174909 
-2.938495 2.077308 1.505740 -1.657085 0.991119 0.862112 -2.152190 2.537469 -1.509691 -0.142461 1.009090 -0.814432 -0.078434 
-2.917512 1.972930 1.414576 -1.746834 0.994595 0.802914 -2.310569 2.525006 -1.569895 -0.125842 1.037282 -0.938592 -0.148866 
