-2.905663 1.891205 1.325755 -1.731219 1.027387 0.859049 -2.269696 2.480270 -1.526404 -0.067654 1.108212 -0.909833 -0.114718 
-2.888136 1.958131 1.272346 -1.727002 1.040344 0.877123 -2.188703 2.488484 -1.520435 -0.092491 1.009410 -0.890723 -0.162544 
-2.913563 1.985888 1.191548 -1.682929 1.003798 0.815606 -2.121765 2.458470 -1.442775 -0.051873 0.929891 -0.905161 -0.100120 
-3.003358 1.953904 1.104340 -1.702168 0.986516 0.757588 -2.145923 2.401172 -1.540955 -0.120685 0.850668 -0.891420 -0.089103 
-2.763471 1.976830 1.076996 -1.620789 0.987148 0.702688 -2.123085 2.382437 -1.485341 -0.077361 0.837602 -0.874615 -0.083020 
-2.752559 2.043608 1.072870 -1.524289 1.007968 0.693753 -2.038952 2.358071 -1.436238 -0.088807 0.941352 -0.860559 -0.155873 
-2.824097 2.012235 1.121594 -1.487642 0.966224 0.649843 -2.051421 2.311253 -1.435906 -0.022776 0.862345 -0.841114 -0.015595 
-2.820796 1.840679 1.052520 -1.667972 0.899470 0.698187 -2.088343 2.403379 -1.494948 -0.054968 0.858476 -0.804114 0.121611 
-2.939456 1.951089 1.246701 -1.774204 0.768440 0.669661 -2.034399 2.746895 -1.515393 -0.140242 0.674347 -0.883318 0.007880 
-2.844785 2.001973 1.377557 -1.654288 0.933771 0.771547 -2.208247 2.500604 -1.734958 0.036266 0.820943 -0.909647 -0.218347 
-2.735146 1.963277 1.271894 -1.637376 1.016661 0.810007 -2.257723 2.359365 -1.604090 0.009707 0.903856 -0.846351 -0.070328 
-2.930065 1.994355 0.892854 -1.686039 1.116932 0.777939 -2.085649 2.250023 -1.328012 0.004788 1.002856 -0.875495 -0.059802 
-3.171288 1.947881 0.378111 -1.613222 1.108200 0.552575 -1.815662 1.914621 -1.134999 -0.257365 1.052699 -1.041682 -0.027666 
-3.969395 1.493330 -0.385360 -1.098559 1.188513 -0.268364 -1.469255 2.223372 -0.769147 -0.791164 1.188380 -0.547426 0.058707 
-4.424942 1.189918 -0.372448 -0.299598 1.368045 -0.444002 -1.276289 1.562110 -0.463756 -0.533417 1.251697 -0.882948 -0.053576 
-5.180188 -0.269227 -0.743079 0.089690 1.215606 -0.068956 -0.705257 1.000974 -0.337787 -0.409437 0.902451 -0.853127 -0.431352 
-4.871737 -0.305040 -1.271203 0.050993 1.094601 -0.069116 -0.309813 0.479149 -0.489468 -0.421469 1.219225 -1.140830 -0.473959 
-4.419965 -0.284595 -2.143793 -0.654136 0.859831 -0.334707 -0.346411 0.878623 -0.186842 -0.337574 0.699267 -1.052886 -0.299175 
-2.632219 2.963397 -0.958399 -0.896085 1.447584 -0.586876 -1.277304 2.527506 -0.999063 0.493798 0.826917 -0.311043 -0.462499 
-1.679660 4.615932 -3.382043 -1.458428 1.487801 -1.574649 -0.852337 1.724199 -1.635447 0.897920 0.595686 0.070887 0.135817 
-1.787883 4.051884 -3.482532 -1.851856 0.717755 -1.294637 -0.463786 1.424685 -1.267817 1.461316 0.201361 0.286503 0.029164 
-1.663486 4.140543 -4.456036 -2.675095 0.499049 -1.224580 -0.274248 1.304268 -1.494345 1.786202 0.567943 0.824438 -0.216513 
-1.253137 5.026711 -5.462607 -2.925204 1.207703 -1.908767 -0.614944 2.127351 -1.985833 1.373982 1.007730 0.781679 -0.472750 
-0.687352 5.302426 -4.504354 -1.783675 1.670506 -2.100718 -0.750275 2.240516 -2.273377 1.212308 0.675582 0.375917 -0.339342 
-0.558802 5.594360 -4.165880 -1.343467 1.829206 -2.479145 -1.137440 2.204780 -2.657931 1.726249 0.630380 0.367741 -0.221192 
-0.737180 6.312873 -3.301539 -2.085574 1.602821 -2.157350 -1.705158 2.102414 -2.998899 1.510249 1.082803 0.692908 -0.358519 
-0.582052 6.233205 -1.204112 -2.149108 1.529403 -1.089911 -2.227573 2.492042 -3.139466 1.241639 0.755074 0.556770 0.071960 
-2.264213 3.774330 0.078779 -2.861413 0.867314 0.121775 -2.297136 2.795484 -2.142665 0.927480 1.360536 0.312486 0.141177 
-2.803556 2.434094 0.543943 -2.084675 0.655777 0.071504 -2.464925 2.177585 -1.467556 0.657422 1.132760 -0.439177 -0.059336 
-2.868903 2.200713 0.850537 -1.783062 0.964876 0.652916 -2.123055 2.170747 -1.686579 -0.020940 0.820174 -0.803755 -0.016066 
-2.892871 1.912117 1.059492 -1.544506 0.990123 0.783112 -1.985344 2.256455 -1.426058 0.062344 0.996277 -0.858173 -0.208687 
-2.751409 2.010255 0.740628 -1.669926 0.529572 0.818268 -1.622989 1.989378 -1.797567 0.411233 0.680417 -0.151696 0.456849 
-3.781415 2.824448 1.645585 1.156257 1.073276 -0.093923 0.156687 2.700477 -1.472042 -0.288156 1.652174 -0.147545 0.464367 
-4.839385 2.875228 2.575440 2.139243 0.516798 -0.536819 0.783597 2.075406 -1.499744 0.081264 1.311584 -0.504093 0.363116 
-5.644699 2.525373 3.165818 1.359513 -0.397241 -0.136151 0.704196 1.476903 -1.462366 0.323305 0.814778 -0.192805 0.041577 
-5.226061 2.740890 3.558649 0.344488 -0.506852 0.574674 0.012177 1.451344 -1.550854 0.652120 0.415393 -0.167432 0.029967 
-5.353978 2.505072 3.293550 0.289613 -0.127812 0.847843 -0.154600 1.228089 -1.683912 0.737060 0.737069 -0.431803 -0.169650 
-5.883218 2.657992 3.781824 0.271497 0.010698 1.191382 -0.168387 1.425837 -1.859971 0.420257 0.898724 -0.227786 -0.378877 
-4.295600 2.027931 2.587949 -0.550671 0.222089 1.268573 -0.846824 1.809945 -1.452317 0.702116 0.328133 -0.305805 -0.073725 
-3.446924 2.066035 2.130344 -0.749784 0.676176 1.258475 -1.300763 2.332911 -1.388388 0.929405 0.569898 -0.086161 0.219717 
-4.910450 3.195226 3.954874 -0.009992 0.700444 1.393127 -0.963011 2.383929 -1.854199 1.040604 0.884895 -0.430864 -0.107868 
-4.882329 2.613220 3.573656 -0.652029 0.586954 2.003252 -0.795675 2.315135 -1.943160 1.190203 0.883844 -0.199071 0.130988 
-4.634696 1.778618 2.754730 -1.194094 0.363259 1.893211 -1.096447 1.479771 -1.733637 1.051395 0.671005 -0.451689 -0.080019 
-3.891188 1.911777 1.932530 -2.119306 -0.309710 1.155118 -1.727595 0.940862 -1.925306 0.714274 0.236540 -0.153303 0.193650 
-4.097354 2.175123 2.170415 -1.463533 -0.243315 0.629607 -1.523661 1.477506 -1.860407 0.440541 0.451313 -0.379613 0.129919 
-4.261822 1.800687 2.161132 -1.164043 -0.036218 0.508939 -1.593962 1.812502 -1.519750 -0.041118 0.501393 -0.612137 0.108951 
-3.231164 1.660327 1.474855 -1.474155 0.661049 1.076916 -1.827248 2.255486 -0.910455 0.210675 1.076977 -0.617567 -0.071071 
-2.825277 1.897626 1.553078 -1.281991 0.888811 0.778981 -2.082042 2.332270 -1.413139 0.036318 0.813842 -0.831355 -0.130526 
-2.744617 1.864680 1.460073 -1.376135 0.977866 0.788467 -2.207922 2.371507 -1.474054 -0.144636 0.766191 -0.848107 -0.053030 
-2.736412 1.817721 0.987421 -1.661796 1.088361 0.784804 -2.236511 2.248790 -1.384058 -0.159520 0.992544 -0.938692 -0.126454 
-3.456301 1.622786 1.252366 -1.720325 0.796785 1.009568 -2.097163 2.026755 -1.144602 -0.163398 0.762485 -0.652088 -0.237312 
-3.263812 1.639657 1.372281 -1.752318 0.713324 0.973346 -2.120313 2.146718 -1.299950 -0.107009 0.714755 -0.634832 -0.325620 
-3.017500 1.875158 1.200422 -1.625957 1.002061 0.821868 -2.199171 2.362182 -1.239896 -0.162800 0.784872 -0.826821 -0.133853 
-3.115773 1.887781 1.064924 -1.659093 1.021373 0.736669 -2.171386 2.381133 -1.271039 -0.107968 0.818733 -0.893045 -0.047048 
-3.083063 1.857507 1.172981 -1.705517 0.870534 0.837255 -2.164848 2.155302 -1.317861 -0.019715 0.959513 -0.715343 -0.058239 
-3.051971 2.026308 1.324292 -1.480728 1.006167 0.855424 -2.114854 2.124239 -1.365242 -0.034782 0.796707 -0.768873 -0.082467 
-2.890480 2.107991 1.221566 -1.546611 1.008368 0.811534 -2.046391 2.217994 -1.482767 -0.120179 0.729530 -0.883978 -0.118436 
-2.708776 1.914243 1.116263 -1.781557 0.798710 0.705782 -2.121383 2.391243 -1.410549 0.025952 0.789915 -0.923517 -0.162774 
-2.801740 1.967004 1.166230 -1.566758 0.992634 0.695028 -2.237487 2.251445 -1.208322 0.111590 0.971100 -1.069982 -0.215854 
-3.005115 1.726287 0.921429 -1.449090 0.970881 0.599457 -2.026097 2.126349 -1.430192 -0.165443 0.865705 -0.952814 -0.119399 
-3.000887 1.739271 0.900687 -1.544349 0.941162 0.604587 -2.030255 2.214050 -1.449084 -0.132657 0.895460 -0.889990 -0.074249 
-2.857009 1.987486 1.218259 -1.662217 0.944584 0.698710 -2.203381 2.392309 -1.523899 -0.009955 0.990189 -0.839929 -0.104278 
-2.817489 2.063519 1.313729 -1.629614 0.961541 0.705973 -2.184460 2.418462 -1.545281 -0.128444 0.944198 -0.984582 -0.176758 
-2.820148 1.874342 1.261941 -1.658561 0.923737 0.693533 -2.146586 2.468978 -1.623383 -0.172674 0.919277 -0.940815 -0.158721 
-2.949131 1.841727 1.236598 -1.774095 0.983545 0.821587 -2.196042 2.464467 -1.548751 -0.176828 1.054691 -1.005045 -0.192690 
-3.088475 1.852760 1.390982 -1.781052 0.937002 0.799417 -2.290451 2.511919 -1.536369 -0.116022 1.118764 -0.965245 -0.176876 
-2.979692 2.009521 1.435053 -1.723495 1.054108 0.889770 -2.246799 2.562552 -1.583859 -0.099943 1.006586 -0.915673 -0.077955 
-2.916931 2.023231 1.351382 -1.791526 1.009309 0.812538 -2.287906 2.491026 -1.535195 -0.166083 0.960348 -0.961322 -0.133029 
-2.989528 2.012685 1.420976 -1.803228 0.956886 0.853351 -2.261891 2.524896 -1.535805 -0.183516 1.007904 -1.002808 -0.105564 
-3.026186 2.096693 1.544724 -1.807282 0.926219 0.859430 -2.296246 2.574250 -1.628536 -0.159642 1.013951 -1.013349 -0.160682 
-3.016284 1.994359 1.315982 -1.742284 1.023879 0.826820 -2.354705 2.472600 -1.538036 -0.092806 1.065517 -0.926633 -0.087241 
-2.978099 2.120871 1.436571 -1.629074 1.061924 0.855934 -2.267654 2.527591 -1.498402 0.019499 0.994469 -0.893325 -0.124519 
-2.745984 2.089865 1.316926 -1.648784 1.009978 0.934302 -2.065468 2.435698 -1.694734 -0.120332 0.764970 -0.857222 -0.106532 
-2.796541 2.051752 1.259465 -1.745864 0.813111 0.800909 -2.075728 2.311379 -1.609386 -0.096507 0.801579 -0.835988 -0.077955 
-2.858060 1.948930 1.261063 -1.820271 0.786565 0.834675 -2.115907 2.305792 -1.504683 0.015102 0.856205 -0.825747 -0.063994 
