-2.951127 1.934619 1.337658 -1.754292 1.093702 0.892180 -2.279749 2.516055 -1.551496 -0.128933 1.144071 -0.941978 -0.120092 
-2.935208 1.914110 1.179181 -1.756053 1.119438 0.903178 -2.214121 2.424729 -1.517358 -0.122922 1.088135 -0.959415 -0.141693 
-2.936546 1.898942 1.207707 -1.649922 1.117484 0.745182 -2.324575 2.457986 -1.483915 -0.119329 1.099550 -1.094685 -0.270453 
-2.910285 2.007262 1.345827 -1.667788 1.157401 0.975007 -2.254269 2.481638 -1.546469 0.000129 1.083552 -0.904541 -0.130089 
-2.763993 2.111333 1.377083 -1.585477 1.094862 0.873837 -2.158062 2.576123 -1.472459 -0.016529 0.911029 -0.931740 -0.181026 
-2.756092 2.098115 1.372549 -1.550470 0.922566 0.700316 -2.168567 2.388422 -1.553173 0.040538 0.869709 -0.917810 -0.146528 
-2.868200 1.992038 1.265847 -1.578360 0.892243 0.665557 -2.123553 2.326286 -1.565284 -0.031178 0.903749 -0.864115 -0.118054 
-2.959870 1.775322 1.179146 -1.628611 0.924096 0.782392 -2.085346 2.301961 -1.493001 -0.122303 0.944681 -0.805062 -0.105218 
-2.833201 1.897135 1.223804 -1.650205 1.006524 0.827748 -2.161936 2.366983 -1.558863 -0.076571 0.978232 -0.843132 -0.132359 
-2.977974 1.946879 1.222683 -1.651952 0.930486 0.730761 -2.136066 2.376420 -1.481637 -0.163811 1.023630 -0.902901 -0.147647 
-3.002379 1.978626 1.175256 -1.676736 0.958705 0.704948 -2.180717 2.377672 -1.553695 -0.124233 1.015554 -0.877937 -0.092176 
-2.951107 1.857741 1.175578 -1.694227 0.907366 0.687207 -2.209648 2.387063 -1.634662 -0.031572 1.048814 -0.896778 -0.150682 
-2.858669 1.865291 1.151803 -1.638004 0.901296 0.752209 -2.061304 2.414664 -1.549787 -0.099366 1.002578 -0.833469 -0.083136 
-2.836448 1.961622 1.223916 -1.568591 0.956734 0.735162 -2.105645 2.341394 -1.486240 -0.047248 1.003240 -0.754329 -0.065758 
-2.863722 1.896230 1.210439 -1.628302 0.884256 0.717416 -2.063402 2.358591 -1.493190 -0.079254 0.892633 -0.924813 -0.213311 
-2.973025 1.844955 1.122464 -1.637634 0.932296 0.767622 -2.021095 2.260356 -1.504982 -0.165681 0.986666 -0.925090 -0.213176 
-3.292319 1.633451 0.740571 -1.460731 1.179618 0.670878 -2.089700 1.855997 -1.721386 -0.227546 1.300625 -0.565121 -0.157770 
-3.786314 1.050184 0.091377 -1.258924 1.021755 0.784331 -1.192989 1.260832 -1.412127 -0.124601 1.133604 -0.712317 -0.178186 
-4.668810 0.459554 -0.435435 -0.747236 0.903559 0.352285 -1.172566 0.564061 -0.535302 -0.933206 0.689561 -0.411476 -0.133242 
-4.699282 0.345558 -1.905665 -1.149898 0.016082 -0.822248 -0.364717 1.173751 0.288495 -0.387613 0.986442 -0.379116 -0.917835 
-4.625253 0.350127 -2.705460 -1.280750 0.401633 -0.682868 0.016590 1.415415 0.130825 0.168714 1.512300 -0.450709 -0.786415 
-1.343508 4.620511 -3.418487 -2.850719 0.669827 -0.604981 -0.273372 1.650320 -2.126030 0.775114 -0.197029 0.640939 -0.249891 
-1.125698 5.194238 -3.769190 -3.118965 0.542551 -0.756109 -0.000332 1.992131 -2.045024 1.275533 -0.040695 0.766101 -0.358987 
-1.203750 5.015206 -4.616034 -2.985478 0.758837 -0.731373 0.237985 1.572601 -1.636660 1.995952 -0.141301 0.653785 -0.204020 
-1.569007 4.647141 -3.820572 -3.035893 0.565231 -0.559801 -0.149475 1.414585 -1.708840 1.756560 0.106248 0.486694 -0.259989 
-1.766109 4.174856 -4.275281 -3.048807 0.457605 -0.550291 0.214710 1.433780 -1.403019 1.623554 0.044205 0.340675 -0.015727 
-1.724878 4.350821 -4.575943 -3.031795 0.201706 -0.739488 0.397554 1.145348 -1.604859 1.930950 -0.219965 0.572587 0.282728 
-1.586997 4.938900 -5.067016 -3.300910 0.717648 -0.624398 0.120089 1.017708 -1.596745 1.506988 -0.328759 0.818426 0.387178 
-1.708586 4.872841 -5.481196 -3.077636 1.005458 -1.016244 -0.039907 1.085618 -1.618369 1.175889 -0.084340 0.838396 0.033371 
-1.840824 4.765979 -4.875005 -2.786575 0.848201 -1.248036 0.112420 1.714107 -1.625929 1.416160 0.391725 0.874577 0.087093 
-1.456531 4.987350 -3.304407 -2.959797 0.568655 -1.040717 -0.799240 1.698172 -2.419698 1.411028 0.125106 1.060615 -0.063916 
-1.223105 6.484720 -2.492183 -3.337490 1.412366 -0.654355 -1.734244 1.973289 -3.033088 1.064826 0.616175 0.970294 -0.136519 
-2.276316 4.037074 0.793537 -1.629307 1.471442 0.670553 -1.368784 3.303531 -1.452997 1.145417 1.336387 -0.125141 -0.036076 
-2.980147 2.317266 0.361439 -2.099883 0.912613 0.688507 -1.750545 2.397548 -1.445607 0.439360 1.320334 -0.423550 -0.193603 
-3.073739 1.920505 0.660974 -1.649656 1.294250 1.113984 -1.693434 2.247723 -1.510473 0.075666 1.315284 -0.615519 -0.223157 
-2.868171 2.171618 1.132528 -1.858285 0.939406 0.844770 -2.068230 2.605565 -1.593801 0.181942 1.057754 -0.818206 -0.281787 
-4.262314 1.594794 -0.686285 0.360577 2.884825 1.005963 -0.522630 1.887083 -0.391956 -0.455162 1.101530 -0.760833 0.179581 
-4.328412 1.939141 0.912610 2.015849 1.997550 -0.208101 0.242880 2.531836 -0.925094 -0.340932 1.191857 -0.701125 0.241319 
-5.247714 2.286144 2.555898 2.405817 0.570633 -0.681880 0.688320 2.175225 -0.965765 -0.010836 1.158569 -0.654559 0.179259 
-5.532094 2.352075 2.549911 1.896029 -0.229271 -0.552763 1.282089 1.678138 -1.090907 0.613774 1.056908 -0.609811 -0.053986 
-5.272807 2.777991 2.815358 1.180857 -0.217951 0.050564 1.022755 1.605289 -1.492474 0.981328 1.058002 -0.661263 -0.064653 
-6.331296 3.080284 4.255133 1.228065 -0.051649 0.587993 0.592522 1.834207 -1.738828 0.779517 0.987900 -0.631220 -0.300882 
-7.690381 2.646408 4.725163 1.677291 0.815540 1.403624 0.448361 1.876595 -1.488433 1.195460 1.488964 -0.570376 -0.372301 
-3.230661 2.430863 2.250735 -0.690730 0.466128 1.047045 -1.170160 2.187215 -1.729242 0.682883 1.005098 -0.606571 -0.305934 
-2.766924 2.666901 1.952218 -0.977262 0.795604 1.080002 -1.489589 2.413561 -1.693488 0.705040 0.825788 -0.473939 -0.142359 
-3.534388 2.698423 2.806766 -0.384306 0.820024 1.363171 -0.950747 2.328740 -1.880294 0.873230 0.855620 -0.681139 -0.032113 
-3.309038 2.352554 2.140456 -0.777675 0.903055 1.324195 -1.276827 2.128842 -1.451579 0.488523 0.731602 -0.616765 0.004782 
-2.914354 2.507545 1.852211 -0.896536 1.180713 1.206954 -1.553070 2.404113 -1.435786 0.224230 0.845798 -0.614196 -0.073380 
-3.852718 1.686653 2.064342 -1.275396 0.153317 0.803161 -1.302157 1.994841 -1.062555 0.080532 1.295146 -0.428953 0.040682 
-4.581819 1.382058 2.008795 -1.125155 0.073853 0.654947 -1.325500 1.614841 -0.863281 -0.059421 1.164055 -0.297557 -0.008373 
-4.727575 1.609859 2.096003 -1.283679 0.318719 0.820210 -1.675943 2.166936 -0.759340 0.053409 0.907182 -0.258127 0.223743 
-3.753677 1.639613 1.523354 -1.038648 0.837255 0.505077 -1.952881 2.339751 -0.991685 -0.234480 1.164357 -0.741408 -0.051889 
-3.533547 1.933443 1.332141 -1.259856 1.187897 0.772138 -2.214621 2.107666 -1.047976 -0.223278 0.885891 -1.127550 0.104773 
-3.107791 1.864939 1.192593 -1.475714 1.122899 0.752173 -2.272789 2.305214 -1.236657 -0.111516 0.895411 -1.071804 0.036346 
-2.919631 1.915741 1.242608 -1.484162 1.100269 0.749570 -2.187407 2.441505 -1.260188 0.049033 1.061065 -1.000648 -0.079796 
-2.813946 2.102191 1.322127 -1.523404 1.090055 0.780382 -2.163850 2.430462 -1.643587 -0.044078 0.962812 -0.868451 -0.133570 
-2.714740 2.027149 1.186164 -1.660652 0.961382 0.797745 -2.119616 2.331698 -1.658520 -0.022895 0.827217 -0.815450 -0.111314 
-2.976882 1.835710 1.028941 -1.825325 0.826622 0.796959 -2.062893 2.259397 -1.436212 -0.064065 0.843549 -0.809904 -0.112282 
-2.957105 1.898362 1.205799 -1.637674 0.972092 0.799580 -2.143069 2.347077 -1.435696 -0.133602 0.963052 -0.886657 -0.146456 
-2.965036 1.908896 1.240490 -1.615839 0.973559 0.800849 -2.102674 2.429454 -1.443095 -0.116372 0.989891 -0.896032 -0.098692 
-2.852425 1.968231 1.198211 -1.732823 0.965839 0.811682 -2.170551 2.434074 -1.549903 -0.078934 0.903873 -0.904166 -0.169461 
-2.902120 1.918272 1.191120 -1.737020 0.919921 0.738060 -2.217915 2.394521 -1.592665 -0.075455 0.901929 -0.913499 -0.192103 
-2.944838 1.919729 1.155210 -1.688885 0.941710 0.768039 -2.157068 2.320296 -1.513473 -0.084481 0.957514 -0.919223 -0.110686 
-2.902036 1.929350 1.242182 -1.626263 1.000556 0.839781 -2.060997 2.498814 -1.576019 -0.090020 0.939688 -0.868723 -0.132867 
-2.804655 1.887781 1.187401 -1.614226 0.917979 0.755864 -2.067318 2.370988 -1.519175 -0.048365 0.973326 -0.815875 -0.121594 
-2.830807 2.037267 1.038669 -1.757633 0.887259 0.807147 -1.881574 2.315661 -1.599875 -0.178862 0.948542 -0.908274 -0.055317 
-2.916581 2.003080 1.210734 -1.630820 0.893264 0.706057 -1.990859 2.419878 -1.570497 -0.272433 0.859815 -0.880489 -0.083120 
-2.884206 2.052551 1.319411 -1.709967 0.865345 0.707662 -2.169694 2.474122 -1.536305 -0.202306 0.903683 -0.906589 -0.131484 
-2.769820 1.952454 1.356532 -1.683869 0.940448 0.820342 -2.223074 2.408374 -1.619933 -0.054490 0.927211 -0.894673 -0.122525 
-4.508823 1.090106 1.613385 -1.417081 0.027773 1.212431 -1.212115 0.829405 -1.382839 -0.414970 0.735340 -0.045295 -0.094067 
-4.772255 1.035964 1.619706 -1.422864 0.075824 1.370479 -1.083612 0.832977 -1.369497 -0.362210 0.794867 0.031045 -0.023615 
-3.382990 1.644719 1.556967 -1.606360 0.947699 1.186147 -2.183163 2.013195 -1.062686 0.103114 0.645138 -0.843861 -0.119192 
-3.136345 1.775549 1.359897 -1.552064 0.969614 0.846033 -2.082038 2.323199 -1.317405 -0.188712 1.010588 -0.989602 -0.270559 
-2.928008 1.867417 1.368885 -1.702035 0.916681 0.746448 -2.271987 2.430044 -1.565840 -0.196582 1.013776 -0.803651 -0.180245 
-2.978674 1.865172 1.259190 -1.672502 1.042917 0.722620 -2.303794 2.453896 -1.515271 -0.199898 1.086977 -0.902544 -0.128151 
