-2.924715 1.868032 1.355947 -1.715271 0.994658 0.829982 -2.282317 2.535264 -1.535889 -0.106760 1.085763 -0.919663 -0.092756 
-2.807050 1.935136 1.405416 -1.628808 1.059053 0.943577 -2.178345 2.539555 -1.546185 -0.037463 0.968359 -0.949743 -0.192379 
-2.787837 1.930375 1.196427 -1.613616 0.977909 0.725475 -2.184812 2.297179 -1.540510 -0.176231 0.936154 -0.891828 -0.131823 
-2.890591 1.819190 1.089569 -1.652220 0.921422 0.718213 -2.090194 2.300438 -1.425312 -0.162200 0.944335 -0.933037 -0.139920 
-2.912895 1.893247 1.234233 -1.727288 0.896532 0.679274 -2.205536 2.463607 -1.532216 -0.108064 0.963976 -0.866527 -0.122661 
-2.866565 1.947194 1.242308 -1.637879 0.980253 0.781013 -2.131397 2.412012 -1.535563 -0.151612 0.974383 -0.892679 -0.102045 
-2.888759 1.951962 1.279951 -1.598404 0.933104 0.690785 -2.193804 2.387602 -1.523704 -0.104120 0.978568 -0.899804 -0.128164 
-2.852569 1.925475 1.184636 -1.671606 0.922149 0.672983 -2.240287 2.386541 -1.593769 -0.021220 0.929357 -0.841164 -0.123764 
-2.864630 1.945419 1.135345 -1.664288 0.933147 0.675184 -2.204865 2.323720 -1.597541 -0.105416 0.927421 -0.852234 -0.113786 
-2.826807 2.032701 1.194376 -1.562120 0.981653 0.667507 -2.153898 2.334179 -1.510343 -0.077881 0.924921 -0.829427 -0.032784 
-2.738972 1.975177 1.208463 -1.546310 0.963047 0.677185 -2.108926 2.391912 -1.488068 -0.014914 0.949045 -0.779927 -0.094650 
-2.823964 2.004525 1.132044 -1.618146 0.979291 0.719720 -2.075807 2.355141 -1.504566 -0.183716 0.906418 -0.875878 -0.114991 
-2.888076 1.995440 1.162258 -1.670363 1.020798 0.748225 -2.220237 2.238937 -1.638304 -0.296155 0.825761 -0.861072 -0.035455 
-2.995341 2.088614 0.892007 -1.736094 1.093006 0.678170 -2.117211 2.295388 -1.433364 -0.211776 1.087554 -0.821435 -0.213207 
-4.159226 1.541288 -0.377967 -0.387905 1.358072 -0.382138 -1.107870 1.489622 -1.237552 -1.070218 2.189818 -0.786752 -0.449318 
-5.337673 -0.560741 -2.439806 1.160780 1.697172 -1.273184 -0.153481 0.391783 -0.291388 -1.012659 2.461802 -1.771892 -1.230812 
-5.420102 -0.557744 -2.771663 0.936655 1.501683 -1.122367 0.634745 0.855874 -0.179670 -0.764252 1.948680 -1.676659 -1.348557 
-4.902600 0.172019 -2.024657 -0.148450 0.321461 -1.221698 0.601456 1.620202 -0.711872 0.047826 1.314331 -1.142881 -0.839221 
-3.759011 1.958284 -1.800164 -1.100746 0.796111 -0.587790 -0.108549 1.707486 -1.572743 0.469818 1.855838 -0.488660 -0.127785 
-2.170749 4.524337 -3.924147 -3.082662 0.750379 -1.115122 -0.788825 1.630021 -1.848005 1.428829 0.590511 0.308159 0.246119 
-2.517223 2.622140 -2.389410 -1.656484 -0.085358 -0.785550 -0.333132 0.878296 -1.019686 1.166076 0.100423 0.431795 0.249051 
-2.201580 3.044010 -2.675173 -1.933450 -0.193237 -0.905122 -0.306421 0.935634 -1.005128 1.446172 0.201236 0.578384 0.098283 
-1.459033 5.012052 -4.805274 -2.931267 0.751479 -1.688669 -0.462927 1.787032 -1.873011 1.428257 0.685989 0.775620 -0.110705 
-1.693182 4.924540 -5.135080 -2.780254 0.936901 -1.862683 -0.366586 2.102312 -1.879874 1.137825 0.426521 0.864692 -0.162749 
-1.943542 3.883318 -3.915607 -1.814749 0.947944 -1.203719 -0.560313 1.241562 -1.172720 1.089038 -0.088269 0.732157 0.123931 
-2.146840 3.682624 -3.442577 -1.889760 0.786835 -0.902174 -0.429265 1.402661 -0.959306 1.481400 0.069201 0.609597 0.141778 
-1.942495 4.108823 -3.001501 -2.255100 0.071151 -1.158311 -0.390354 1.405437 -1.518887 1.469123 0.176614 0.825899 -0.040010 
-1.514746 4.917014 -3.457966 -2.348107 0.471354 -1.584131 -0.933271 1.352831 -1.878059 1.174559 0.432136 1.261340 -0.215536 
-1.162770 5.383802 -2.392157 -2.399383 1.153610 -1.230015 -1.930468 2.024172 -1.898203 1.096695 0.906096 1.324798 -0.596970 
-1.284945 6.783445 -0.628381 -2.281828 1.879307 -0.516482 -2.048344 2.540160 -2.804662 1.169448 1.822497 0.613810 -0.418523 
-2.317224 3.248971 0.709121 -2.091705 1.102037 0.664982 -1.942655 2.493656 -2.061912 0.542452 0.940245 -0.237136 -0.193098 
-2.542053 2.716798 1.002997 -1.816866 1.075080 0.606037 -2.158656 2.553418 -1.386208 0.494105 1.097189 -0.545405 -0.114436 
-2.903365 2.256344 0.860862 -1.829287 1.037150 0.679770 -1.973498 2.643147 -1.093336 0.352355 1.074012 -0.795698 -0.229477 
-2.868940 2.155788 1.204516 -1.595094 1.018637 0.650038 -2.127581 2.522249 -1.405548 -0.007389 0.894535 -0.885000 -0.165546 
-3.461346 2.325830 -0.566513 -1.046698 1.794731 0.480402 -1.514971 1.616158 -0.584379 0.139984 0.788765 -0.867088 -0.043895 
-3.721458 2.216263 1.241854 0.318686 1.335101 0.556454 -0.631692 2.061404 -1.167673 0.710487 1.100242 -0.977349 0.146213 
-4.252704 2.914918 3.061551 1.361789 0.866638 0.426528 -0.068706 2.370881 -1.755100 0.511998 0.966437 -0.909571 0.141029 
-4.153708 2.952624 2.717597 1.346615 0.846470 0.160504 -0.263687 2.064080 -1.642292 0.782001 1.070978 -1.165167 -0.252971 
-4.226408 2.553041 2.325808 0.657099 0.646465 0.326530 -0.358916 1.985765 -1.286998 0.841847 1.105845 -0.917479 -0.327236 
-4.958214 2.780471 3.509333 0.436720 0.389414 1.116436 -0.033672 2.234727 -1.726242 0.490952 0.939613 -0.667100 -0.323966 
-5.651913 2.478171 4.207620 0.545390 0.757603 1.522492 -0.761349 2.230795 -1.432404 1.110748 1.530824 -0.500165 -0.760005 
-3.157543 2.979672 1.795794 -0.556561 1.492249 1.169288 -1.396797 2.760535 -1.213434 0.392502 0.955525 -0.678077 0.105742 
-3.209485 2.875443 2.015657 -0.538910 1.365335 1.313779 -1.297061 2.612382 -1.238280 0.525050 0.754100 -0.470647 0.069976 
-3.326940 2.920138 2.467552 -0.563577 1.095935 1.539471 -1.072570 2.574732 -1.326246 0.689651 0.882671 -0.120504 0.093150 
-4.957726 3.201888 4.203632 -0.140726 1.081342 1.777740 -1.364473 2.531275 -1.575747 1.344528 1.564415 -0.363614 -0.710881 
-3.259753 2.434658 2.202480 -0.809402 1.165837 1.386399 -1.557478 2.633718 -1.159450 0.742995 1.127341 -0.493806 -0.223335 
-2.886869 2.070948 2.047451 -0.971110 1.042506 1.297930 -1.708390 2.770851 -1.199251 0.786040 1.342860 -0.458477 0.027379 
-4.243073 2.133171 2.588298 -0.828930 0.722212 1.068695 -1.656805 1.710802 -1.765570 0.185976 0.651742 -0.938713 -0.062962 
-4.951435 1.951038 2.776124 -0.734375 0.355795 1.170818 -1.299067 1.297837 -1.603350 0.093490 0.309475 -0.699656 0.009369 
-4.900420 1.910507 2.992365 -1.065016 0.238957 1.350610 -1.511424 1.587871 -1.654577 -0.001544 0.556634 -0.485038 0.057009 
-3.779480 2.063027 2.148681 -1.540556 0.603568 1.134378 -2.127356 1.933111 -1.376420 -0.049885 0.745587 -0.691947 0.062697 
-3.781015 1.739136 1.107950 -1.321630 0.958926 0.841352 -1.618134 2.181340 -1.053360 -0.104329 0.715268 -0.746074 0.243924 
-3.440391 1.624812 1.122475 -1.309510 0.903452 0.752054 -1.878357 2.001602 -1.155057 -0.049546 0.625038 -0.859230 0.072465 
-3.317843 1.862732 0.875145 -1.505530 0.971757 0.600916 -1.999560 1.999993 -1.241449 -0.179390 0.817665 -1.095028 -0.052066 
-3.044276 1.882365 0.871060 -1.711253 1.099729 0.878524 -1.966768 2.241604 -1.508425 -0.190749 0.964941 -0.883801 0.064224 
-2.922775 1.847977 0.989859 -1.704430 0.988449 0.830024 -1.979946 2.318516 -1.567589 -0.197322 1.079890 -0.747409 -0.000913 
-2.977386 2.023396 1.223465 -1.658517 1.009543 0.774139 -2.171283 2.353876 -1.449028 -0.085699 0.963537 -0.894772 -0.087588 
-2.852420 1.877759 1.212037 -1.639658 0.953526 0.661198 -2.279479 2.395290 -1.578150 -0.138528 1.003305 -0.880259 -0.090633 
-2.945019 1.802192 1.118601 -1.605878 0.928268 0.628369 -2.193679 2.363578 -1.518998 -0.119595 0.947353 -0.895936 -0.086114 
-2.883207 1.851171 1.161657 -1.588205 0.936643 0.725100 -2.073045 2.359301 -1.560857 -0.080679 0.901743 -0.780744 -0.136474 
-3.019990 1.973339 1.188144 -1.626011 0.846351 0.781605 -2.012036 2.106329 -1.305627 -0.111333 0.974377 -0.747536 -0.062518 
-3.021222 1.955623 1.189921 -1.508670 1.009439 0.727493 -2.157667 2.106032 -1.275566 -0.136644 0.955357 -0.772819 -0.107888 
-2.803220 1.875372 1.164394 -1.645160 0.952229 0.613803 -2.341213 2.297712 -1.429371 -0.038794 0.985520 -0.890155 -0.196612 
-2.872177 1.799831 1.042962 -1.717379 0.949495 0.657095 -2.324877 2.233659 -1.385926 -0.089944 1.185259 -1.026898 -0.210143 
-3.041012 1.976398 1.137833 -1.601576 1.089738 0.783997 -2.133062 2.261104 -1.452506 -0.201987 1.067632 -1.001564 -0.138001 
-2.835380 1.909346 1.292091 -1.651846 1.027720 0.821062 -2.223328 2.434890 -1.569951 -0.054763 0.997167 -0.894424 -0.123999 
-2.792440 1.910891 1.302346 -1.704640 0.986804 0.861245 -2.168464 2.471244 -1.562096 -0.040200 0.962249 -0.911367 -0.152741 
-2.862085 1.896676 1.314633 -1.768122 0.905242 0.865715 -2.155855 2.416023 -1.586202 -0.032449 0.983385 -0.982474 -0.234829 
-2.969717 1.846423 1.306174 -1.740326 0.947770 0.795827 -2.254616 2.484746 -1.584947 -0.123846 0.965438 -0.910041 -0.167721 
-3.003069 1.904975 1.337752 -1.682346 1.040955 0.783567 -2.253979 2.542799 -1.626971 -0.188848 0.977940 -0.902660 -0.171196 
-2.918988 1.973719 1.379913 -1.750481 0.983691 0.878691 -2.164295 2.518386 -1.610086 -0.142374 1.014824 -0.914580 -0.155747 
-2.907371 1.839400 1.291604 -1.760905 0.997818 0.879101 -2.176571 2.525735 -1.641184 -0.124232 1.025906 -0.891874 -0.132468 
-2.996313 1.906908 1.246894 -1.757601 1.046145 0.846626 -2.225182 2.508607 -1.564356 -0.146677 1.011384 -0.932769 -0.111253 
-2.928955 2.003825 1.309597 -1.736076 1.009308 0.803530 -2.252240 2.465369 -1.578964 -0.175750 0.904180 -1.081763 -0.200049 
-2.949733 2.002469 1.256832 -1.683640 0.955792 0.678003 -2.186386 2.583496 -1.576434 -0.215523 0.963077 -1.032424 -0.225283 
