-2.913554 1.835725 1.258154 -1.754096 1.016848 0.885180 -2.230613 2.430048 -1.465015 -0.125294 1.087916 -0.920445 -0.115139 
-2.827298 1.870735 1.339983 -1.675706 1.000081 0.792276 -2.301526 2.490002 -1.524564 -0.069844 0.974904 -0.932470 -0.128086 
-2.817591 1.885508 1.253933 -1.683983 0.986558 0.769183 -2.215620 2.523810 -1.495277 -0.084685 0.949308 -0.917743 -0.122372 
-2.900942 1.931456 1.266006 -1.637076 0.952603 0.777945 -2.169094 2.372046 -1.465071 -0.148985 0.930584 -0.882599 -0.038853 
-3.004275 1.885688 1.233947 -1.669995 0.898688 0.699836 -2.227556 2.371315 -1.408911 -0.124352 0.908025 -0.926676 -0.078699 
-2.863726 1.809727 1.175332 -1.633508 0.828814 0.652328 -2.114278 2.387720 -1.579735 -0.101998 0.976866 -0.818296 -0.134245 
-2.868015 1.961910 1.196072 -1.627091 0.908852 0.700330 -2.106798 2.394319 -1.486136 -0.090193 0.977701 -0.833166 -0.109480 
-2.807673 2.071751 1.278948 -1.590661 0.999104 0.758900 -2.126053 2.387657 -1.479472 -0.070023 0.905059 -0.869089 -0.122903 
-2.854809 1.946432 1.477056 -1.655944 0.814232 0.840319 -2.158722 2.336802 -1.493260 -0.102952 0.790825 -0.737113 -0.100065 
-3.100639 1.868071 1.085545 -1.817634 0.737416 0.744317 -2.001281 2.139396 -1.454201 -0.172947 0.797181 -0.741850 -0.219522 
-3.221360 1.625371 0.497456 -1.487895 1.111954 0.539083 -1.806270 2.223766 -1.197945 -0.413022 1.140184 -0.857015 -0.273944 
-3.751765 1.460521 0.283105 -0.864237 1.219930 0.202227 -1.378272 2.064838 -0.808242 -0.590564 1.481006 -1.212956 -0.528676 
-4.686899 0.722220 -0.048308 -0.260993 0.551459 -0.320153 -0.141048 1.772556 -0.709630 -0.806430 1.430919 -1.170956 -0.135436 
-4.858257 0.373537 -0.809451 -0.352495 0.718751 -0.166503 -0.053100 1.327627 -0.480179 -0.717572 1.321902 -0.959211 -0.415879 
-5.483886 -1.076856 -1.534712 1.009082 0.650865 -1.236872 -0.255193 0.219272 -0.283905 -0.893765 1.841673 -0.650513 -0.048721 
-4.686652 -0.611021 -2.637259 -0.100670 -0.370014 -2.231344 -0.016692 1.212735 0.215544 -0.245857 0.967062 -1.231237 -1.096266 
-3.978990 0.795218 -2.411962 -0.277478 0.062438 -1.781441 0.589074 2.186623 0.101898 -0.589749 0.693377 -0.750867 -0.652238 
-2.627415 4.080006 -3.723996 -2.222424 0.536155 -1.725272 -0.175540 2.012845 -1.885687 1.211508 1.459956 0.647077 -0.650996 
-1.489058 4.830237 -4.923502 -2.982812 0.999877 -1.735188 -0.764188 1.806628 -2.102862 1.512799 0.456892 0.251968 0.065708 
-1.755697 3.833224 -3.806772 -2.011220 0.815680 -1.038348 -0.613928 1.061033 -0.904123 1.098810 -0.209744 0.560127 0.182798 
-1.873190 3.437875 -3.305995 -1.741179 0.347403 -1.099372 -0.287973 1.074069 -0.958718 1.564041 0.238964 0.559876 0.125166 
-1.532718 3.630332 -3.087090 -2.207823 -0.186386 -1.280723 -0.427893 1.442348 -1.537086 1.797812 0.092011 0.871187 -0.085746 
-0.849687 5.329465 -4.876128 -2.679193 0.863317 -2.054257 -0.685749 2.161198 -1.856448 1.613717 0.183569 1.138069 -0.190483 
-1.394872 4.563485 -4.224097 -2.656731 0.432426 -1.663841 -0.743782 1.669925 -1.615256 1.512386 0.235235 1.084969 -0.193810 
-1.285912 4.127524 -3.442626 -2.319639 0.324748 -1.079475 -0.632712 1.317860 -1.368458 1.704348 -0.369129 0.603119 0.067998 
-1.143046 4.330401 -3.069823 -2.364901 0.310233 -0.928118 -0.834619 1.080868 -1.488180 1.892405 -0.288646 0.416093 -0.017564 
-0.534825 6.040291 -2.770004 -2.646177 1.039878 -1.483183 -1.713341 2.143762 -2.186261 1.909385 0.682082 0.733469 -0.446073 
-0.849501 5.453053 -1.411023 -2.240173 1.143022 -0.479817 -1.486760 1.757778 -2.602818 1.536241 0.588780 0.366493 -0.117589 
-2.544857 3.244281 0.538673 -2.049005 1.104172 0.639692 -1.393211 3.132862 -1.632977 0.603630 1.206178 -0.301587 -0.000714 
-2.420851 2.647341 0.788974 -1.971976 0.677005 0.340168 -2.071036 2.434297 -1.553697 0.669933 1.004970 -0.483979 -0.256219 
-2.682777 2.371899 1.091373 -1.741494 0.711442 0.353520 -2.209258 2.371208 -1.592272 0.371964 1.003085 -0.605478 -0.251783 
-2.793279 1.306557 0.355721 -2.157101 1.103876 1.882860 -1.396272 2.664301 -1.565470 0.098992 0.178478 -0.242830 0.084770 
-3.186716 1.543327 0.315971 -0.791162 1.042034 0.152404 -1.709440 1.854312 -1.219428 -0.645989 0.798774 -0.948931 0.049019 
-6.003421 1.534215 2.124323 1.809696 0.191039 -0.553905 0.752023 1.606036 -1.014373 -0.345256 1.186719 -0.557326 0.393714 
-7.371924 1.605546 3.203049 2.412936 -0.430431 -0.509943 1.314048 1.344474 -0.739365 0.238153 0.697462 -0.262722 0.062955 
-7.445096 1.451514 3.223474 1.702729 -0.845605 -0.095335 1.272261 0.990712 -1.208997 0.439180 0.318252 -0.102433 -0.046409 
-7.489711 1.775643 3.879274 1.538997 -0.662837 0.187155 0.670531 0.994233 -1.448407 0.560927 0.169056 -0.312690 -0.314867 
-8.430647 2.021962 4.487058 1.425203 -0.551770 0.691391 0.836863 1.228544 -1.321465 1.098204 0.534173 -0.411059 -0.781038 
-5.697514 1.837715 2.745181 0.459104 -0.169031 0.763730 0.368513 1.440052 -1.375381 1.105527 0.788712 -0.366529 -0.030441 
-4.217967 2.024948 2.252934 -0.379417 0.348255 1.055403 -0.685067 2.078147 -1.123546 0.994279 0.937930 0.011118 0.377490 
-4.904109 3.004608 3.960729 -0.276788 0.252971 1.915664 -0.197389 1.944785 -1.871186 0.997372 0.865994 0.018955 -0.002620 
-3.619859 2.183837 2.363995 -0.694608 0.468479 1.411426 -0.928444 1.753904 -1.443825 0.785717 0.403944 -0.449792 0.040833 
-2.919043 2.523900 2.080964 -0.853086 0.882433 1.341518 -1.333991 2.191144 -1.562947 0.715833 0.612687 -0.689375 -0.005138 
-4.843845 2.549638 3.142648 -1.058311 0.365283 1.759331 -0.894245 2.118862 -1.054408 1.273128 0.884687 -0.624678 -0.216887 
-4.876287 1.722706 1.980944 -1.513804 0.148996 1.198976 -1.041781 1.926692 -1.184343 0.296482 0.799180 -0.668402 -0.366902 
-4.434592 1.354525 1.392913 -1.111676 0.653458 0.600533 -1.748152 1.790171 -1.158582 -0.530485 0.952613 -1.038330 -0.308423 
-4.133422 1.309226 1.397440 -0.809331 0.648718 0.119256 -1.962053 2.194765 -0.617563 -0.349863 1.141030 -0.950231 -0.040702 
-3.504694 1.830645 1.459777 -0.918930 0.978316 0.412183 -1.817690 2.589700 -0.967512 -0.407481 1.018892 -0.858389 -0.015465 
-3.077307 1.879533 1.010478 -1.122285 1.265343 0.448503 -2.171748 2.262390 -1.251244 -0.340423 1.013474 -1.092936 -0.076120 
-2.938434 1.903856 1.133733 -1.512239 0.928926 0.661318 -2.190177 2.010685 -1.464563 0.026485 0.864820 -1.033106 -0.065195 
-2.973341 1.861343 1.151889 -1.615598 0.849510 0.718884 -2.028143 2.290487 -1.469307 -0.051975 0.914386 -0.901309 0.014483 
-2.942727 1.912344 1.280290 -1.615362 0.956088 0.777898 -2.095505 2.440377 -1.540018 -0.136319 1.001753 -0.911161 -0.088758 
-3.002257 1.923278 1.195044 -1.592295 1.077841 0.804677 -2.174433 2.208622 -1.473927 -0.173109 0.994011 -0.863824 -0.191196 
-3.027286 1.833807 1.150826 -1.639967 1.022198 0.794364 -2.223933 2.203262 -1.411415 -0.142005 0.966019 -0.949308 -0.235058 
-3.020582 1.924314 1.163865 -1.666492 0.957923 0.672198 -2.238102 2.353447 -1.494399 -0.196282 0.938545 -0.986352 -0.108885 
-3.035605 2.028547 1.217216 -1.637273 1.000660 0.681071 -2.195905 2.409749 -1.489380 -0.124149 0.999682 -0.921688 -0.127224 
-2.841086 1.864042 1.327703 -1.608962 0.902099 0.890517 -2.022814 2.433901 -1.498868 -0.099501 0.825824 -0.764034 -0.118468 
-4.093223 3.003932 0.783030 -1.603372 1.138879 0.527976 -1.598999 2.004395 -1.083549 -0.319749 0.971999 -0.894346 -0.099195 
-3.967245 3.067475 0.704646 -1.512653 1.269389 0.397335 -1.677671 1.983571 -1.257434 -0.408265 1.229398 -0.933354 -0.284602 
-3.204862 1.994222 0.982858 -1.504890 0.886431 0.508419 -1.899679 2.093721 -1.388274 -0.282491 1.115168 -1.019024 -0.162278 
-3.443205 2.055918 1.152937 -1.802223 0.673863 0.635125 -1.940553 2.192249 -1.313399 -0.233796 0.968511 -0.997066 -0.053522 
-2.919784 1.963068 1.422870 -1.725722 0.868201 0.833862 -2.139644 2.503443 -1.623422 -0.075650 0.871505 -0.818820 -0.139606 
-3.776514 0.902544 0.727693 -0.963094 0.930180 0.423166 -1.775748 1.901214 -0.893278 -0.488020 1.009061 -0.884312 -0.357452 
-3.747736 0.857063 0.593964 -1.038008 0.967282 0.480727 -1.794203 1.799639 -0.893581 -0.518928 0.952558 -0.944126 -0.235997 
-2.966136 1.755539 1.098406 -1.526533 1.007038 0.667835 -2.119287 2.318026 -1.462765 -0.265721 0.933778 -0.846136 0.002572 
-2.943235 2.028968 1.318673 -1.600328 0.991294 0.714086 -2.172048 2.387541 -1.511491 -0.157130 1.084615 -0.925593 -0.128009 
-3.015357 2.063469 1.342150 -1.744493 1.024331 0.776259 -2.297928 2.400596 -1.449385 -0.168522 1.050110 -1.016818 -0.173483 
-3.045999 1.974263 1.388896 -1.744280 1.047821 0.855545 -2.310597 2.372413 -1.518485 -0.158290 1.062823 -0.991361 -0.210736 
-3.088992 2.023241 1.413161 -1.716043 1.126173 0.860099 -2.258295 2.597177 -1.529460 -0.173902 1.142267 -1.016150 -0.233747 
-2.958572 2.024646 1.465755 -1.702155 1.109973 0.886685 -2.212995 2.700071 -1.562040 -0.163249 1.179314 -0.968471 -0.219645 
-2.897083 1.960382 1.448200 -1.800932 0.888954 0.779569 -2.363593 2.555790 -1.706019 -0.218322 0.984376 -1.019646 -0.317131 
-2.952249 1.867681 1.356249 -1.866628 0.888124 0.968301 -2.263805 2.476714 -1.629922 -0.038773 0.948040 -0.872987 -0.163942 
-2.888456 2.027280 1.362884 -1.648108 1.066397 0.918835 -2.168452 2.614366 -1.465695 -0.001188 1.016057 -0.831724 -0.136144 
-2.843635 2.080672 1.271533 -1.486720 1.104723 0.880788 -1.999805 2.399701 -1.518825 -0.149324 0.823177 -0.954974 -0.040892 
-2.822961 2.080720 1.226898 -1.505757 1.001942 0.703471 -2.059567 2.363008 -1.591047 -0.090107 0.780926 -0.912595 -0.032663 
