-2.902421 1.897620 1.380832 -1.708355 1.041883 0.903509 -2.267012 2.550751 -1.462848 -0.014338 1.100195 -0.913806 -0.116405 
-2.855145 1.990992 1.329724 -1.631181 1.082270 0.922229 -2.133263 2.442620 -1.610590 -0.162810 0.900024 -0.898176 -0.092606 
-2.808946 1.962534 1.165532 -1.683860 0.991691 0.715661 -2.153362 2.452569 -1.568881 -0.070971 0.924649 -0.845565 -0.132881 
-2.842750 1.889496 1.280508 -1.666018 0.977060 0.753823 -2.261877 2.464222 -1.449235 -0.080560 1.014195 -0.906482 -0.090292 
-2.823620 1.927542 1.156684 -1.709204 0.974680 0.747763 -2.240745 2.334458 -1.515849 -0.089142 0.946019 -0.904435 -0.086687 
-2.947771 1.869059 1.229042 -1.596029 0.920444 0.692083 -2.244525 2.250921 -1.422154 -0.073438 0.877261 -0.980052 -0.118962 
-2.926265 1.846867 1.220151 -1.665077 0.927128 0.764867 -2.232877 2.333149 -1.497434 -0.089574 0.958243 -0.809083 -0.078459 
-2.985006 2.007546 1.136297 -1.719442 0.894639 0.688340 -2.190056 2.267900 -1.569305 -0.107127 0.954408 -0.872540 -0.117351 
-2.937013 1.984581 0.882448 -1.689041 1.097336 0.859301 -2.027400 2.094802 -1.514022 -0.072100 1.012961 -0.851571 -0.190180 
-3.173657 1.782936 0.620571 -1.387644 1.144310 0.547346 -2.072283 1.908261 -0.776561 -0.488130 1.154058 -0.624412 -0.136966 
-4.081161 1.001916 -0.488696 -0.622661 1.517288 0.039033 -1.657614 1.269313 0.118872 -0.404734 1.192597 -1.110655 -0.094138 
-5.045252 -0.307220 -1.424378 0.135414 1.678886 0.110393 -0.667714 0.581343 0.349992 -0.481661 1.365957 -1.051173 -0.195687 
-5.356084 -1.093346 -1.544927 1.107177 0.649942 -1.650793 -0.523351 0.327511 0.493044 -0.993074 1.992046 -0.790639 0.326184 
-5.487595 -0.703332 -2.077454 0.963399 0.760631 -1.334930 0.306107 0.419559 -0.623841 -0.938598 1.486785 -0.899470 0.364926 
-2.795092 2.690432 -3.478256 -1.490658 -0.075359 -1.847971 0.251283 1.350741 -1.790779 1.587556 0.930091 -0.178584 -0.280095 
-1.262267 4.178872 -4.109749 -2.243700 0.145293 -1.600237 0.396794 1.937225 -2.331664 2.323181 -0.298224 -0.345694 -0.044895 
-1.399893 4.358322 -4.710896 -2.378258 0.488517 -1.389879 0.328369 1.011137 -2.136584 1.368776 -0.031119 -0.126947 -0.129768 
-1.884643 3.665706 -3.972729 -2.443046 0.460040 -0.612075 -0.042800 0.626283 -1.418374 1.198012 -0.091084 0.356298 -0.073226 
-2.112053 3.624125 -4.313650 -2.497868 0.443909 -0.672800 0.091115 0.580296 -1.173459 1.556617 0.243430 0.581002 -0.028345 
-2.322333 3.587542 -5.289381 -2.556367 0.335969 -1.085006 0.436568 0.783397 -0.817058 2.050754 0.000659 0.747014 0.036084 
-2.309614 3.613369 -4.766420 -2.524885 0.034727 -1.077404 0.354790 0.774482 -0.792533 1.890519 0.085995 1.098426 -0.123416 
-1.977273 3.562476 -4.248448 -2.295618 -0.151029 -1.265999 -0.151369 0.396091 -1.250103 1.533273 -0.095262 1.310413 0.094988 
-1.980348 3.681946 -3.550873 -2.295098 -0.106599 -1.134912 -0.502477 0.529092 -1.371341 1.429654 0.080021 1.180553 0.027575 
-2.378924 3.680618 -2.585343 -2.564451 0.079513 -0.834713 -0.983348 0.937498 -1.461466 1.239909 0.843605 1.140778 0.280656 
-2.089938 5.248614 -2.762958 -2.985705 1.551749 -1.339645 -2.238874 2.171115 -2.588221 0.255901 1.564145 0.365615 -0.238544 
-2.504738 3.527081 0.968877 -1.850275 0.785104 0.215334 -1.910469 2.621916 -1.778322 0.137385 0.870415 0.296922 0.459220 
-2.390381 2.913366 0.959505 -1.708353 1.008356 0.418327 -2.182331 2.263678 -1.593745 0.439901 0.919864 -0.500749 -0.225753 
-2.639189 2.512847 0.699939 -1.954209 0.848240 0.407519 -2.092097 2.297351 -1.629471 0.153161 0.685753 -0.745657 -0.263516 
-2.796334 2.273836 1.006623 -1.846756 1.081327 0.933692 -1.802366 2.703384 -1.624097 -0.166330 0.733670 -0.694589 -0.048098 
-2.757291 2.232986 1.083195 -1.776350 1.027489 0.807760 -2.033136 2.515537 -1.604770 -0.028455 0.887532 -0.714440 -0.055815 
-2.853514 2.894470 0.260277 -0.983073 1.467443 0.665090 -1.326670 2.039213 -1.171651 0.616303 0.965543 -0.545018 0.779571 
-3.520651 2.541630 1.308786 0.986056 1.412687 -0.097422 -0.447502 2.526459 -1.218788 -0.349801 1.175957 -0.407374 0.498915 
-4.363644 2.402264 1.964113 1.532505 1.027123 -0.023345 0.510817 2.777161 -1.080346 -0.121510 1.516321 -0.711832 0.179573 
-3.924212 2.384781 1.807950 0.363260 0.288877 0.314391 0.166680 2.230472 -1.290119 0.561642 1.152328 -0.352227 0.255414 
-3.852673 2.226954 1.913743 -0.871563 -0.512300 0.306300 -0.615285 1.932075 -1.525621 0.690697 0.843849 -0.192703 0.167480 
-3.236637 2.157125 1.625842 -0.652535 0.418394 0.753749 -0.936462 2.225508 -1.270171 0.716983 0.794462 -0.112906 0.239454 
-3.159739 2.431315 2.127001 -0.323125 0.896932 1.214011 -0.994932 2.298509 -1.358910 0.795648 0.465339 -0.268155 0.176370 
-3.148465 2.843077 2.559288 -0.614376 0.881551 1.380385 -1.420589 2.145224 -1.370796 1.165555 0.458266 -0.308683 0.160559 
-4.201702 3.208342 3.913836 -0.622699 0.971672 2.050494 -1.435895 2.680059 -1.376592 0.914713 0.667466 -0.109540 -0.167249 
-3.062828 2.679472 1.904443 -0.630458 1.091142 0.917943 -1.660607 2.225783 -1.087806 0.428169 0.894608 -0.316835 0.186381 
-3.134186 2.590964 1.762554 -0.748797 1.015460 0.842360 -1.719662 2.057947 -1.179375 0.455925 0.827236 -0.407322 0.182142 
-3.187776 2.232753 2.935946 -1.301558 0.269910 1.600750 -1.470379 2.141815 -1.444084 0.577140 0.728107 -0.412156 0.032428 
-4.230405 1.452950 2.655853 -2.202472 -0.526685 1.073001 -2.193430 1.913069 -1.470696 0.207185 0.263920 -0.380494 -0.511274 
-4.526421 1.643096 2.886919 -2.023325 -0.707496 1.253428 -1.555191 1.854608 -1.590488 0.337477 -0.039341 -0.497190 -0.766600 
-4.046033 1.597250 2.397979 -1.037620 -0.177822 0.662967 -1.420638 1.771952 -1.138238 0.191935 0.523290 -0.590982 -0.249507 
-3.634798 1.622797 1.584608 -0.875832 0.609824 0.226553 -1.764474 2.423968 -1.017512 -0.154526 1.018553 -0.787834 -0.116827 
-3.104403 1.899121 1.260819 -1.348855 1.186378 0.838075 -2.120281 2.386509 -0.863763 -0.332755 0.956466 -0.986855 -0.037066 
-3.104560 2.049186 0.972555 -1.421799 1.288547 0.671953 -2.246168 2.172849 -1.107703 -0.277741 0.908907 -1.284193 -0.135765 
-3.088981 1.948211 0.999705 -1.657883 1.135230 0.766754 -2.237348 2.261137 -1.455445 -0.140209 0.996130 -1.090110 -0.121992 
-3.077274 1.772416 1.334013 -1.581644 1.106259 1.088344 -2.137709 2.288466 -1.507726 0.120770 0.973898 -0.911233 -0.156087 
-2.976168 1.974909 1.507015 -1.522105 1.076456 1.122466 -2.020893 2.320390 -1.660266 0.163544 0.947006 -0.855450 -0.154985 
-2.724634 2.216161 1.279974 -1.742057 0.908690 0.787688 -2.147326 2.388969 -1.640207 0.007678 0.794984 -0.807886 -0.108654 
-2.742141 1.986633 1.229787 -1.790145 0.834227 0.711474 -2.232156 2.411958 -1.566042 0.010554 0.910305 -0.813956 -0.100160 
-2.883288 1.891437 1.253875 -1.738928 0.882664 0.817372 -2.196585 2.289281 -1.488010 -0.077290 1.008376 -0.850960 -0.087281 
-2.934104 1.994353 1.233061 -1.696493 0.951282 0.761882 -2.187987 2.339761 -1.440265 -0.108477 0.946336 -0.814389 -0.084293 
-2.861795 1.935145 1.202328 -1.649003 0.945054 0.693514 -2.164583 2.412808 -1.533787 -0.116512 1.011064 -0.850551 -0.102478 
-2.965050 1.963082 1.192378 -1.594544 0.966175 0.683656 -2.128472 2.382302 -1.531304 -0.177411 0.996417 -0.898875 -0.087614 
-2.915895 1.912309 1.169384 -1.657497 0.944688 0.738219 -2.137309 2.391299 -1.565975 -0.148531 0.936571 -0.901885 -0.155355 
-2.793125 1.884967 1.233067 -1.724537 0.901461 0.806878 -2.212649 2.422935 -1.569148 -0.015790 0.852293 -0.851150 -0.073935 
-2.766318 1.994054 1.223228 -1.640973 0.909491 0.756773 -2.091534 2.389609 -1.473539 0.001066 0.910468 -0.795630 -0.017907 
-2.795999 2.007324 1.232586 -1.612863 0.968534 0.758285 -2.110189 2.342015 -1.480742 -0.067539 0.878916 -0.792249 -0.114494 
-2.818252 1.939631 1.153198 -1.753894 0.805429 0.523960 -2.311654 2.343936 -1.443544 0.024226 0.887245 -0.922515 -0.238512 
-2.980325 1.993728 1.088116 -1.695938 0.900184 0.563706 -2.261971 2.221163 -1.328034 -0.043536 1.077019 -0.965593 -0.197913 
-3.058596 1.939158 1.168995 -1.548169 1.118069 0.806385 -2.179931 2.231771 -1.312130 -0.236229 1.073571 -1.006763 -0.137585 
-2.848621 1.862964 1.316593 -1.664983 1.017640 0.863405 -2.215133 2.464215 -1.568070 -0.044371 0.913050 -0.908926 -0.146427 
-2.959432 1.920379 1.299078 -1.637617 1.001398 0.769567 -2.171420 2.426445 -1.611844 -0.161391 0.945522 -0.914565 -0.120600 
-3.061440 1.836404 1.200261 -1.516360 0.993528 0.556482 -2.451374 1.973717 -1.376184 -0.065892 0.895893 -0.927737 -0.047148 
-2.985298 1.801855 1.183905 -1.604535 0.951549 0.567992 -2.487466 2.053058 -1.401721 -0.053874 0.845915 -0.894504 -0.019125 
-2.833127 2.018591 1.324084 -1.750841 1.072689 0.843371 -2.337145 2.509811 -1.574317 -0.148695 1.007278 -0.926718 -0.155198 
-2.907424 2.087559 1.436878 -1.731118 1.021692 0.811807 -2.314705 2.453398 -1.565769 -0.076685 1.047420 -0.969385 -0.202395 
-2.956666 2.077859 1.469370 -1.709502 1.027790 0.863575 -2.203747 2.511664 -1.575252 -0.112188 1.098057 -0.980047 -0.187158 
-2.962457 2.004061 1.477220 -1.703753 1.088953 0.959727 -2.198888 2.585280 -1.606912 -0.134142 1.107634 -0.887049 -0.130188 
-3.053201 2.073948 1.404283 -1.941269 0.870884 0.985207 -2.144965 2.426630 -1.620469 -0.033004 1.055436 -0.941759 -0.073703 
-3.024227 2.051443 1.436755 -1.720149 0.878081 0.858924 -2.088670 2.551939 -1.594773 -0.061294 1.082762 -0.899356 -0.051511 
-2.930167 2.046512 1.311243 -1.706516 0.996468 0.828746 -2.185804 2.576841 -1.585309 -0.011052 1.094340 -0.835250 -0.058044 
