-2.936989 1.901191 1.405159 -1.747570 1.090584 0.920754 -2.380452 2.501354 -1.578070 -0.205633 0.996539 -0.995578 -0.187622 
-2.906281 1.901625 1.306966 -1.814534 0.999164 0.871423 -2.334859 2.535848 -1.605055 -0.116700 0.968123 -0.974877 -0.186055 
-2.909965 2.049100 1.371743 -1.592478 1.140503 0.986685 -2.169115 2.420406 -1.561044 -0.026905 1.002185 -0.959642 -0.201750 
-2.830453 2.057973 1.240960 -1.653903 1.002583 0.838881 -2.110889 2.345330 -1.557966 -0.043524 0.861274 -0.914444 -0.222768 
-2.839772 2.047206 1.123402 -1.746154 0.909260 0.743899 -2.070972 2.329232 -1.498754 0.010910 0.916177 -0.930815 -0.231036 
-2.970433 1.883347 1.158605 -1.660284 1.021887 0.833090 -2.133061 2.261868 -1.466822 -0.071507 1.020416 -0.904624 -0.113336 
-2.864974 1.888180 1.211050 -1.686974 1.019593 0.822138 -2.200936 2.433657 -1.483513 -0.123770 0.930682 -0.987492 -0.190650 
-2.912482 1.768578 1.241560 -1.645039 0.934236 0.770318 -2.213291 2.375628 -1.557463 -0.094686 0.978618 -0.902079 -0.198688 
-2.898607 1.824592 1.192477 -1.678554 0.897771 0.726278 -2.218331 2.357726 -1.573401 -0.091531 0.992832 -0.912501 -0.135376 
-3.718167 1.888340 0.238393 -1.295507 1.509200 0.817050 -1.931309 1.126318 -0.918867 -0.076356 1.286675 -1.093766 -0.219111 
-3.638381 1.968510 0.297392 -1.267744 1.511710 0.835362 -1.914367 1.126740 -0.932197 -0.082023 1.257390 -1.130782 -0.262453 
-2.766046 1.982503 1.241198 -1.582858 0.967435 0.774383 -2.103589 2.364740 -1.503958 -0.039034 0.949483 -0.850796 -0.129600 
-2.822319 1.927893 1.229462 -1.523577 0.984053 0.750068 -2.086802 2.357832 -1.472634 -0.140141 1.027510 -0.899451 -0.142735 
-2.882668 1.938382 1.075552 -1.669997 0.969782 0.705228 -2.119817 2.365214 -1.440359 -0.221213 0.889588 -0.841640 -0.058219 
-2.830682 1.943001 1.292207 -1.811587 0.831941 0.784597 -2.183771 2.516035 -1.578330 -0.138458 0.829049 -0.778943 -0.082077 
-2.848300 1.927717 1.356602 -1.662881 0.993968 0.878017 -2.212849 2.428286 -1.579227 -0.046952 0.937609 -0.874619 -0.140727 
-2.857812 1.928199 1.361789 -1.637636 1.043596 0.904283 -2.160173 2.484406 -1.550452 -0.053466 1.046568 -0.888019 -0.145302 
-2.914670 1.865166 1.375794 -1.610736 1.044926 0.881273 -2.186911 2.485169 -1.473666 -0.089680 0.942133 -0.981553 -0.167849 
-2.934615 1.647747 1.034750 -1.579729 0.876891 0.545975 -2.038924 2.461621 -1.509136 -0.328742 0.877384 -0.825915 -0.116282 
-3.696167 1.085692 -0.011116 -1.131035 1.252166 0.041383 -1.787537 2.358777 -0.876460 -0.691515 0.925818 -0.802063 -0.049252 
-4.865430 -0.261129 -0.869181 0.070906 1.250888 -0.476950 -1.098169 0.946943 -0.131902 -0.951935 1.721634 -1.212600 -0.233125 
-5.343562 -0.939654 -1.460425 0.856158 1.105497 -0.768572 0.137393 0.967876 0.278717 -1.670755 1.777733 -0.963309 -0.484565 
-5.742800 -1.122968 -2.666774 1.077289 1.399389 -1.234927 0.399952 0.882405 0.263850 -1.143545 1.594344 -1.090692 -0.454365 
-5.602798 -1.144461 -2.998546 0.684905 1.490602 -0.833045 0.689268 1.089389 -0.069675 -0.758092 1.658470 -1.304804 -0.663119 
-2.540689 3.468718 -2.596506 -1.988402 0.166876 -1.169108 -0.144639 2.038892 -1.343329 1.275763 0.125383 -0.301084 -0.044144 
-2.282072 3.557636 -3.216372 -2.429128 0.285626 -0.560370 -0.036059 1.146298 -1.420982 1.960971 0.316037 -0.064486 -0.197951 
-2.044673 3.989806 -3.972197 -2.405037 0.587388 -0.592958 0.260549 1.084898 -1.179468 2.240414 0.296876 0.213815 -0.386643 
-1.678258 4.197219 -4.899113 -2.437261 0.709224 -1.121615 0.196311 0.962060 -1.255016 1.651343 0.041245 0.361806 -0.023591 
-2.209036 3.600018 -3.923748 -2.575819 0.446165 -0.532923 0.103579 1.054954 -1.204628 1.336703 0.124962 0.462432 -0.065376 
-2.419014 3.949622 -3.777158 -2.573488 0.555796 -0.402176 0.144040 1.123733 -1.234588 1.663673 0.208789 0.706917 -0.304603 
-1.689481 4.645035 -4.845142 -2.954499 0.651076 -1.010278 -0.114740 1.282845 -1.384732 1.481595 0.032062 0.996177 -0.565109 
-1.337305 5.030940 -4.033730 -2.951379 0.648868 -1.042361 -0.429368 1.557426 -1.828431 1.173731 0.265180 0.874135 -0.621571 
-1.159326 5.246022 -3.756426 -2.625856 0.969521 -1.264762 -0.654055 1.836033 -2.503589 1.234257 0.689009 0.953874 -0.832430 
-0.742129 5.968440 -3.145906 -2.618508 1.449452 -1.301929 -1.283896 2.152384 -2.849052 1.282786 1.300973 0.746785 -0.597264 
-1.093631 6.260040 -0.994755 -2.397992 1.324550 -0.896970 -2.116080 2.325256 -2.883410 1.003222 0.930728 0.565186 0.300050 
-2.412809 3.238156 0.359416 -2.530015 0.562534 0.044133 -2.024380 2.948307 -1.874094 0.644779 0.776554 -0.360228 -0.088670 
-2.614996 2.419816 1.011631 -1.730896 0.933772 0.510296 -2.295859 2.173998 -1.610498 0.333194 0.984857 -0.689995 -0.178206 
-2.758973 2.161475 0.905407 -1.625885 1.158374 0.900518 -1.834514 2.237968 -1.644109 -0.082812 0.755746 -0.809394 -0.070834 
-2.901792 1.935807 0.762506 -1.887178 0.826010 0.588869 -1.964504 2.369636 -1.452364 -0.049942 0.842674 -0.781658 -0.054667 
-3.791692 2.684488 0.648932 0.869195 3.263519 0.622061 -1.946094 2.685678 -0.631989 -0.343379 1.129806 -2.337716 -0.110734 
-4.369604 2.639880 2.067340 1.926308 1.373074 -0.487991 -0.369629 2.207899 -1.325790 0.148213 1.407049 -1.188765 -0.174667 
-5.141003 3.008946 2.930622 2.330473 0.294341 -0.802270 0.659472 1.781944 -1.402668 0.374127 1.133347 -0.546635 -0.081322 
-6.215367 2.632591 3.150759 1.741815 -0.497352 -0.370937 1.418029 1.571331 -1.482925 0.289319 1.137939 -0.449851 -0.252807 
-5.506352 2.576299 3.324956 0.911884 -0.970123 -0.176476 0.903745 1.584741 -1.478698 0.450891 0.658425 -0.516364 -0.161548 
-5.191858 2.460242 3.183957 0.250104 -0.758431 0.319667 0.284675 1.628237 -1.332267 0.794580 0.775607 -0.454310 -0.031440 
-5.968744 2.415300 3.266805 0.786216 0.161621 0.744173 0.427608 1.935871 -1.736620 0.731714 1.304049 -0.775382 0.101361 
-4.370276 2.197560 2.051395 -0.008035 0.855946 1.020224 -0.296277 2.461481 -1.916632 0.499779 1.007536 -0.720353 -0.059271 
-3.673183 2.305812 1.836020 -0.301075 1.212996 1.232273 -0.787459 2.643214 -1.764435 0.609134 0.951246 -0.614971 0.034120 
-4.101631 2.751620 3.350288 -0.350716 0.686162 1.416413 -1.003863 2.653317 -1.695067 0.856571 0.681654 -0.704939 0.082205 
-4.025722 1.941045 2.451427 -1.008588 0.590325 1.459003 -1.247991 2.475103 -1.369977 0.822911 0.628686 -0.429564 0.198594 
-4.249096 1.424628 1.423553 -2.082314 0.175119 0.910676 -2.161514 1.904335 -1.435766 0.167613 0.104967 -0.684026 0.016559 
-4.561421 1.979064 2.185910 -1.395003 0.315160 0.806712 -1.777111 1.752942 -1.779811 -0.461871 0.349924 -0.709729 -0.082772 
-4.037124 1.725447 1.751812 -1.007434 0.542937 0.709836 -1.558761 1.853735 -1.665319 -0.429077 0.113174 -1.118791 -0.232742 
-3.832036 1.829654 1.471659 -0.936958 0.773738 0.601943 -1.493192 1.977966 -1.427127 -0.416704 0.586586 -1.201241 -0.229395 
-3.634268 1.661226 1.480252 -0.999964 0.811867 0.624026 -1.771041 1.937999 -1.067477 -0.281136 0.829731 -0.956489 0.198189 
-3.299065 1.689265 1.373363 -1.041627 0.928685 0.644552 -1.747780 2.263150 -0.928438 -0.463189 0.699399 -1.078028 0.223145 
-3.187611 1.635077 1.157646 -1.389479 1.010496 0.617838 -2.212560 2.329477 -0.971230 -0.160176 0.810451 -1.099845 -0.001567 
-3.266571 1.321715 1.069696 -1.165157 1.056075 0.433370 -2.435173 2.013564 -0.962326 -0.206694 0.889983 -1.168940 -0.062881 
-3.199450 1.362910 0.994175 -1.145486 1.199895 0.540544 -2.445692 1.920047 -0.920052 -0.217606 1.096849 -1.088915 -0.046505 
-2.902849 1.958793 1.162365 -1.622000 1.035452 0.814369 -2.211877 2.207729 -1.420979 -0.129289 0.945847 -0.925726 -0.157245 
-2.832499 2.029238 1.246921 -1.641212 0.957327 0.821026 -2.138984 2.338708 -1.499883 -0.079381 0.864351 -0.842995 -0.138664 
-2.822203 2.009771 1.211917 -1.550471 1.044866 0.781452 -2.140426 2.345647 -1.492842 -0.022338 0.910607 -0.866228 -0.108566 
-2.748972 1.873338 1.337428 -1.540506 0.908979 0.738425 -2.126418 2.460062 -1.501048 -0.139743 0.819219 -0.873491 -0.065371 
-2.838748 1.858527 1.241809 -1.702487 0.858951 0.765023 -2.174105 2.329467 -1.495242 -0.087010 0.797830 -0.875374 -0.040735 
-2.937014 1.847532 1.311739 -1.558712 0.890677 0.699347 -2.150203 2.350640 -1.513752 -0.071821 0.915643 -0.915982 -0.084297 
-3.580896 1.578973 0.939269 -1.191307 1.068674 0.690760 -1.878516 1.799092 -0.972637 -0.469701 1.229561 -0.953137 -0.157412 
-3.514225 1.632783 0.826103 -1.325021 1.082232 0.741908 -1.854583 1.869087 -0.783347 -0.431279 1.256979 -0.951013 -0.167877 
-2.801511 1.877963 1.208710 -1.720039 1.079046 0.974026 -2.153711 2.454142 -1.329773 -0.170367 0.933563 -0.927192 -0.194595 
-2.987936 1.780555 1.287886 -1.663236 1.010611 0.825325 -2.220179 2.393760 -1.477088 -0.243066 1.011731 -0.924908 -0.134030 
-3.022216 1.753944 1.374777 -1.604501 1.021908 0.768640 -2.276520 2.506917 -1.607174 -0.086204 0.978277 -0.918996 -0.131996 
-2.936084 1.992359 1.364645 -1.782010 1.011981 0.862271 -2.272896 2.494763 -1.600320 -0.051630 0.972640 -0.860080 -0.085083 
-2.978906 1.949177 1.381328 -1.751548 0.951128 0.813260 -2.241266 2.493587 -1.633391 -0.160069 0.938727 -0.958426 -0.211642 
-2.983330 1.914614 1.391170 -1.684471 0.988538 0.822319 -2.185029 2.513323 -1.584711 -0.171269 1.064755 -0.980990 -0.189965 
-2.971528 2.005033 1.353649 -1.714189 1.078886 0.889082 -2.208845 2.498228 -1.444451 -0.111712 1.094984 -0.951243 -0.168830 
-2.951841 2.023315 1.422121 -1.745648 1.029401 0.937202 -2.211036 2.491402 -1.561800 -0.077145 1.023829 -1.019870 -0.243165 
