-2.826478 1.936247 1.354761 -1.664162 1.063679 0.878924 -2.259845 2.441721 -1.581202 -0.092787 1.018152 -0.897605 -0.113324 
-2.943957 1.810563 1.176104 -1.696417 1.016612 0.834154 -2.178317 2.369764 -1.502380 -0.070919 0.961307 -0.858021 -0.144406 
-2.891560 1.873824 1.242479 -1.732018 0.998167 0.804706 -2.247672 2.432021 -1.525158 -0.105585 1.009262 -0.890865 -0.102287 
-2.880017 1.977160 1.221445 -1.665707 1.033531 0.809687 -2.179430 2.366848 -1.526826 -0.101814 0.986545 -0.875708 -0.159621 
-2.837321 1.966169 1.292395 -1.700974 0.955112 0.755692 -2.257532 2.430983 -1.603831 -0.037873 0.896288 -0.908989 -0.209842 
-2.841837 1.978436 1.105742 -1.719763 0.917773 0.660728 -2.189384 2.371095 -1.548882 -0.091192 0.923714 -0.868372 -0.119529 
-2.836029 1.997568 1.107633 -1.671511 0.940054 0.627964 -2.203543 2.408431 -1.492759 -0.066556 0.897225 -0.842617 -0.072289 
-2.757981 1.952142 1.258999 -1.626490 0.911475 0.694270 -2.183216 2.482938 -1.536034 -0.006610 0.909821 -0.782410 -0.100678 
-2.855788 1.913659 1.171958 -1.610557 0.967710 0.751029 -2.085227 2.437397 -1.439498 -0.114440 0.970897 -0.789582 -0.015247 
-2.854480 1.939134 1.226477 -1.632958 0.980520 0.702542 -2.237084 2.392336 -1.479849 -0.135634 0.835827 -0.848907 -0.058540 
-2.840979 1.907348 1.220237 -1.710282 0.874917 0.670229 -2.228792 2.408338 -1.511158 -0.149768 0.792151 -0.910496 -0.011662 
-2.878490 1.897108 1.296758 -1.742554 0.760027 0.582716 -2.217762 2.534015 -1.449431 -0.109206 0.839105 -0.932439 -0.077890 
-2.881089 1.931263 1.431199 -1.673193 0.909872 0.772027 -2.254839 2.487746 -1.611243 -0.101204 0.922670 -0.876387 -0.128798 
-2.886808 1.825001 1.349208 -1.693837 0.946936 0.842079 -2.246011 2.416522 -1.508343 -0.071963 0.971043 -0.856416 -0.124177 
-3.028419 1.781302 1.370949 -1.600098 0.982028 0.844545 -2.236258 2.317930 -1.493282 -0.060816 0.986150 -0.883414 -0.173189 
-3.348823 1.479864 1.078542 -1.206147 0.840181 0.321829 -2.095600 2.129095 -0.880606 -0.281620 1.183083 -0.963186 -0.062279 
-3.959648 1.039217 0.469343 -0.327370 1.032611 -0.328810 -1.710319 1.563139 -0.309301 -0.479314 1.478882 -1.132137 -0.079239 
-5.586620 0.067573 -1.202928 0.220291 1.436076 -0.518114 -0.521182 1.361337 -0.228256 -1.071177 1.439055 -0.836368 -0.326106 
-5.114668 -0.619182 -1.817141 0.348105 0.905349 -1.208152 -0.721457 0.791792 0.069757 -0.477820 1.408178 -1.055252 -0.492218 
-4.819695 -1.104546 -2.332831 0.410082 0.440044 -1.685075 -0.524601 0.539382 0.403503 -0.676054 1.295151 -0.910250 -0.266226 
-5.480282 -1.798750 -2.925483 0.150454 0.520470 -1.623002 -0.166647 1.250559 0.155776 -0.161416 1.847313 -0.894984 -0.515846 
-2.238331 3.608080 -2.853327 -2.020957 -0.025109 -1.610043 -0.343233 1.757121 -1.745890 1.753042 0.914319 -0.105305 -0.632452 
-1.256573 5.202297 -3.721164 -2.847136 0.735059 -1.007600 -0.322881 1.687894 -2.364890 1.279573 0.151435 0.259071 -0.147621 
-1.900717 3.736979 -3.456132 -2.228546 0.570800 -0.779038 -0.735113 0.789585 -1.089855 1.369243 -0.415891 0.274721 0.121639 
-1.959985 3.285413 -3.263345 -1.622269 0.398499 -1.217845 -0.467908 0.968253 -1.390330 1.380643 -0.118606 0.140100 -0.024041 
-1.855103 3.760379 -3.206309 -1.671659 0.744378 -1.236157 -0.552683 1.344245 -1.378166 1.428226 0.347179 0.137661 -0.089822 
-1.942595 4.197318 -3.720282 -2.760965 0.330557 -1.027932 -0.420691 1.258632 -1.566085 1.265630 0.483382 0.897355 -0.029141 
-1.513572 5.280472 -4.784364 -3.116737 0.481966 -1.722369 -0.524816 1.821251 -1.764200 1.535508 0.459157 1.345118 -0.266495 
-1.522824 4.909878 -4.301344 -2.694168 0.250636 -1.734541 -0.308706 1.716244 -2.112561 1.412103 0.473854 1.374428 0.082539 
-1.294258 4.887123 -3.872940 -2.613060 0.180373 -1.583334 -0.344313 1.599039 -2.092990 1.246869 0.228181 1.071707 0.058809 
-1.381135 4.919201 -2.560248 -2.511598 0.168938 -1.237583 -0.601038 2.022689 -2.283152 1.221931 0.054906 0.664623 -0.202157 
-1.146491 5.485604 -1.951819 -2.644868 1.475985 -0.877838 -1.926288 2.476605 -2.604196 0.690024 0.478748 0.183340 -0.324716 
-2.705520 2.769326 0.260915 -2.039427 0.811008 0.077670 -1.958127 2.651556 -1.314743 0.624545 1.017412 -0.443451 -0.208844 
-2.460841 2.554676 1.186944 -1.770846 0.816364 0.573867 -2.052009 2.690911 -1.408470 0.560666 0.891644 -0.638162 0.006132 
-2.672476 2.146930 0.975887 -1.651651 0.970050 0.672998 -2.026442 2.284457 -1.457556 0.052722 1.020106 -0.744313 -0.146048 
-2.853540 2.033802 1.070026 -1.561721 1.096762 0.673739 -2.204270 2.276349 -1.436436 -0.036738 1.033101 -0.851022 -0.151034 
-3.280266 2.559835 1.218575 -0.559190 1.736151 0.592093 -2.140243 2.646376 -1.307853 -0.250394 1.268005 -1.156133 0.195840 
-3.429240 2.373147 0.989402 0.334530 1.381526 0.112957 -0.688541 2.839703 -0.962474 0.038366 1.592409 -0.550806 0.378746 
-4.987880 1.738920 1.868260 1.100520 0.036288 -0.015577 0.667143 1.838015 -0.838341 0.511472 0.952005 -0.100285 0.558150 
-7.778918 1.921428 4.220185 2.098526 -0.557935 -0.236041 0.834850 1.764400 -1.008477 -0.044425 -0.080355 -0.529116 -0.010602 
-7.708803 2.010333 4.271703 1.573311 -0.630664 -0.133423 0.182546 1.387991 -1.117482 0.517783 0.419399 -0.662934 -0.745191 
-4.597799 2.030960 2.412331 -0.393875 -0.268834 0.586440 -0.611287 1.626437 -1.585214 0.778831 0.408466 -0.358861 -0.133002 
-3.769950 2.351317 2.516118 -0.363117 0.305360 1.166880 -0.670097 1.921152 -1.477992 0.992411 0.446391 -0.212327 0.071060 
-3.814479 2.463227 2.825981 -0.108765 0.413457 1.204944 -0.526090 2.120550 -1.434936 0.892070 0.626538 -0.119898 0.202037 
-5.457383 3.013110 4.182825 0.342003 0.532665 1.304076 -0.627437 2.243186 -1.443865 0.761936 1.518803 -0.144608 -0.170029 
-3.398732 2.293170 2.574049 -0.554169 0.643952 1.283108 -1.205416 2.145568 -1.458413 0.731772 0.881999 -0.344202 -0.016172 
-3.090360 2.039447 2.350356 -1.016375 0.584447 1.362681 -1.677915 2.024261 -1.568669 0.902528 0.572875 -0.383852 0.172105 
-4.328256 1.854963 2.295993 -1.058071 0.410281 1.092728 -1.399204 2.152558 -1.407832 0.543326 1.117382 -0.424018 0.446864 
-4.215067 1.758445 1.821507 -1.187315 0.193569 0.509647 -1.651152 1.604016 -1.685636 0.058028 0.556437 -0.995624 -0.128083 
-4.354135 1.649363 1.806773 -1.095670 0.303605 0.577797 -1.381122 2.044740 -1.400677 -0.259607 0.738514 -0.830732 -0.262330 
-3.703797 1.815854 1.915652 -1.298290 0.311592 0.748068 -1.595459 2.258645 -1.243015 -0.046839 0.869228 -0.521929 -0.122307 
-3.141727 1.573176 1.535978 -1.346622 0.587767 0.706415 -2.008932 2.259923 -1.286160 0.180394 1.071334 -0.571360 -0.024044 
-3.125108 1.493239 1.150597 -1.363498 0.703294 0.531821 -2.017476 2.094630 -1.216692 -0.170634 0.924793 -1.029655 -0.003595 
-3.163120 1.677900 1.179701 -1.280746 0.938831 0.534993 -2.069848 2.226492 -1.112547 -0.218879 0.866298 -1.092206 0.112864 
-3.022718 1.862204 1.172569 -1.362824 1.075933 0.534840 -2.226577 2.324122 -1.230083 -0.196679 0.951754 -1.085606 -0.008545 
-3.007075 1.825981 1.070896 -1.645882 0.912165 0.713905 -2.123964 2.239758 -1.383159 -0.159212 0.909051 -1.009987 -0.018716 
-3.006186 1.799742 1.114640 -1.698016 0.865489 0.725614 -2.103871 2.368221 -1.539329 -0.193910 0.865425 -0.963751 -0.089630 
-2.891130 2.010085 1.183488 -1.696710 0.893234 0.664552 -2.165764 2.391369 -1.566234 -0.172210 0.937674 -0.890813 -0.167671 
-2.757905 2.028509 1.192578 -1.519686 0.979188 0.598477 -2.183241 2.401523 -1.482159 -0.018030 0.919568 -0.789778 -0.051776 
-2.824365 1.961039 1.068347 -1.609920 0.985272 0.776538 -2.013673 2.372997 -1.321750 -0.060151 0.932478 -0.759467 -0.049952 
-2.972355 2.004987 1.133852 -1.708454 0.912522 0.730284 -2.145027 2.226597 -1.383954 -0.079932 0.969709 -0.900997 -0.138830 
-2.956128 1.889762 1.132459 -1.751027 0.998236 0.764450 -2.277676 2.220387 -1.562308 0.040972 0.948277 -0.882466 -0.191469 
-2.983288 1.988414 1.177942 -1.847096 1.046452 0.979070 -2.262414 2.116977 -1.614933 0.041002 0.933138 -0.817647 -0.051063 
-2.950026 2.134044 1.343702 -1.825707 0.889902 0.821422 -2.227984 2.315515 -1.634161 0.013451 0.952428 -0.801733 -0.100673 
-2.858237 1.991676 1.421842 -1.638402 1.015142 0.888288 -2.165588 2.493922 -1.550710 -0.016106 0.967293 -0.981314 -0.251223 
-2.882041 1.923810 1.310784 -1.782835 0.978374 0.859262 -2.274626 2.373191 -1.646348 -0.140649 0.981820 -0.938015 -0.181725 
-4.069826 1.234076 1.381950 -1.118890 0.264054 0.757025 -0.926740 1.631635 -1.401253 -0.347319 1.231163 -1.018399 -0.417214 
-4.052535 1.192393 1.376380 -1.068699 0.315401 0.684501 -0.991370 1.739292 -1.438956 -0.422972 1.229210 -0.870604 -0.343734 
-3.140334 1.862607 1.275675 -1.579345 0.931054 0.737095 -1.963933 2.506495 -1.410233 -0.245101 1.047297 -0.929710 -0.186591 
-3.033967 2.068162 0.959461 -1.968014 0.865980 0.826989 -1.922559 2.221674 -1.765525 -0.111140 0.927738 -0.535752 0.024652 
-3.006225 2.053465 0.966670 -1.923911 0.904064 0.813174 -1.947482 2.196373 -1.805025 -0.171053 0.871007 -0.541906 0.082233 
-3.028595 1.901688 1.316539 -1.668647 1.112145 0.944020 -2.181051 2.453284 -1.518469 -0.219479 0.923715 -0.963822 -0.130163 
-3.109164 2.126150 1.346261 -1.714618 1.100421 0.906634 -2.178413 2.489473 -1.485856 -0.231278 0.952093 -0.998255 -0.138383 
-2.985068 1.978460 1.350586 -1.757823 0.909569 0.910604 -2.126488 2.512329 -1.429051 -0.043503 1.013443 -0.867764 -0.042575 
-2.825769 2.144648 1.377598 -1.581995 1.081287 0.932874 -2.047072 2.604110 -1.496155 0.090358 0.849239 -0.908563 -0.152879 
