-2.940081 1.924312 1.399984 -1.815899 1.026894 0.889884 -2.329956 2.551060 -1.521142 -0.067769 1.113295 -0.929355 -0.135138 
-3.004256 1.933185 1.435730 -1.674286 1.112788 0.919563 -2.311131 2.528576 -1.523750 -0.207142 1.108505 -1.053626 -0.243635 
-2.984051 2.042406 1.227070 -1.779733 1.066329 0.820060 -2.301784 2.531342 -1.519120 -0.255061 1.048639 -0.917638 -0.158094 
-2.906791 2.220268 1.354887 -1.598412 1.080480 0.907210 -1.965714 2.662930 -1.466167 -0.059083 0.983857 -0.914742 -0.235961 
-2.756163 2.172537 1.329106 -1.531424 1.011937 0.731920 -2.137513 2.426490 -1.502514 0.029458 0.857965 -0.948332 -0.204065 
-2.842373 1.875838 1.107601 -1.580959 0.933957 0.694117 -2.089933 2.250771 -1.472383 -0.071699 0.908591 -0.868202 -0.083037 
-3.022417 1.647923 1.027125 -1.587787 0.946287 0.726501 -2.077044 2.227299 -1.407542 -0.109344 0.968547 -0.878779 -0.074507 
-2.815573 1.964999 1.199339 -1.678539 0.997573 0.732615 -2.215617 2.439500 -1.477813 -0.097972 0.907363 -0.899266 -0.144091 
-2.849444 1.969842 1.159231 -1.632172 1.033111 0.768704 -2.158463 2.416413 -1.382315 -0.106350 0.917905 -0.930595 -0.105517 
-2.902229 1.960346 1.119236 -1.783660 0.951624 0.795561 -2.153209 2.466544 -1.496588 -0.096777 0.872413 -0.950142 -0.153827 
-2.860488 1.930456 1.152051 -1.754418 0.914017 0.816971 -2.140290 2.423535 -1.482412 -0.044425 0.816197 -0.877329 -0.102325 
-2.795824 1.989206 1.241865 -1.630316 0.930068 0.785007 -2.102167 2.430110 -1.411310 -0.022145 0.904552 -0.923744 -0.092281 
-2.819146 1.954733 1.109841 -1.542535 1.011752 0.777145 -2.006292 2.318278 -1.496497 -0.050829 0.841486 -0.937459 -0.204350 
-2.779252 1.926686 1.067491 -1.568140 0.983123 0.673292 -2.111637 2.270328 -1.538786 -0.049853 0.808904 -0.872578 -0.111317 
-2.911165 1.891158 1.008740 -1.690728 0.770961 0.545014 -2.010556 2.346683 -1.361625 -0.093249 0.765227 -0.915351 0.096529 
-2.890788 1.952947 1.286653 -1.669162 0.720376 0.553917 -2.067637 2.618620 -1.391277 0.013222 0.642654 -0.946030 -0.026778 
-2.584783 1.772808 1.247346 -1.541319 0.837354 0.767835 -2.141213 2.285616 -1.606746 0.050994 0.766690 -0.786526 -0.120553 
-2.385132 2.588356 1.902962 -1.089357 1.431595 1.339614 -2.037697 3.042913 -1.671246 0.560618 0.988055 -0.638832 0.137297 
-2.396275 3.981037 2.147646 -1.066513 2.153203 1.591985 -2.117593 3.679020 -2.158751 0.693565 0.970349 -0.784361 0.430905 
-2.120043 2.514310 1.092079 -0.676065 1.283463 0.992596 -1.283586 2.441679 -1.301407 0.902709 0.692114 -0.367592 0.276976 
-2.425684 2.743437 1.249306 -0.778104 1.417115 1.055699 -1.476799 2.754999 -1.474994 0.816466 0.743518 -0.511014 0.323316 
-2.215568 5.039230 0.879639 0.321449 3.284897 1.608554 -1.391060 1.098024 -2.741320 0.933702 0.742073 -1.084332 -0.187607 
-1.987402 3.703596 0.636366 0.157941 2.127875 0.997677 -1.026064 1.346285 -1.932838 0.704024 0.053074 -1.130029 -0.428973 
-1.871084 3.988861 0.441753 0.416378 2.366489 0.593131 -1.536944 0.944964 -1.647828 1.122921 0.202003 -1.365265 -0.374635 
-2.107305 4.555642 0.136824 1.024299 3.094110 0.270885 -1.993968 0.437685 -1.622707 1.035439 0.456183 -1.967283 -0.416820 
-2.063537 3.754796 0.075017 0.883162 2.284972 -0.440885 -1.814996 1.202287 -1.021581 0.808301 0.486051 -1.368376 -0.611083 
-2.167735 3.735713 -0.397235 1.057100 2.719297 -0.331274 -1.887500 0.810270 -0.997742 1.001575 0.891209 -1.417306 -0.323422 
-1.986210 4.542125 -0.330049 1.024465 3.079674 0.204391 -1.591356 0.171280 -1.822154 1.457922 0.677919 -2.025293 0.145254 
-2.101819 4.208065 0.164107 0.616549 2.645827 0.518774 -1.489339 0.433557 -1.902266 1.292322 0.667130 -1.723508 -0.313740 
-2.713845 3.862783 0.648719 0.341051 2.775679 1.241414 -1.248047 1.135428 -1.602679 1.274675 0.924199 -1.487023 -0.519082 
-3.049470 3.799922 1.505910 -0.816914 1.318242 0.843977 -1.642985 1.503822 -2.032693 0.549188 0.301026 -0.925794 -0.252184 
-2.930907 3.743925 0.757361 -2.069520 -0.512130 -0.496526 -1.683283 1.236770 -1.717570 0.963259 0.230148 -0.955405 -0.602559 
-2.968429 3.049017 0.800223 -0.979732 -0.141394 -0.762963 -1.287008 1.636342 -1.702003 0.884028 0.315683 -0.889296 -0.427273 
-3.167554 2.584138 1.051690 -0.658360 0.145023 -0.185573 -1.100602 1.468727 -1.533544 0.868159 0.366082 -0.912578 -0.229273 
-3.497792 2.541765 1.552528 -0.105200 1.031789 0.884897 -0.920571 1.275466 -1.059730 0.415885 0.580716 -0.890766 -0.589930 
-3.655385 2.661520 2.212057 -0.283450 1.242672 1.546527 -1.552015 1.086984 -1.621186 0.354623 0.395759 -0.816263 -0.553156 
-2.631392 3.950685 1.321227 -1.452833 1.459852 2.352975 -0.723226 1.169345 -2.956166 0.781597 -0.246333 -0.699414 -0.033819 
-2.090757 4.893374 -0.177056 -0.881029 2.435961 1.315860 -0.456594 1.732985 -3.008507 0.318940 -0.280520 -1.088916 0.767031 
-1.618448 4.783607 -1.525951 -0.870367 2.605052 0.643493 -0.109652 1.977982 -3.014654 0.015903 -0.483546 -0.943123 0.778008 
-1.683247 4.800822 -1.556468 -1.327298 2.477376 0.857497 -0.478776 1.610971 -2.574428 0.055461 -0.849849 -0.840955 0.366830 
-1.595314 5.339333 -1.884323 -1.843868 2.666719 1.030643 -0.710730 1.526169 -2.450064 0.124734 -1.226573 -0.984428 0.499510 
-1.580898 5.436434 -2.086256 -1.857110 2.357669 0.552645 -0.587787 1.606992 -2.601520 0.154377 -1.040379 -1.277315 0.357836 
-1.679009 4.509666 -1.389654 -1.386761 1.826991 0.283068 -0.862020 1.662369 -2.353990 0.043835 -1.180160 -0.905769 0.618585 
-1.281552 4.997116 -0.384610 -1.246100 1.579500 0.135190 -1.306235 2.034380 -2.648336 0.410285 -1.106962 -0.711435 0.755635 
-0.883249 6.658922 -0.294723 -1.845384 1.826097 -0.138903 -1.437137 3.340746 -2.805244 0.503861 -0.937228 -0.873528 0.826718 
-2.318593 2.885046 0.437986 -1.439275 1.022876 0.515350 -1.595437 2.344144 -1.702695 0.389369 0.255142 -0.687770 0.079599 
-2.489973 2.422748 1.175324 -1.225401 1.145988 1.011088 -1.733057 2.653845 -1.627676 0.368519 0.604811 -0.733876 0.013182 
-3.023961 2.957428 2.064058 -1.478874 1.687207 1.472405 -2.661460 3.407005 -2.050164 0.191338 1.223945 -1.013153 -0.173516 
-1.614678 6.048894 1.315541 -2.393789 0.597987 0.145099 -2.243872 2.333641 -2.371679 1.392231 -0.239204 -0.783056 -0.426891 
-0.919603 6.322536 1.212731 -2.091642 0.512558 -0.320866 -1.806291 3.089953 -2.929251 1.473626 -0.207155 -0.840816 -0.584193 
-0.818870 6.823414 1.360972 -1.961677 1.017080 -0.176051 -2.133941 3.007183 -3.302860 1.602116 -0.231680 -1.064512 -0.849501 
-1.088840 5.169154 1.147021 -1.431349 0.364550 -0.463873 -2.049142 2.176415 -2.956018 1.495035 -0.832819 -0.921269 -0.602223 
-0.914417 5.330052 1.145136 -1.531833 -0.419227 -0.967035 -1.960316 2.008462 -2.954975 2.041662 -1.099343 -0.686554 -0.475122 
-0.600387 8.021337 2.876575 -3.392297 -1.811338 -0.495356 -2.222487 2.412944 -3.891351 3.431015 -1.634593 -0.819987 -0.681757 
-0.532175 6.208578 1.587251 -1.927848 -0.289655 -0.754141 -2.280543 2.382379 -3.044313 2.409393 -0.900855 -0.479101 -0.138380 
-0.481289 6.445202 1.746137 -1.861912 0.013150 -0.670464 -2.444541 2.581876 -3.107611 2.393138 -0.780765 -0.422089 -0.023784 
-0.914639 5.403452 0.755862 -1.234456 0.336987 -0.784338 -1.621517 2.161261 -2.775981 1.773758 -0.496033 -0.582558 0.251355 
-1.027668 5.246362 0.662481 -1.368914 0.201172 -0.853565 -1.760655 1.979891 -2.811104 1.689168 -0.498305 -0.490130 0.285650 
-0.647314 5.324510 1.696924 -1.292207 0.304280 -0.694402 -2.695172 2.250559 -3.045810 1.951565 -0.446631 -0.232785 -0.019386 
0.085011 8.747476 3.048878 -2.674226 0.568297 -0.853913 -3.947479 4.289446 -3.730457 2.764635 -0.267256 -0.450581 -0.174949 
-0.867299 7.775387 3.526310 -2.959358 0.881412 0.362603 -3.728961 4.283169 -3.259294 2.259083 0.323781 -0.911168 -0.609938 
-2.534548 2.673084 1.322290 -1.519049 0.883971 0.473925 -2.365639 2.658235 -1.691428 0.634444 0.889213 -0.622922 0.092744 
-2.574495 2.336143 0.984578 -1.455224 0.755529 0.368432 -2.035681 2.397997 -1.387561 0.526515 0.805455 -0.606014 0.091160 
-3.038793 1.876844 0.891160 -1.630901 0.938578 0.702857 -2.053176 2.123048 -1.341438 -0.072734 0.790956 -0.861647 0.054879 
-2.686115 1.669532 1.110044 -1.721962 0.803313 0.848101 -2.181953 2.251391 -1.474077 -0.040376 0.771271 -0.755521 0.242078 
-3.016366 2.074050 1.201344 -2.109463 0.487780 0.839509 -1.799118 2.554696 -1.661244 -0.265595 0.573219 -0.673023 -0.049991 
-3.021081 2.662981 1.365839 -1.622606 0.912956 0.645037 -2.013501 2.188750 -1.757139 -0.069074 0.640990 -0.800696 0.001109 
-2.773185 2.341551 1.161366 -1.624693 0.944422 0.455645 -2.347156 2.094954 -1.772020 0.074179 0.995814 -0.712806 0.054469 
-2.728507 2.023187 1.266033 -1.669504 0.912442 0.682562 -2.265192 2.349819 -1.614425 -0.014806 0.978819 -0.890409 -0.114780 
-2.842589 1.955465 1.406509 -1.602380 0.912035 0.767430 -2.146169 2.462081 -1.482650 -0.096721 0.915611 -0.974633 -0.197718 
-2.977304 1.873457 1.324133 -1.685156 0.894701 0.737355 -2.158453 2.444507 -1.482037 -0.135078 0.925202 -0.948701 -0.144008 
-2.984159 1.997613 1.354104 -1.678277 1.046977 0.854290 -2.192353 2.494031 -1.523757 -0.101413 1.029585 -0.927176 -0.088058 
-2.896997 1.967888 1.355656 -1.804395 0.978886 0.857999 -2.213466 2.578675 -1.533714 -0.085976 0.968956 -0.955340 -0.231044 
-2.927331 2.031354 1.195544 -1.993204 0.893544 0.863263 -2.126954 2.517340 -1.385000 -0.072744 1.023020 -0.964562 -0.186747 
-3.032093 2.041929 1.223868 -1.887436 0.984462 0.889724 -2.099482 2.578361 -1.317036 -0.118553 1.108950 -0.944939 -0.212088 
