-2.845076 1.892314 1.379129 -1.709973 1.043770 0.930791 -2.241576 2.483048 -1.543134 -0.039493 1.017947 -0.939631 -0.157491 
-2.917065 1.935176 1.295672 -1.647648 0.929700 0.700839 -2.248219 2.311604 -1.656413 -0.249980 1.022108 -0.795993 0.005220 
-2.997528 1.853610 1.127602 -1.847674 0.924093 0.860614 -2.094176 2.384790 -1.608983 -0.172694 1.062759 -0.872552 -0.208495 
-2.814929 1.958406 1.248497 -1.712720 1.073429 0.869037 -2.211141 2.496884 -1.523869 -0.071201 1.045792 -0.973230 -0.205262 
-2.823185 1.867355 1.277564 -1.581466 1.015854 0.838799 -2.096265 2.426731 -1.523170 -0.081057 0.960288 -0.975538 -0.140762 
-2.863198 1.912502 1.298388 -1.649515 1.010032 0.827603 -2.181484 2.426642 -1.504345 -0.109944 0.939578 -0.954484 -0.171273 
-2.933944 1.877870 1.304177 -1.689606 0.973877 0.822278 -2.218120 2.366018 -1.526562 -0.150454 1.013988 -0.913536 -0.182106 
-2.992086 1.837422 1.291337 -1.736175 0.970238 0.850840 -2.224744 2.396418 -1.541891 -0.140572 1.007041 -0.955582 -0.133995 
-2.933415 1.935372 1.425599 -1.735201 1.009820 0.870212 -2.270250 2.537998 -1.560976 -0.089897 1.076453 -0.894660 -0.104433 
-2.963377 1.945629 1.358852 -1.731770 0.963023 0.765526 -2.287054 2.507499 -1.547009 -0.121259 1.114806 -0.903929 -0.159307 
-2.921448 1.894750 1.394968 -1.839010 0.877996 0.810917 -2.320410 2.560507 -1.570316 -0.029527 1.079603 -0.921607 -0.125017 
-2.453957 2.125059 1.222912 -1.265559 0.935892 0.777027 -1.945688 2.255359 -1.759562 0.146512 0.510971 -0.854958 -0.287693 
-2.312721 3.263768 1.764358 -0.960877 1.611000 1.177263 -1.873883 3.169724 -2.142272 0.461926 0.765916 -0.614737 0.164236 
-2.676761 3.779347 1.967253 -0.819335 1.821760 1.205750 -1.575620 3.928361 -2.164281 -0.102368 0.820609 -0.689996 0.168227 
-3.011004 3.886161 1.281958 -0.196740 2.694044 1.102343 -1.291306 3.713178 -2.043518 -0.335135 0.892639 -0.614998 0.619639 
-2.052432 2.726727 0.451328 -0.614848 0.914366 0.534795 -0.906002 1.686009 -1.611042 0.642169 -0.101813 -0.437386 0.175132 
-1.988148 3.885713 0.554927 0.006285 1.772840 0.741594 -0.901934 1.094868 -1.906199 0.777265 0.058776 -0.824286 -0.119447 
-2.381852 4.725132 0.642895 0.485444 2.461770 0.704630 -1.253330 0.539144 -2.159328 1.023651 0.139049 -1.455697 -0.489891 
-1.674953 4.261533 -0.037548 0.431639 2.305195 -0.196068 -1.333699 1.709404 -2.042778 0.840169 0.454165 -1.502775 -0.886334 
-1.729362 4.140545 -0.030572 0.720783 2.484319 -0.283317 -1.389899 1.583737 -1.943002 1.215037 0.842112 -1.761118 -0.714920 
-2.145804 4.742298 0.404150 1.038234 3.266571 0.564857 -1.540479 0.876945 -2.121713 1.520352 1.150730 -2.020998 -0.458921 
-2.648009 4.605768 0.801812 0.217064 3.071192 1.644093 -1.122425 1.034146 -2.041843 1.602005 1.226197 -1.731336 -0.793350 
-2.925654 4.098999 1.227739 -1.139108 1.782206 1.707024 -1.096636 1.486266 -2.502008 0.897709 1.064723 -0.869778 -0.587628 
-3.475159 3.395720 0.785811 -1.794527 1.727878 1.491528 -1.998575 1.602010 -1.945582 0.015441 0.632864 -0.561065 -0.225967 
-4.076490 2.349553 -1.354089 -2.620133 0.937304 0.847152 -1.226450 0.690989 -2.007597 -0.593164 0.052450 -0.510348 -0.016232 
-4.991917 2.633790 -1.061245 -2.764813 1.376977 1.742028 -0.786761 1.264190 -1.089074 -0.126835 0.332294 0.114699 0.184270 
-4.127165 2.984874 2.279346 -0.855231 0.927005 1.887215 -0.845478 1.443701 -1.020686 0.622486 0.487380 -0.284243 0.191432 
-2.767396 2.934812 2.875088 -0.504614 1.074431 2.700345 -0.420690 1.519880 -2.901543 1.055572 0.849440 -0.378873 -0.244288 
-2.917081 3.963592 0.306649 -0.205241 2.350553 2.027310 1.120162 1.761977 -3.492836 0.552726 0.984125 -0.801215 0.100146 
-2.580782 4.540441 -1.921852 -1.010310 3.400215 1.879402 0.890913 1.715374 -2.793260 0.366839 0.862258 -1.056458 -0.164548 
-2.101551 5.006028 -1.571094 -1.284832 3.134636 1.852722 0.391219 1.486475 -2.658286 0.970653 0.130060 -1.589935 0.111022 
-1.825158 5.453384 -1.867272 -1.445188 3.327588 1.870795 0.332273 1.319209 -2.977844 0.834681 -0.252849 -1.560724 0.405371 
-1.588723 5.547403 -1.666339 -1.495231 2.782621 1.173907 0.170562 1.846645 -3.196771 0.687707 -0.528161 -1.643089 0.248752 
-1.365222 4.956528 -0.068267 -1.204014 1.596717 0.675059 -0.299601 2.562844 -3.209182 0.159524 -1.132188 -0.658931 0.172643 
-1.245379 4.831374 0.282477 -1.449008 1.122628 0.305437 -0.774879 3.041520 -3.023416 0.168046 -0.917013 -0.455176 0.297714 
-0.984085 6.202582 0.529963 -1.754248 1.394171 -0.068696 -1.322440 4.026034 -2.622640 0.391973 -0.875446 -0.608368 0.363110 
-2.407200 2.634316 0.890894 -1.286275 1.005985 0.677592 -1.631923 2.574724 -1.549553 0.531855 0.452516 -0.702874 -0.022767 
-2.755731 2.726635 1.519600 -1.281783 1.669592 1.476578 -1.907370 2.925579 -1.711752 0.194441 0.875771 -0.957602 -0.130432 
-2.849433 2.336451 1.513909 -1.488795 1.215942 1.030993 -2.300473 2.665574 -1.742181 0.005147 0.753266 -0.912432 -0.000463 
-2.105291 2.114156 0.608049 -0.893188 0.643477 0.579848 -1.230427 1.795014 -1.588473 0.668444 0.132403 -0.438110 0.096766 
-1.663988 3.699409 1.198207 -0.969093 0.797407 0.519101 -1.177049 2.523148 -2.116703 1.085048 -0.611383 -1.110596 -0.780002 
-0.992628 8.278600 3.015301 -2.880907 -1.069916 -0.060660 -1.144244 3.146652 -3.816048 2.436511 -1.345793 -1.604982 -1.363441 
-0.467763 6.886716 1.889911 -2.141855 -0.663059 -0.955744 -1.995660 3.076935 -3.330053 2.839979 -1.429205 -1.023974 -1.023957 
-0.256701 6.924328 2.128078 -2.295841 -0.601183 -0.458533 -1.866879 3.002728 -3.460581 3.030971 -1.165693 -0.652180 -0.549510 
-0.357214 6.373134 2.116096 -2.271504 -0.419146 -0.031429 -2.115574 2.516765 -3.088802 2.998662 -1.076005 -0.497020 0.004917 
-1.098474 5.782096 1.244776 -1.473252 0.018126 -0.746747 -1.751837 2.028694 -2.622854 2.059705 -0.486646 -0.895220 0.038360 
-1.198029 5.744399 1.082771 -1.210940 0.516120 -0.822454 -2.114214 1.894336 -2.749488 1.747861 -0.335068 -0.742427 0.073115 
-0.678972 7.228289 3.330105 -2.150478 -0.936933 -0.640889 -2.665922 2.509142 -3.587900 3.154011 -1.325427 -0.618211 -0.017688 
-0.577834 6.942660 2.948548 -1.907034 -0.194846 -0.481340 -2.650805 2.898341 -3.381302 2.889671 -0.704161 -0.582881 -0.017615 
-0.373892 7.423822 2.832330 -2.392596 0.770728 0.078922 -3.018440 3.984380 -3.187224 2.569469 -0.178109 -0.838439 -0.157563 
-1.544667 4.392326 2.260262 -1.741396 0.772744 0.271508 -2.728574 3.346669 -2.221422 1.666182 0.665956 -0.347341 -0.083503 
-2.510217 2.099954 1.543945 -1.315058 0.784623 0.820542 -2.068709 2.479450 -1.614848 0.640941 0.985968 -0.424184 0.170496 
-2.892350 2.538576 1.230774 -1.722080 0.757855 0.502972 -2.061068 2.375479 -1.485893 0.313665 1.056648 -0.657035 0.058253 
-3.136775 2.078237 1.087974 -1.949771 0.655725 0.605840 -2.120764 2.266907 -1.409958 -0.032455 0.983213 -0.807382 -0.154439 
-3.024110 2.102047 1.239612 -1.927699 0.902475 0.755843 -2.357484 2.181310 -1.614127 -0.132881 1.031946 -0.558697 -0.036190 
-2.911366 2.045404 1.207498 -1.645079 0.966981 0.671251 -2.234078 2.262064 -1.489604 0.005068 1.093208 -0.852318 -0.237249 
-2.920378 1.878014 1.255126 -1.664170 0.955015 0.724597 -2.231637 2.458500 -1.422632 -0.012595 0.905238 -1.036985 -0.347344 
-2.878101 1.794139 1.250807 -1.690932 1.016031 0.819884 -2.319311 2.440196 -1.540171 -0.071872 0.988639 -0.846192 -0.103033 
-2.869149 1.992948 1.277335 -1.670652 0.955488 0.753918 -2.181329 2.409580 -1.579160 -0.071584 0.926414 -0.873991 -0.120290 
-2.867108 2.010294 1.228040 -1.720274 0.933760 0.740970 -2.156548 2.458199 -1.560286 -0.090787 0.957039 -0.899349 -0.092980 
-2.950796 2.001134 1.267992 -1.689791 0.975043 0.765893 -2.170033 2.434761 -1.530878 -0.090783 1.045494 -0.885332 -0.068277 
-2.889594 2.050309 1.360394 -1.674748 1.052634 0.780696 -2.314099 2.502121 -1.598412 -0.180245 0.910044 -1.084138 -0.210222 
-2.853376 2.047591 1.244462 -1.648062 1.015343 0.746916 -2.190745 2.515782 -1.588281 -0.140329 0.866353 -0.963831 -0.226118 
-3.003143 2.029270 1.285655 -1.613164 0.987709 0.725265 -2.219132 2.450833 -1.547756 -0.070448 1.006216 -0.801821 -0.133015 
-2.767446 2.039348 1.380928 -1.540982 1.021902 0.898422 -2.038445 2.478207 -1.563580 -0.089290 0.807102 -0.935261 -0.057294 
-2.702449 2.083762 1.273687 -1.644982 0.936043 0.746689 -2.136442 2.425377 -1.584119 -0.041357 0.807562 -0.859262 -0.041194 
-2.719638 1.880570 1.200356 -1.673316 0.907423 0.728699 -2.229323 2.309252 -1.538920 0.015199 0.870952 -0.850713 -0.111116 
-2.830041 1.670580 1.215658 -1.621568 0.946960 0.869306 -2.170996 2.231022 -1.484676 -0.080086 0.947832 -0.967672 -0.087197 
-2.820966 1.927838 1.241861 -1.604487 0.976380 0.753706 -2.143821 2.429629 -1.494530 -0.050086 0.880669 -0.929265 -0.058366 
-2.822406 1.994034 1.208992 -1.644022 0.914713 0.718758 -2.105283 2.415302 -1.451959 -0.061455 0.938472 -0.809363 -0.033612 
-2.884271 2.040627 1.175643 -1.666308 0.953390 0.714559 -2.175079 2.327473 -1.507592 -0.063207 0.992352 -0.859639 -0.049963 
-2.868145 1.804062 1.089622 -1.679226 0.933316 0.705292 -2.183720 2.391830 -1.501152 -0.109626 0.929794 -0.853463 -0.113794 
-2.866035 1.852006 1.103683 -1.652193 0.908907 0.694906 -2.127557 2.390238 -1.517640 -0.098139 0.947383 -0.855227 -0.059744 
-2.837162 1.960489 1.237734 -1.574141 0.956941 0.717149 -2.133156 2.412810 -1.447268 -0.106282 0.923642 -0.832823 -0.020602 
-2.831935 1.890134 1.347354 -1.486173 0.961919 0.674853 -2.174932 2.476339 -1.383018 -0.057830 0.916052 -0.907671 -0.118291 
