-2.872749 2.007142 1.425703 -1.665063 1.085477 0.937901 -2.202854 2.594626 -1.500676 -0.017927 1.073012 -0.943584 -0.143700 
-2.790515 2.039358 1.365530 -1.626883 1.120496 0.888924 -2.272365 2.446482 -1.593797 -0.170670 0.877073 -0.835630 -0.139987 
-2.880678 1.804177 1.014279 -1.830261 0.959383 0.801137 -2.199968 2.338975 -1.509345 -0.089300 0.889104 -0.838780 -0.136849 
-2.906982 1.909579 1.200191 -1.659668 1.006598 0.753010 -2.188105 2.442236 -1.501551 -0.106040 0.962620 -0.839938 -0.069526 
-2.841200 1.921756 1.157036 -1.687395 0.984340 0.741416 -2.192971 2.444726 -1.490998 -0.114830 0.871908 -0.876589 -0.094223 
-2.926698 1.919148 1.027435 -1.687865 0.971348 0.677836 -2.133695 2.397616 -1.495432 -0.142607 0.881635 -0.955620 -0.161925 
-2.917432 1.886258 1.127970 -1.599914 0.992679 0.734247 -2.119401 2.458660 -1.361016 -0.011034 0.909081 -0.871105 -0.129773 
-2.748746 2.015692 1.127307 -1.631127 0.967280 0.708387 -2.109375 2.454910 -1.353521 0.011824 0.895628 -0.852996 -0.084465 
-2.794985 2.095060 1.115410 -1.573388 0.998745 0.683901 -2.048855 2.411264 -1.445434 0.006359 0.834416 -0.881086 -0.120212 
-2.747155 2.037446 1.191312 -1.495823 1.042977 0.764827 -2.013260 2.402382 -1.499782 0.019792 0.846498 -0.886900 -0.141196 
-2.866463 2.498821 1.474392 -1.486907 1.431114 1.195109 -2.284935 3.026967 -1.741356 0.094127 0.979044 -1.025136 -0.097950 
-2.827271 4.183763 2.402989 -1.087597 2.376337 1.514113 -2.671788 3.963268 -1.691889 1.003891 1.555942 -1.017316 -0.065104 
-2.155988 3.155297 1.756012 -0.714211 1.677366 1.279846 -1.635692 3.046092 -1.690095 0.830583 0.782308 -0.463388 0.298284 
-2.544902 3.703141 1.592093 -0.515154 1.914737 0.907089 -1.661001 3.229441 -1.796076 0.184278 0.752746 -0.728850 0.468918 
-2.836455 4.147514 1.861226 -0.138303 2.361022 0.657257 -1.781739 4.220397 -1.645821 -0.112402 0.662202 -1.047966 0.468546 
-2.708894 4.178018 1.841119 -0.050383 2.437921 0.936486 -1.409813 4.117602 -2.002926 0.383657 1.273156 -0.728171 0.403246 
-2.256360 4.675296 -0.417964 -0.536779 2.415360 -0.198103 -2.046877 1.960410 -0.824715 0.331282 0.132127 -0.262766 0.479171 
-1.945676 4.552601 -0.127373 0.761312 2.895581 0.185722 -1.357310 0.929211 -2.222260 0.777214 0.368384 -1.340550 -0.430590 
-2.130999 4.664526 -0.304978 1.113807 3.215012 0.169824 -1.363503 0.552563 -2.264658 0.958921 0.738189 -1.767814 -0.647844 
-2.164358 3.703590 -0.306426 0.967401 2.500907 -0.722473 -1.892567 1.259125 -1.261999 0.579078 0.798080 -1.378230 -0.768931 
-2.158621 3.895693 0.060054 1.205939 2.637399 -0.504816 -1.844678 1.364763 -1.134761 0.821118 1.035015 -1.458780 -0.613586 
-2.233004 4.477970 0.482370 1.606264 3.291824 0.106497 -1.803181 0.872615 -2.180859 1.416715 1.381723 -1.967205 -0.326434 
-2.325087 5.229427 0.395608 1.173995 4.194273 0.871744 -1.757009 1.413913 -2.644138 1.526806 1.853428 -1.792680 -0.524541 
-3.277775 4.404851 0.701088 -0.447537 2.731572 1.388067 -1.490508 1.130226 -1.795615 0.722317 1.180813 -0.881627 -0.518164 
-3.524302 2.920317 -0.589303 -2.215901 0.673719 0.474143 -1.280189 1.342209 -0.726306 0.147264 -0.164692 -0.981470 -0.627124 
-2.733695 3.373902 -2.010249 -3.936977 -0.121748 0.471651 -1.260260 1.305895 -1.656868 0.509553 -0.489424 0.291998 -0.655936 
-2.797116 3.495362 -1.186889 -3.478682 0.199690 0.827258 -1.231655 1.758460 -0.811594 0.659961 -0.121886 0.677405 -0.301846 
-3.633150 2.376055 1.227002 -1.564678 0.435264 1.204705 -1.206616 1.785274 -0.674611 0.925464 0.712382 -0.143956 -0.437170 
-3.738088 2.656604 1.372660 0.178508 1.465911 1.506293 0.210062 1.611255 -1.985042 0.167318 0.908208 -0.135782 -0.504704 
-3.159714 2.668936 0.667870 0.531236 2.252021 1.663926 0.510932 1.957115 -2.145926 0.124847 0.502782 -0.350865 0.069594 
-2.386407 3.946188 -0.921488 -0.589081 2.938291 1.815897 0.301020 1.865551 -2.108648 0.211719 -0.337080 -0.364934 0.630644 
-1.797802 5.225813 -1.849424 -1.182939 3.431667 1.678305 0.056775 1.677052 -2.309156 0.372042 -0.328536 -0.796507 0.311522 
-1.697026 5.509010 -2.008284 -1.570954 3.383583 1.782959 0.210283 1.825749 -2.716300 0.240923 -0.491270 -0.546960 0.231447 
-1.723454 4.885541 -1.693884 -1.422420 2.771121 1.361429 -0.016533 1.669866 -2.653068 0.128340 -0.547338 -0.549046 -0.018256 
-1.765677 4.972715 -1.821050 -1.577818 2.812828 1.303430 -0.186579 1.666592 -2.683395 0.224816 -0.313889 -0.463573 0.124244 
-1.757618 4.573475 -1.530637 -1.310715 2.619359 0.776207 -0.525036 2.118269 -2.748085 0.335135 -0.260468 -0.561718 0.326389 
-1.492173 4.311512 -0.279511 -1.163945 1.732139 0.540102 -1.039357 2.214543 -2.541550 0.263318 -0.916638 -0.666369 0.158414 
-1.390645 4.402497 0.351502 -1.073850 1.304704 0.708417 -0.663286 2.491132 -2.325912 0.533867 -1.207497 -0.950220 -0.193116 
-1.365721 5.971020 1.216507 -2.051321 1.173504 1.629792 -0.028382 3.815089 -2.341831 1.923075 -1.053378 -1.507556 -0.777883 
-2.860331 4.272996 1.595209 -2.115716 2.201358 1.596203 -2.428459 4.401131 -1.881844 0.571608 0.815216 -1.391485 -0.404338 
-2.617532 2.263972 1.218780 -1.368814 1.068168 0.813199 -2.043879 2.416074 -1.669951 0.227968 0.819879 -0.727752 0.126545 
-4.730602 2.111694 0.318531 -0.674252 1.182608 0.467355 -0.943939 1.182787 -0.971089 -0.042848 0.752216 -0.647735 0.179616 
-2.496645 4.945429 1.203590 -1.937362 0.396902 -0.017425 -1.301203 2.902483 -1.717044 1.381488 0.627295 -1.111692 -0.333985 
-0.938649 6.917413 2.365939 -2.133482 0.308819 0.169587 -1.422283 3.491503 -3.187623 2.210567 -0.203714 -1.509823 -0.787009 
-0.748549 5.853537 1.494913 -1.351534 0.544281 -0.506910 -1.804823 3.043716 -2.752355 1.578742 -0.435774 -0.776688 -0.477253 
-0.654881 5.783665 1.145897 -1.417251 0.553412 -0.649941 -1.972848 2.841078 -2.809889 1.711709 -0.537432 -0.682891 -0.425981 
-0.260055 6.170690 1.480361 -1.801835 0.653834 -0.338732 -2.578535 2.684791 -3.266375 2.319240 -0.701267 -0.656081 -0.349037 
-0.568717 6.689975 2.332129 -1.790413 -0.472055 -1.085624 -2.733400 2.455800 -3.293271 2.597105 -0.918632 -0.596549 -0.380306 
-0.384942 6.419159 1.741603 -1.626977 0.047324 -0.925522 -2.479361 2.451815 -3.313012 2.118790 -0.567583 -0.334393 0.012746 
-0.441983 6.369544 2.004244 -1.397444 0.440835 -0.604125 -2.472022 2.596451 -3.302169 1.966780 -0.358510 -0.372683 0.072155 
-0.377748 6.204705 1.784899 -1.766102 0.775101 -0.275358 -2.999562 2.421252 -3.238425 1.987426 -0.277388 -0.049463 0.343389 
-0.711845 5.305676 1.283473 -1.599113 0.886013 -0.254911 -2.755963 2.284072 -2.943473 1.647711 -0.007957 -0.049581 0.340092 
-0.540825 6.169466 2.198955 -1.667648 0.553817 -0.513566 -2.993533 2.822851 -3.276397 2.148593 -0.147050 -0.242813 0.052498 
-0.690720 8.226160 3.285203 -2.919543 0.853328 -0.008174 -3.674403 4.253342 -3.210786 2.150201 0.050951 -0.640313 -0.158886 
-2.406363 2.514538 1.247684 -1.578585 0.879108 0.430429 -2.498248 2.548695 -2.080262 0.150574 0.487433 -1.037257 -0.266170 
-2.581296 2.083858 1.151004 -1.251799 1.081096 0.693491 -1.977386 2.502505 -1.725236 -0.008267 0.558128 -1.059533 -0.297701 
-2.906219 2.187289 1.310875 -1.834876 0.766378 0.456136 -2.577684 2.464443 -1.619773 0.279542 1.153097 -0.669700 0.071348 
-2.781820 2.103562 1.233390 -1.636541 0.912630 0.617594 -2.237716 2.438647 -1.408592 0.101727 1.071807 -0.744487 -0.031137 
-2.932927 2.064500 1.127610 -1.652922 0.953899 0.657705 -2.137664 2.404057 -1.457136 0.019073 0.932861 -0.778054 -0.135303 
-2.771056 2.095149 1.088697 -1.704494 0.887519 0.570515 -2.145611 2.432918 -1.584655 0.054909 0.818114 -0.796274 -0.130766 
-2.763858 2.021531 1.029245 -1.788325 0.739385 0.514939 -2.170140 2.362777 -1.313823 0.146135 0.932440 -0.756916 -0.157865 
-2.896518 2.064158 1.081942 -1.640901 0.869681 0.488031 -2.321869 2.208776 -1.242071 0.136352 1.031427 -0.885468 -0.107147 
-2.930707 1.887442 1.085367 -1.429222 1.045055 0.647246 -2.145708 2.231443 -1.471980 -0.112020 0.982471 -0.928468 -0.080236 
-2.871874 1.820672 1.009335 -1.547203 1.008060 0.623495 -2.102570 2.354400 -1.524257 -0.102694 1.011482 -0.915112 -0.111162 
-3.557252 1.086864 1.124666 0.355145 1.266815 -0.360905 -1.750515 2.365388 -0.668102 -1.214446 0.762003 -0.648229 0.429846 
-3.657610 1.055264 1.183566 0.393919 1.258150 -0.367524 -1.750176 2.375558 -0.736802 -1.347817 0.688271 -0.793500 0.393833 
-3.104488 1.753732 1.418170 -1.383921 0.954099 0.721648 -1.996374 2.349150 -1.657559 -0.348808 0.969081 -1.005425 -0.293899 
-2.910979 1.761894 1.358429 -1.605069 0.992228 0.810028 -2.123432 2.569342 -1.487164 -0.167689 1.130894 -0.945057 -0.159747 
-2.909502 1.978681 1.303286 -1.803923 1.027694 0.861692 -2.367279 2.354553 -1.405308 0.062465 0.990441 -1.092643 -0.174519 
-2.913352 1.952902 1.376144 -1.719223 1.052709 0.880279 -2.300053 2.446810 -1.495732 -0.018436 0.959964 -0.952214 -0.133348 
-2.946389 2.029221 1.505539 -1.713425 1.017893 0.847443 -2.318211 2.516742 -1.535074 -0.082258 1.173415 -0.852055 -0.151813 
-2.887628 1.993589 1.433589 -1.687397 1.058338 0.873558 -2.253370 2.600979 -1.498170 -0.133748 1.120530 -0.946868 -0.177527 
-2.989126 2.078520 1.369746 -1.768777 1.009294 0.796974 -2.305777 2.535157 -1.687123 -0.107723 1.005279 -0.989792 -0.236447 
-3.119565 2.104729 1.134249 -1.801641 1.035264 0.756942 -2.206057 2.513261 -1.622278 -0.163825 1.099742 -0.922318 -0.184456 
-2.941257 2.135440 1.249127 -1.571912 1.129635 0.819914 -2.096931 2.599645 -1.419127 -0.035954 1.098666 -0.900908 -0.181880 
