-2.818262 1.924254 1.386944 -1.774702 0.948022 0.864839 -2.250638 2.559689 -1.619371 -0.097852 0.918866 -0.875774 -0.095161 
-3.155861 1.912936 0.693431 -1.700266 1.289310 0.904886 -2.107087 1.941727 -1.469881 -0.226643 1.201486 -0.709759 -0.007225 
-3.385804 1.767436 0.368316 -1.666177 1.416937 1.038129 -1.808208 1.887513 -1.414124 -0.407106 1.057859 -0.761674 0.122119 
-2.962430 2.040991 1.119866 -1.730274 0.969132 0.785493 -2.073978 2.317410 -1.646908 -0.140686 0.981581 -0.917095 -0.069092 
-2.871010 2.062974 0.939313 -1.868067 1.070613 1.011437 -1.922958 2.267811 -1.674099 -0.205003 0.980088 -0.710177 0.050903 
-2.906186 2.118570 0.855400 -1.898074 1.269049 1.164378 -1.856225 2.373055 -1.732605 -0.320216 0.943126 -0.606873 -0.032174 
-2.850622 2.039155 1.303619 -1.748003 1.009017 0.870214 -2.116980 2.531486 -1.623280 -0.129669 0.967182 -0.843196 -0.182619 
-2.964878 1.903747 1.234090 -1.741329 0.936454 0.765654 -2.164897 2.446586 -1.597597 -0.141187 0.934129 -0.985678 -0.276715 
-2.907807 1.972878 1.350938 -1.703328 0.957353 0.813080 -2.170685 2.512237 -1.561763 -0.102207 1.004558 -0.957171 -0.202580 
-2.920572 2.014997 1.433704 -1.703788 1.015772 0.795719 -2.303821 2.514712 -1.561380 -0.113905 0.958561 -0.960089 -0.155432 
-2.836029 2.059489 1.531472 -1.633414 1.051449 0.855660 -2.255215 2.539683 -1.527329 -0.034339 1.101632 -0.957506 -0.164956 
-2.927999 2.035626 1.495553 -1.723845 1.034239 0.953474 -2.242042 2.535675 -1.536159 -0.020688 1.032709 -0.915294 -0.139362 
-3.035925 2.073994 1.446007 -1.751848 0.972485 0.854385 -2.281248 2.416931 -1.654747 -0.202323 0.956025 -1.001590 -0.218551 
-3.036405 2.102526 1.393456 -1.730299 0.992912 0.826534 -2.262270 2.475645 -1.596804 -0.168344 1.062019 -0.922105 -0.161194 
-2.811782 2.020776 1.362172 -1.540909 1.040790 0.816865 -2.143797 2.612277 -1.490344 0.092092 1.098054 -0.835282 -0.181783 
-2.720340 2.079651 1.278440 -1.570704 1.034994 0.832136 -2.125331 2.368998 -1.611731 0.024622 0.921711 -0.887645 -0.114599 
-2.880445 1.976006 1.230871 -1.784531 0.889891 0.869061 -2.133817 2.253523 -1.537003 -0.050720 0.829837 -0.848097 -0.128184 
-2.969489 1.854610 1.235394 -1.846496 0.859270 0.929765 -2.147103 2.293800 -1.550716 -0.006543 0.862142 -0.825905 -0.140685 
-2.596015 3.937354 2.242109 -1.253479 1.849109 1.483582 -2.045691 3.941593 -2.038946 0.309146 0.683387 -0.876558 0.302090 
-2.753486 4.020603 2.276099 -0.592836 2.186539 1.373157 -1.790070 4.040775 -1.981104 0.494524 0.929335 -0.813049 0.421336 
-3.009875 4.306607 2.034042 -0.128850 2.512732 1.203418 -1.447795 3.957050 -1.825375 0.458288 1.096094 -0.750505 0.724834 
-2.668971 3.816237 1.430431 -0.425854 1.851921 1.223644 -0.831589 2.753082 -2.582380 0.497878 1.298800 -0.598341 0.242416 
-1.990149 4.325511 0.820498 0.358203 2.541166 1.261252 -0.601004 1.365027 -3.077579 1.081621 0.575898 -1.139180 -0.264666 
-1.850584 3.327121 0.809741 0.286297 1.630998 0.770592 -0.954214 1.037869 -2.147862 0.791013 0.001118 -0.925793 -0.177484 
-1.846554 3.836529 1.002448 0.568924 1.982085 0.745196 -1.287699 0.867242 -2.260907 0.980592 -0.135694 -1.421970 -0.273069 
-2.126531 4.576338 1.019042 1.264249 2.518943 0.355294 -1.582122 0.324245 -2.429771 1.509528 0.059379 -2.122976 -0.164881 
-2.046798 4.251708 0.541231 1.127982 2.204589 -0.094560 -1.467978 0.464844 -2.133437 1.269263 0.067730 -1.509813 0.237736 
-2.276065 4.198151 0.675575 1.378427 2.394129 0.051133 -1.378410 0.379041 -2.057830 1.389776 0.170413 -1.671901 0.090992 
-2.054143 4.463296 0.506077 0.795936 2.549316 0.640832 -0.992539 0.797434 -2.068916 1.480149 0.277090 -2.416517 -0.649612 
-2.126253 4.378105 0.390067 -0.055338 2.227539 1.004755 -0.873613 0.964351 -2.005324 1.387998 0.530311 -2.313688 -0.801320 
-2.703907 3.750853 0.161555 -0.263020 2.659229 1.280586 -1.125593 1.430653 -2.027103 1.132011 1.382006 -1.471510 -0.832059 
-3.354450 2.942069 -1.383502 -2.164323 1.314864 0.818560 -0.969295 1.222749 -1.167185 -0.036829 0.627595 -0.631824 -0.482220 
-3.594902 2.296769 -1.606656 -2.349534 0.657371 0.304528 -1.327630 0.761417 -1.166569 -0.274480 0.022123 -0.248220 -0.226668 
-2.901099 2.780645 -1.286952 -1.376640 0.969469 0.090861 -1.103137 0.670300 -0.873930 0.029853 0.203059 0.215699 -0.219917 
-2.550253 3.313522 -1.066492 -1.170219 1.348740 0.393848 -0.827225 0.855487 -0.929466 0.289426 0.342321 0.143485 -0.180895 
-2.697060 2.643632 1.277458 -1.227096 0.868974 1.798399 -0.837637 1.301086 -1.807946 1.116182 -0.214285 -0.668572 -0.481987 
-2.114779 2.451685 1.973371 -0.472661 0.926269 1.917522 -0.569149 1.659597 -2.677581 1.081581 0.375603 0.033630 0.127894 
-2.137664 3.017181 0.508793 -0.511162 1.247209 1.204303 0.007179 2.068720 -2.101010 0.741496 -0.212369 -0.554091 0.255564 
-1.918116 3.877139 -0.448089 -0.964093 1.621905 0.630376 -0.486124 2.165945 -2.008770 0.472859 -0.643331 -0.802985 0.198252 
-1.579912 4.491353 -1.794764 -1.465184 1.676345 -0.133803 -0.804054 1.834014 -1.974424 0.596800 -0.837285 -0.904053 0.231264 
-1.608303 4.827113 -2.278634 -1.869047 1.747388 -0.104934 -0.892620 1.654582 -1.850940 0.478167 -1.333705 -1.135554 0.173280 
-1.582753 4.916579 -1.591355 -1.794656 1.496212 -0.131109 -0.937235 1.887176 -2.213733 0.592862 -0.996126 -1.008486 0.140238 
-1.937475 3.582636 -0.574499 -1.133022 0.951117 0.081424 -0.767418 1.663332 -2.348002 -0.039454 -1.383793 -1.125902 -0.117464 
-1.363342 4.078386 -0.238929 -1.145923 0.878040 0.122887 -0.749457 2.132293 -2.593154 0.111764 -1.931694 -1.183795 -0.155000 
-1.016574 5.430039 0.554586 -1.242359 1.251195 0.214895 -0.879182 3.684340 -2.329967 0.546712 -2.034161 -1.513853 -0.023521 
-0.944620 7.071467 0.667273 -2.253552 2.042281 0.199743 -1.620182 5.534832 -2.052252 1.001542 -0.768110 -1.222715 0.421191 
-2.934426 7.187644 2.139700 -2.194014 2.888285 1.189287 -2.595242 6.125973 -1.984181 0.259906 -0.250447 -2.438571 0.017945 
-2.740586 2.812824 1.660044 -1.496264 1.406443 1.174782 -2.266036 3.223232 -1.632278 0.434423 0.974935 -0.924624 -0.041104 
-5.032753 1.107554 -1.502098 0.011430 1.963936 -0.114261 -0.225598 1.586744 -0.785043 -0.668888 1.513152 -0.904529 -0.227092 
-2.335431 5.273921 1.111217 -0.634480 0.804585 -0.729301 -1.198895 2.482301 -2.063982 1.083945 -0.025918 -1.506939 -1.339412 
-0.901756 8.889248 3.410642 -2.992553 -1.549355 -0.360229 -0.992162 3.100101 -4.299278 2.607384 -1.171184 -1.602033 -1.495746 
-0.727196 6.772674 1.806510 -1.752890 -0.493722 -0.712653 -1.623271 2.285030 -3.607334 2.289086 -1.482944 -1.130109 -0.786817 
-1.077434 5.892160 1.187763 -1.567316 -0.563472 -0.984235 -1.557121 1.960914 -2.943677 2.216984 -1.121405 -0.787146 -0.527254 
-0.987731 5.577675 1.046804 -1.800415 -0.715161 -0.779545 -1.359593 2.114425 -2.635376 2.466606 -0.851479 -0.274418 -0.141549 
-0.768036 5.808053 1.678143 -1.876061 -0.613004 -0.562445 -1.907546 2.130082 -2.838941 2.376844 -0.862266 -0.030428 0.129961 
-0.550191 5.149116 1.424940 -1.923119 -0.475688 -0.148545 -1.998487 1.839635 -2.976034 2.533220 -1.297558 -0.034647 0.530123 
-0.856704 4.840213 1.071594 -1.797046 -0.227027 -0.320618 -1.900467 1.984915 -2.774873 2.323207 -0.942982 -0.172245 0.525102 
-0.825863 5.547119 1.669880 -1.386129 0.224695 -0.656925 -2.731357 1.727268 -2.967587 1.972403 -0.474782 -0.240474 0.291508 
-0.559284 6.000041 2.251309 -1.569475 -0.266379 -0.902309 -2.899893 2.226473 -3.152029 2.448712 -0.721473 -0.227402 -0.118154 
-0.303658 7.670099 2.950505 -2.452579 -0.323844 -0.728622 -2.989193 3.482785 -3.485899 3.158466 -0.414460 -0.387412 -0.219614 
-0.667844 7.254289 2.149280 -2.673244 0.662167 -0.557600 -3.273908 3.897656 -3.101698 2.174846 0.335549 -0.494333 -0.491982 
-2.234154 3.306141 1.544326 -1.819805 0.766288 0.350744 -2.657984 2.589112 -2.046802 0.848244 0.645090 -0.682010 -0.207999 
-2.732031 2.408717 1.324640 -1.366607 1.046367 0.750633 -2.059414 2.332659 -1.475392 0.344212 0.741387 -0.654093 0.037694 
-3.085452 2.222364 1.234061 -1.734426 0.917982 0.561131 -2.360307 2.555847 -1.064657 0.350218 1.148690 -0.502532 0.275210 
-2.691926 2.202962 1.213878 -1.650044 1.092480 0.853827 -2.226093 2.396132 -1.496956 0.172013 0.911728 -0.716245 -0.139783 
-2.530731 2.413638 1.189773 -1.792529 0.929693 0.635630 -2.323349 2.398336 -1.621207 0.171905 0.925384 -0.756765 -0.239152 
-2.610794 2.412053 1.291577 -1.771517 0.792029 0.410307 -2.524740 2.181938 -1.850008 0.103246 1.013630 -0.703282 -0.153651 
-2.825027 2.094511 1.064132 -1.736157 0.841418 0.536498 -2.252409 2.183373 -1.517800 -0.017843 1.038810 -0.712632 0.042542 
-2.863350 2.057271 1.246266 -1.716825 0.908372 0.736857 -2.149223 2.374121 -1.496639 0.100535 1.002476 -0.837681 -0.096007 
-2.895426 1.959674 1.194017 -1.602315 1.021686 0.795170 -2.080828 2.363731 -1.519473 -0.101104 0.905124 -0.967030 -0.187511 
-2.839962 1.851546 1.240715 -1.585565 0.968206 0.814718 -2.088777 2.367215 -1.537067 -0.045319 0.961140 -0.912028 -0.155898 
-2.885337 1.820710 1.311570 -1.609745 0.918856 0.745940 -2.243104 2.402705 -1.523088 0.006309 0.969819 -0.853307 -0.161113 
-2.860681 1.865708 1.336382 -1.595642 0.929269 0.769227 -2.198326 2.395853 -1.600187 -0.006482 0.966259 -0.888402 -0.150870 
-2.808601 1.916842 1.321944 -1.634331 0.891925 0.820722 -2.115607 2.351128 -1.570741 0.044881 0.933700 -0.860060 -0.109015 
-2.821533 1.964690 1.243748 -1.602221 0.994437 0.821680 -2.107334 2.387088 -1.451838 0.028241 0.920171 -0.853133 -0.089573 
