-2.889757 1.916087 1.354368 -1.753022 1.067070 0.891083 -2.297458 2.525545 -1.578103 -0.086662 1.019411 -0.942341 -0.159100 
-2.946464 1.822189 1.385695 -1.791749 0.999464 0.873247 -2.375119 2.423584 -1.525877 -0.079589 1.045778 -0.898777 -0.110054 
-3.007308 1.888305 1.371481 -1.752002 0.938508 0.810262 -2.272264 2.451640 -1.542486 -0.106648 0.989059 -0.906138 -0.119221 
-2.903467 1.982797 1.371942 -1.760291 0.975812 0.815027 -2.231409 2.476090 -1.561971 -0.150090 1.007547 -0.944348 -0.222171 
-2.856743 1.976976 1.415189 -1.735307 1.014720 0.857560 -2.271686 2.517838 -1.587815 -0.048174 1.019972 -0.963409 -0.179972 
-2.896533 2.015313 1.550292 -1.683923 1.053175 0.898540 -2.325987 2.558403 -1.595205 -0.073964 1.067053 -0.923703 -0.111445 
-2.973853 1.944510 1.570202 -1.747295 0.943157 0.891503 -2.384223 2.472995 -1.567320 -0.144393 0.987073 -0.988649 -0.268011 
-2.614999 1.997188 1.146307 -1.333657 0.972126 0.711472 -1.988168 2.228552 -1.491554 0.055715 0.749795 -0.768541 -0.111644 
-2.456036 2.731307 1.667021 -1.019166 1.497084 1.169684 -1.895194 2.881340 -1.580943 0.454729 0.891113 -0.676043 0.068189 
-2.144969 2.801442 1.755536 -0.834480 1.487411 1.230301 -1.623446 3.046486 -1.658483 0.720142 0.772582 -0.618549 0.040803 
-2.366919 3.164316 1.824269 -0.669414 1.732607 1.266281 -1.614923 3.276156 -1.723000 0.707799 0.910476 -0.641627 0.224589 
-3.146756 5.016743 1.634481 0.242979 3.412639 0.887781 -1.432024 4.414127 -2.439393 -0.209105 1.299582 -1.184870 0.800535 
-2.806135 3.933447 1.979247 -0.433623 1.701623 1.293236 -0.736305 3.230233 -2.574640 -0.147528 1.341502 -0.402903 0.117753 
-3.092032 4.070144 1.852966 -0.224500 1.909942 1.160059 -0.568550 3.276464 -2.481942 -0.230710 1.309431 -0.549228 0.150895 
-2.417444 2.746920 1.146302 -0.382119 1.401112 0.959300 -0.921645 2.464121 -1.370695 0.605648 0.625285 -0.365061 0.474730 
-2.501955 4.309208 0.775368 1.000899 2.786826 0.613680 -1.408729 0.648936 -2.280968 0.821970 0.554629 -1.460221 -0.468359 
-2.585926 4.432345 0.766516 1.516877 3.228092 0.303187 -2.013426 0.383341 -2.229198 1.013079 0.806359 -1.686693 -0.644737 
-1.691523 4.657081 -0.008772 1.119812 3.153091 -0.031037 -2.075628 0.628185 -2.269220 1.311929 0.984083 -1.583725 -0.173727 
-1.808233 4.804515 -0.386493 1.242435 3.541874 -0.058942 -2.034997 0.534128 -2.153640 1.455268 1.392426 -1.711957 -0.265906 
-1.857289 4.139667 0.006608 0.399395 2.742260 0.793871 -1.472929 0.708417 -1.670589 0.999459 0.660051 -1.390810 -0.526735 
-2.050163 4.083079 0.301404 0.183827 2.674327 0.947205 -1.478831 1.157981 -1.861371 0.646695 0.514534 -1.421248 -0.644352 
-3.242931 4.759173 0.279547 0.920245 4.172940 0.946043 -1.843149 1.416516 -2.371764 0.261486 1.395101 -1.638149 -1.073416 
-2.839472 3.539258 -0.773080 -1.347551 2.482807 1.151001 -1.462343 1.670476 -1.023669 0.824771 0.728866 -1.440883 -0.351743 
-3.318000 2.541807 -2.103615 -2.246873 0.973526 0.378962 -1.004443 0.753556 -0.443477 0.911590 0.050992 -0.656668 0.608296 
-3.910825 1.971451 -2.813900 -2.702509 0.261059 -0.013512 -0.533327 1.108566 0.084172 0.503591 -0.317826 -0.567104 0.310251 
-4.320123 1.858460 -1.969266 -2.473634 0.617965 0.707982 -0.241240 1.875233 0.263795 0.012912 -0.443539 -0.760961 -0.633792 
-4.280062 2.377442 1.819001 -1.087415 0.969508 2.269874 -0.264706 1.906702 -1.321618 0.732891 0.204354 -0.130389 -0.635492 
-4.230513 3.420801 2.246790 -0.268161 1.763933 2.751715 0.247314 1.367249 -2.222943 0.870519 0.767660 -0.284097 -0.585423 
-3.116313 4.174119 0.077968 -0.046767 3.190033 2.041081 0.588119 2.156862 -2.635123 0.446800 1.138054 -1.139696 -0.535618 
-2.221090 5.143380 -1.773228 -1.053687 3.935990 1.725136 -0.041991 2.035060 -2.481115 0.555882 1.023422 -1.318333 -0.215863 
-2.321653 4.221516 -1.143143 -0.478666 3.485673 1.733180 0.032798 2.007571 -1.977231 0.114748 0.056126 -0.927912 0.124792 
-1.930033 4.890243 -1.605220 -1.123956 3.190284 1.353474 -0.084022 1.990805 -2.453209 -0.005551 -0.391743 -0.872719 0.322671 
-1.241759 6.377255 -1.960511 -1.125296 3.279669 0.204379 -0.425075 2.766582 -2.763455 -0.116070 -0.909865 -1.302319 1.138268 
-1.403497 5.712442 -0.264255 -0.952913 2.503722 0.751878 -0.746764 2.692917 -2.403094 -0.077968 -1.346416 -1.032885 0.770435 
-1.310327 5.420657 0.250457 -1.299891 1.942140 0.645352 -0.947668 3.145570 -2.432631 0.056850 -0.978662 -0.914486 0.227379 
-1.781853 4.535590 0.979331 -1.647157 1.315704 0.770844 -1.053759 3.776290 -2.014513 0.444341 -0.529623 -1.158535 -0.437588 
-2.468536 2.492450 1.369744 -1.245876 1.013725 0.737132 -2.077572 2.643004 -1.769085 0.417950 0.560113 -0.823579 -0.126299 
-2.711841 2.427230 1.336994 -1.366567 1.203851 1.017116 -1.985703 2.686384 -1.639137 0.300570 0.819046 -0.844486 0.069615 
-3.255852 2.391249 1.693276 -1.784092 1.208083 1.154991 -2.467597 3.140726 -1.605726 0.137466 1.163565 -0.919233 -0.076743 
-1.692927 5.362747 3.011463 -1.539317 0.872839 1.112883 -2.118081 2.603685 -3.241595 1.853830 0.408945 -0.716257 0.196139 
-1.217750 4.877219 0.671562 -2.059475 1.072675 0.511438 -1.863059 2.507767 -2.548353 0.992456 -0.432889 -0.907658 -0.528029 
-1.297296 4.245747 0.636900 -1.568262 0.282039 -0.446279 -1.912155 2.232374 -2.501531 1.018114 -1.007281 -1.180446 -0.957135 
-1.111597 4.984313 0.869395 -1.366821 -0.162659 -1.059007 -2.025891 2.131548 -2.665820 1.695259 -1.284084 -1.129890 -1.043609 
-0.266967 7.218192 1.434719 -2.936107 -0.916487 -0.905780 -1.989352 3.208550 -3.499233 2.837375 -1.882631 -0.988089 -0.647937 
-0.503408 7.229372 1.183054 -2.728454 -0.686686 -1.223652 -2.249986 3.009938 -2.943035 2.690800 -1.220166 -0.884760 -0.402719 
-0.555067 5.842819 1.023785 -2.134498 -0.174871 -0.792158 -2.337211 2.434766 -2.736955 2.175581 -0.863712 -0.476249 -0.311015 
-0.463726 6.144898 1.113570 -2.283828 -0.077746 -0.728156 -2.444437 2.645986 -2.786286 2.231801 -0.834022 -0.445974 -0.228218 
-0.838680 5.216582 0.885810 -1.861861 0.259175 -0.412019 -2.108158 2.452222 -2.452217 1.749308 -0.579732 -0.168930 0.098170 
-1.052512 4.895358 0.791741 -1.949093 0.145391 -0.460197 -2.191721 2.285525 -2.485300 1.600832 -0.503403 -0.113004 0.180849 
-0.940163 4.791083 1.470940 -1.483531 0.387620 -0.506706 -2.610219 2.407602 -2.718207 1.686596 -0.264842 -0.243178 -0.132872 
-0.632089 7.789938 3.790297 -2.532676 0.218970 -0.345267 -3.720403 4.034650 -3.338560 2.909649 0.152678 -0.756628 -0.230593 
-1.672587 5.365019 2.446228 -2.422647 1.054037 0.434106 -3.140488 3.901501 -2.333629 1.628968 0.998229 -0.428157 -0.298978 
-2.871033 3.164203 1.671415 -2.026485 1.102773 0.848048 -2.608847 2.695093 -1.875018 -0.075286 1.107558 -0.698102 -0.137957 
-3.066408 2.271958 1.351558 -1.731719 0.903712 0.664985 -2.218747 2.437354 -1.639795 0.020851 1.055590 -0.808152 -0.136645 
-2.954238 2.047194 1.490293 -1.664169 1.016280 0.875628 -2.262178 2.447372 -1.542160 -0.055001 1.013250 -0.908528 -0.078254 
-2.926760 1.937196 1.503437 -1.702217 1.055614 0.938437 -2.312627 2.546543 -1.491794 -0.087488 1.041904 -0.888156 -0.083917 
-3.013115 1.953892 1.391212 -1.717256 1.119457 0.962097 -2.259853 2.537163 -1.579635 -0.220862 1.055558 -1.005628 -0.216414 
-3.045866 2.051816 1.334443 -1.747603 1.024014 0.833660 -2.280777 2.482866 -1.609910 -0.276322 1.024704 -1.044443 -0.252829 
-2.913546 2.035346 1.422949 -1.638437 0.983744 0.897139 -2.182479 2.596529 -1.492714 -0.055358 1.096468 -0.776764 -0.091114 
-2.759151 2.050992 1.315175 -1.457291 1.105594 0.917922 -2.031003 2.400869 -1.505358 -0.077812 0.826846 -0.933065 -0.055744 
-2.733524 2.104947 1.318142 -1.569875 0.942350 0.751723 -2.139938 2.367445 -1.501812 -0.079694 0.782319 -0.841588 -0.088970 
-2.663484 1.958056 1.288679 -1.593112 0.917563 0.721812 -2.187113 2.387372 -1.554673 -0.014615 0.828588 -0.796352 -0.156602 
-2.936329 1.684869 1.126944 -1.612022 0.951186 0.828226 -2.049031 2.293930 -1.444798 -0.173924 1.003051 -0.876666 -0.115832 
-3.163693 1.804309 1.099644 -1.575040 0.789928 0.743173 -1.793946 2.087346 -1.522557 -0.203827 1.045285 -1.061865 -0.142964 
-3.021893 1.792320 1.253811 -1.435638 0.849130 0.737634 -1.934261 2.045204 -1.542405 -0.080667 1.013977 -1.034812 -0.105377 
-2.977278 1.927541 1.262827 -1.613520 0.895519 0.783663 -2.088008 2.280267 -1.528040 -0.150731 0.956150 -0.800042 -0.088536 
-2.983210 1.884199 1.124643 -1.641939 0.860671 0.684056 -2.065804 2.323495 -1.452146 -0.205271 0.946362 -0.860174 -0.135062 
-2.853707 1.866263 1.126020 -1.474911 0.964461 0.668838 -2.044712 2.307966 -1.543586 -0.099068 0.904752 -0.913775 -0.202114 
-2.852832 1.949323 1.284461 -1.515551 0.866550 0.673556 -2.063429 2.346941 -1.503765 -0.073812 0.927986 -0.841281 -0.094756 
-2.901982 2.020478 1.315303 -1.577663 0.887726 0.705045 -2.102348 2.305257 -1.434600 -0.082484 0.863604 -0.847374 -0.068712 
-2.941067 2.079932 1.301011 -1.561743 0.920449 0.679962 -2.106620 2.251138 -1.494952 -0.095190 0.924021 -0.928409 -0.207137 
-3.010726 1.840668 1.215961 -1.566907 0.915932 0.662462 -2.177771 2.278873 -1.409980 -0.181329 0.994636 -0.914266 -0.219055 
-2.856640 1.879389 1.184947 -1.578429 0.992329 0.777453 -2.114810 2.335386 -1.446131 -0.153379 0.946127 -0.874655 -0.135953 
-2.750079 1.889169 1.260664 -1.689881 0.968884 0.855426 -2.180960 2.460091 -1.480510 -0.021842 0.915767 -0.835324 -0.105137 
-2.789399 1.836435 1.381465 -1.655610 0.947661 0.868719 -2.157706 2.519650 -1.570562 -0.008857 0.969420 -0.895989 -0.116801 
