-2.889322 1.887623 1.362399 -1.712928 1.085622 0.874158 -2.317546 2.531311 -1.500668 -0.079717 1.096709 -0.985560 -0.146342 
-2.962165 1.945376 1.424203 -1.764671 1.007294 0.811594 -2.374049 2.472821 -1.562822 -0.089200 1.012764 -0.981576 -0.166124 
-2.831093 1.931401 1.328033 -1.710936 1.068627 0.878340 -2.242271 2.538143 -1.534130 -0.182969 0.970517 -0.966023 -0.138593 
-2.886571 1.937203 1.338139 -1.685670 0.982005 0.836658 -2.215299 2.485882 -1.442676 -0.020509 0.962480 -0.938737 -0.110697 
-2.961104 2.017386 1.324322 -1.721773 0.904652 0.746846 -2.209579 2.406731 -1.560106 -0.073582 0.908820 -0.983702 -0.218603 
-2.984124 2.004402 1.187804 -1.709685 1.005179 0.757178 -2.233140 2.387609 -1.654310 -0.132766 1.018259 -0.929289 -0.185601 
-3.047236 1.957977 1.133372 -1.647041 1.093356 0.800558 -2.190486 2.401083 -1.435767 -0.053856 1.053474 -0.844655 -0.103280 
-2.753280 1.981595 1.333745 -1.472688 1.073855 0.829795 -2.167367 2.349181 -1.584557 0.026296 0.955192 -0.851860 -0.114462 
-2.685604 1.958720 1.139390 -1.695509 0.916931 0.778865 -2.160107 2.264736 -1.619092 -0.002926 0.871358 -0.846515 -0.163571 
-2.769095 1.915994 1.055067 -1.720156 0.922131 0.739365 -2.138542 2.230210 -1.504052 -0.038454 0.942565 -0.856431 -0.104954 
-3.004496 2.029147 1.316894 -1.682741 1.068581 0.945872 -2.422886 2.706863 -1.616858 0.092541 1.167153 -0.858161 -0.000738 
-2.563363 3.010584 2.227989 -1.260157 1.815981 1.643057 -2.371234 3.753167 -1.852563 0.705357 1.208838 -0.802184 0.205071 
-2.200838 2.869158 1.746585 -0.882150 1.084297 0.726343 -1.956121 2.717153 -1.728535 0.678093 0.670029 -0.573776 0.217093 
-2.376796 3.030518 1.818369 -0.881867 1.212228 0.804172 -2.010399 2.878317 -1.786349 0.574429 0.725142 -0.684127 0.232624 
-3.084157 4.539525 2.236076 -0.386170 2.631102 1.345276 -1.579317 4.630935 -2.093711 0.093058 1.028339 -1.228534 0.383902 
-2.211321 2.547506 0.867338 -0.725052 1.092615 0.683742 -1.279320 2.313742 -1.360330 0.701611 0.619839 -0.341730 0.295022 
-2.352546 2.675589 0.992986 -0.786971 1.194567 0.758102 -1.417815 2.507553 -1.447137 0.678932 0.698917 -0.437780 0.297692 
-2.862774 4.256366 1.823874 -0.521709 2.224296 1.167603 -1.262819 4.155532 -1.766484 0.525484 0.949510 -0.801086 0.132857 
-2.098707 4.629243 -0.207406 -0.636810 1.493973 -0.187479 -0.642150 2.088456 -2.241706 0.838024 0.277170 -0.908088 0.215700 
-2.096434 4.346389 0.623039 0.299040 1.970115 0.287212 -1.050768 1.349174 -1.921936 1.206094 -0.012641 -1.659809 -0.239000 
-2.339543 4.375714 1.491025 1.248840 2.377618 0.392704 -1.889674 0.690793 -1.869438 1.312939 0.195313 -2.136072 -0.310344 
-2.135175 4.010486 0.838795 1.440539 2.159480 -0.448511 -1.947329 0.772287 -1.491311 1.050200 0.204686 -1.900721 0.266331 
-2.288669 4.225105 0.811983 1.507560 2.221760 -0.493992 -1.808036 0.629036 -1.485829 1.246486 0.024853 -2.353094 0.026814 
-2.016475 4.426008 0.490667 0.400599 2.592326 0.752768 -1.327749 1.071640 -1.831487 1.254336 -0.247838 -2.341543 -0.342039 
-2.171160 4.560368 0.247828 0.011640 2.686105 1.025439 -1.180696 1.123165 -1.696995 1.484345 0.367767 -2.072482 -0.375184 
-2.581114 5.067466 0.639394 0.490725 3.328094 1.024094 -1.854798 0.574627 -2.118009 1.757174 1.125963 -2.288166 -0.244696 
-2.369063 4.892935 0.918118 -0.701880 2.452733 0.976139 -2.049832 1.683038 -1.551214 1.747362 1.032951 -1.349913 -0.445490 
-2.540335 3.581445 0.136400 -1.374458 1.293402 0.288091 -1.880598 1.344227 -1.331918 0.482526 0.382364 -1.345379 -0.712391 
-4.115790 1.725577 -0.399899 -1.620217 0.341938 0.002156 -1.151118 1.600104 -0.399790 0.016982 0.131710 -0.948399 -0.505122 
-3.793732 2.136457 -0.698972 -2.279926 0.531501 0.275815 -2.204646 0.649934 -0.276268 -0.173357 -0.326400 -1.037400 -1.192095 
-3.702289 2.782148 0.151555 -2.231638 0.837074 0.846240 -2.272743 1.007166 -0.272973 0.240913 -0.329076 -1.024689 -0.900765 
-4.633538 2.076595 1.563856 -1.132414 0.837879 1.575350 -1.569087 0.680980 -0.679890 0.335097 0.961372 -0.085181 -0.490139 
-3.863108 2.327520 2.612184 0.122916 1.585160 3.034721 -0.139935 0.990500 -1.799836 0.570782 1.339386 -0.284508 -0.467242 
-2.680910 2.873748 1.346011 0.184850 2.065522 2.457172 0.556583 2.012846 -2.734593 1.015195 0.580247 -0.363933 0.061158 
-2.152807 4.419534 -1.212866 0.033095 3.307727 1.387709 0.765539 2.145356 -2.629207 0.719400 0.178043 -0.986608 0.751433 
-1.375023 6.031466 -2.631477 -0.664427 3.939605 0.885330 0.381718 2.060090 -2.629743 0.882037 -0.233708 -1.621272 1.005354 
-1.526351 4.950462 -1.421901 -0.906227 2.662279 1.018606 -0.113585 1.727656 -2.284295 0.354142 -1.013286 -0.878837 0.325481 
-1.540866 4.880925 -1.713328 -0.890761 2.669418 0.728784 -0.371068 1.444578 -2.241368 0.308198 -1.227694 -1.346852 0.271379 
-1.564400 5.271102 -1.632919 -1.209253 2.571817 0.687820 -0.480584 1.808639 -2.197292 0.185662 -1.770001 -1.598237 0.455101 
-1.503203 5.448966 -1.428994 -1.327530 2.029636 0.295479 -0.193115 2.705128 -2.059694 0.150320 -2.412344 -1.655175 0.661158 
-1.227266 5.765969 -0.206126 -1.500865 1.702622 0.271565 -0.666981 3.693110 -2.199439 0.418217 -2.152787 -1.592356 0.292022 
-1.033113 7.384572 -0.078707 -2.192458 2.180439 -0.197146 -1.386803 4.928464 -2.168383 0.798307 -0.740826 -1.502157 0.409706 
-3.253142 5.196187 1.269553 -2.879342 1.702887 0.858577 -3.116093 4.491767 -2.187835 0.597400 0.765666 -1.793761 -0.433715 
-3.551600 4.731357 1.873925 -2.127972 2.648149 2.080241 -2.511395 4.879280 -2.294130 0.071683 0.755009 -1.999714 -0.492479 
-2.747945 2.126787 1.403933 -1.401529 0.990194 0.941178 -2.096477 2.650717 -1.561332 0.376762 0.920125 -0.747709 0.003239 
-2.109709 2.519557 0.613859 -0.907169 0.647230 0.384091 -1.272278 1.945801 -1.593465 0.765883 -0.175379 -0.651190 -0.041995 
-1.468215 4.104776 1.132843 -1.212122 0.379623 -0.040847 -1.714862 2.111784 -2.297254 1.177432 -0.835768 -0.868290 -0.480647 
-1.028965 4.956525 1.032712 -1.615217 -0.056789 -0.651729 -2.156919 2.119711 -2.669177 1.563384 -1.093252 -0.629420 -0.577733 
-0.395871 6.234478 1.712721 -2.139730 -0.624916 -0.798585 -2.504670 2.655432 -3.126874 2.591558 -1.492479 -0.516025 -0.649722 
-0.612238 9.104170 2.958882 -3.828178 -1.702646 -0.286067 -2.192147 2.800958 -3.252271 3.762896 -1.533166 -0.565827 -0.029162 
-0.600997 5.724795 1.159787 -1.788643 -0.051811 -0.781991 -2.221244 2.476315 -2.769220 2.375379 -0.694201 -0.337424 -0.193789 
-0.390278 5.912572 1.243847 -1.800519 0.081952 -0.652537 -2.176740 2.711581 -2.764618 2.528946 -0.585635 -0.198562 -0.059751 
0.199844 8.170240 3.181137 -3.209094 -0.846680 -0.137507 -2.895555 3.340387 -3.875837 3.644327 -1.055730 -0.214909 0.224398 
-0.656147 5.725945 1.432396 -1.762429 0.032653 -0.571548 -2.299988 2.435255 -2.536340 2.260593 -0.736907 -0.239570 0.229832 
-0.925035 5.250619 0.893733 -1.931837 0.064416 -0.530109 -2.071457 2.292630 -2.639234 2.013769 -0.499945 -0.108129 0.362069 
-1.215126 4.748213 0.877037 -1.382740 0.671835 -0.462252 -2.066911 2.362031 -2.630818 1.528687 0.151738 -0.153891 0.194676 
-1.341274 3.956832 1.365640 -1.234852 0.485507 -0.214298 -2.409791 2.008922 -2.452832 1.306094 -0.090094 -0.273167 0.134797 
-1.855382 3.865989 1.562070 -1.510149 0.879872 0.178882 -2.460632 2.636348 -2.125673 0.821768 0.381587 -0.534723 -0.050227 
-2.953559 2.619786 1.009164 -1.949935 0.800940 0.442186 -2.245223 2.526163 -1.621199 0.283433 0.661618 -0.948663 -0.194823 
-2.821812 2.398160 1.245870 -1.564352 0.978576 0.718655 -1.923720 2.481263 -1.491247 0.158337 1.044814 -0.699126 0.084027 
-2.896330 2.044985 1.380361 -1.589421 1.152296 1.061736 -2.061656 2.516222 -1.343913 -0.022242 1.010000 -0.943388 -0.089131 
-2.795847 1.868870 1.224663 -1.783604 0.904324 0.869251 -2.232448 2.341123 -1.497024 -0.011578 0.811271 -0.880475 -0.123272 
-2.858877 2.159470 1.259982 -1.672724 1.011450 0.770015 -2.143157 2.350405 -1.655530 -0.150844 0.882501 -0.961251 -0.075461 
-2.954752 1.946765 1.185734 -1.690665 1.057938 0.808906 -2.203748 2.401749 -1.361949 -0.192910 1.038710 -0.969423 -0.220567 
-2.943754 1.856185 1.317252 -1.519388 0.987996 0.726232 -2.200119 2.328764 -1.495033 -0.081548 0.972008 -1.031851 -0.175189 
-2.826532 1.970780 1.287267 -1.578953 0.915739 0.735993 -2.202800 2.208081 -1.565178 -0.095532 0.913191 -0.775137 -0.015659 
-2.718391 1.998254 1.229396 -1.592098 0.977383 0.677071 -2.244805 2.343265 -1.511004 -0.067778 0.917563 -0.748634 -0.009020 
-2.795179 2.043000 1.300747 -1.664245 0.930330 0.666983 -2.246768 2.374016 -1.637782 -0.027071 0.863723 -0.835792 -0.087332 
-2.924343 1.935953 1.360141 -1.717520 0.786284 0.579257 -2.306938 2.460963 -1.507753 -0.070416 0.829274 -0.960433 -0.009099 
-2.944137 1.857957 1.311238 -1.752459 0.822536 0.645906 -2.321246 2.485183 -1.472325 -0.059724 0.859801 -0.967234 -0.053118 
-2.950351 1.885235 1.364129 -1.595530 1.015679 0.811029 -2.241046 2.407590 -1.534669 -0.055446 0.984454 -0.978572 -0.142355 
-2.855589 1.919276 1.233335 -1.650532 1.017119 0.799656 -2.205518 2.381158 -1.492731 -0.036880 0.997729 -0.916215 -0.108037 
-2.825733 2.006975 1.326465 -1.674181 0.990088 0.839506 -2.191693 2.401095 -1.516818 -0.034780 0.978201 -0.877745 -0.047760 
-2.809659 2.009674 1.403959 -1.699181 0.995520 0.903195 -2.217780 2.388433 -1.526609 -0.048025 0.942597 -0.970093 -0.074099 
-2.847353 1.890328 1.395015 -1.784817 0.929974 0.877883 -2.270893 2.483235 -1.543933 -0.148283 0.972306 -0.936163 -0.211980 
