-2.852980 1.741531 1.368570 -1.731689 0.994844 0.884730 -2.294411 2.529125 -1.525950 -0.078577 1.093729 -0.897418 -0.130269 
-2.856462 1.912185 1.313859 -1.657554 1.013831 0.812771 -2.247072 2.425691 -1.544823 -0.075419 1.009631 -0.875441 -0.087850 
-2.994858 1.911171 1.207345 -1.602232 1.060855 0.785798 -2.127065 2.447997 -1.455878 -0.137473 0.982628 -0.951884 -0.121533 
-2.888599 1.948277 1.185594 -1.719332 0.917969 0.747573 -2.156212 2.457180 -1.528105 -0.085343 0.894981 -0.968955 -0.122248 
-2.953146 2.033564 0.997248 -1.792744 0.856922 0.668006 -2.045428 2.395300 -1.455632 -0.116351 0.942687 -0.961459 -0.138855 
-2.884155 2.118705 1.127751 -1.564320 0.974243 0.649470 -2.055898 2.370903 -1.430305 0.023333 0.827381 -0.884458 -0.076350 
-2.700786 1.983506 1.086423 -1.546632 0.947315 0.656319 -2.031956 2.405249 -1.433122 0.002012 0.832006 -0.895501 -0.192390 
-2.805134 1.976794 0.952390 -1.556762 0.944821 0.579222 -2.054961 2.304075 -1.442387 -0.165519 0.886906 -0.882184 -0.027411 
-2.966132 2.477223 1.458784 -1.364684 1.350155 1.109351 -2.262978 2.852439 -1.665951 0.226388 1.240199 -0.630715 0.288495 
-2.098724 2.650806 1.332529 -1.009406 1.150934 1.044498 -1.526942 2.571175 -1.600166 0.730439 0.657374 -0.523247 0.120973 
-2.432946 3.288909 1.587490 -0.745228 1.551613 1.176053 -1.437121 2.964717 -1.665568 0.718277 0.899807 -0.577814 0.258513 
-3.128633 4.571797 2.126534 -0.040555 2.507270 1.146082 -1.278649 3.907815 -2.027847 0.452525 1.196096 -0.876185 0.338875 
-1.679235 5.384749 2.285280 -1.280624 0.647529 0.460100 -1.457249 2.808791 -2.477310 1.810427 0.420603 -0.450633 -0.292151 
-2.177718 4.630800 1.185135 0.273905 1.969732 0.834389 -1.323906 0.751342 -2.158668 1.418389 0.067847 -1.527506 -0.603390 
-1.911407 3.614645 0.705535 0.315493 1.627699 0.605953 -1.245690 0.531588 -2.077155 1.037856 -0.037086 -1.179816 -0.367152 
-1.929814 3.931432 0.540436 0.689707 2.260469 0.454611 -1.615564 0.546496 -1.901139 1.030066 -0.205390 -1.668524 -0.126133 
-2.234966 4.870279 0.738968 0.983300 2.888677 0.212757 -2.240294 0.428788 -1.630550 1.359606 -0.305517 -2.109905 -0.106581 
-1.852812 5.108347 0.622510 0.607626 2.877576 0.589772 -1.787576 0.866565 -2.162745 1.446603 -0.206588 -1.820705 0.100242 
-2.087112 5.294512 0.522859 0.555607 3.268658 0.711694 -1.855220 0.834990 -2.376482 1.659022 0.488495 -1.836398 0.101790 
-2.771590 4.564665 0.706854 -0.261834 2.811871 1.572922 -0.948114 1.577087 -2.657942 1.349107 1.506149 -1.345445 -0.467087 
-3.909611 2.140729 0.021659 -0.552504 1.846728 0.593581 -1.450047 1.952197 -1.064966 -0.320316 0.209192 0.131944 0.445307 
-4.715044 1.113726 -2.511003 -1.691696 0.786383 -0.871538 -1.648139 0.998341 -0.112402 -0.376861 0.352458 -0.366261 -0.179868 
-4.364502 0.962369 -2.641307 -1.730310 0.229671 -1.635978 -2.194564 0.341214 -0.449670 -0.705785 -0.383338 -1.258633 -0.666703 
-3.667026 1.823825 -1.284450 -1.614076 0.307427 -0.718727 -1.707168 1.165804 -0.118031 -0.285833 -0.555293 -0.761087 0.179098 
-3.444077 2.943356 0.646412 -0.944720 0.623453 0.415780 -0.844405 1.477345 -1.376275 0.164739 0.115899 -0.451004 0.064747 
-2.911466 3.192886 0.511982 -0.484809 1.334636 0.854802 -0.512674 1.495075 -2.146650 0.115597 -0.040767 -0.680972 0.439218 
-2.183675 4.467434 -0.565916 -0.564653 2.566497 1.099906 -0.373399 1.793347 -2.524241 0.352218 -0.346998 -1.034106 0.778663 
-1.654661 5.033165 -1.012612 -1.179205 2.536767 1.082409 -0.392828 1.933348 -2.566555 0.652248 -0.347988 -1.090850 0.008503 
-1.471012 5.060159 -1.048443 -1.242940 2.564462 1.162264 -0.349682 1.883449 -2.675057 0.714287 -0.418507 -1.101830 -0.082559 
-1.402265 5.283574 -1.710303 -1.622159 2.433908 0.741371 -0.685813 1.559925 -2.311536 0.793242 -0.744720 -1.368824 0.036747 
-1.018455 5.394960 -0.992429 -1.182984 2.199217 -0.019266 -1.402829 2.124796 -2.479101 0.789774 -0.646422 -0.758138 0.309875 
-0.822613 5.857979 -0.712507 -1.597598 1.583001 -0.462118 -1.380499 2.923577 -2.855656 0.659094 -0.882300 -0.414618 0.541866 
-1.367481 4.871645 0.180851 -1.379827 1.006556 -0.074766 -1.218215 2.728570 -1.970716 0.955276 -0.794775 -0.836690 0.258789 
-1.900564 3.570001 0.399779 -0.882683 1.185623 0.569024 -0.704851 2.655238 -1.415069 0.835199 -0.483881 -0.958659 -0.132283 
-2.357500 3.099271 1.641182 -1.292752 1.466965 1.399474 -1.737081 3.269752 -1.991343 0.274187 0.190275 -0.981128 -0.211113 
-3.008860 3.217662 2.230016 -2.058849 0.910579 1.069401 -2.694138 3.353587 -2.486168 0.101774 0.473086 -1.317981 -0.476923 
-2.690112 2.298782 1.445892 -1.370233 1.227012 1.153896 -1.962555 2.775469 -1.615403 0.290273 0.902887 -0.748288 0.031345 
-2.605564 3.404037 -0.358107 -1.056426 1.390894 0.648135 -0.741171 1.208733 -1.365645 0.964530 0.158993 -0.494247 0.017256 
-1.092222 6.604383 1.912494 -1.980615 0.248987 -0.019227 -1.726526 2.745540 -2.330391 2.692863 -0.494008 -1.121080 -0.917202 
-0.739861 5.274159 1.334895 -1.418004 0.337641 -0.076180 -1.662789 2.446597 -2.391906 1.938552 -0.934332 -0.746038 -0.417198 
-0.645653 5.511783 1.113470 -1.818934 -0.112810 -0.290907 -1.800312 2.201133 -2.517560 2.082900 -1.315121 -0.470565 -0.076202 
-0.965094 5.164310 1.174628 -1.783748 -0.368635 -0.637533 -1.867505 2.444161 -2.367371 2.151135 -1.087677 -0.467109 -0.251782 
-1.193796 4.827688 1.433971 -1.455041 -0.152480 -0.564934 -2.054431 2.221874 -2.429429 2.010011 -0.857759 -0.571606 -0.417277 
-0.671222 6.218040 1.594746 -2.124724 -0.537199 -0.803922 -2.434428 2.320494 -2.753193 2.617363 -1.016079 -0.229990 -0.235103 
-0.658292 6.666647 2.240068 -2.087313 -0.284151 -0.766904 -2.929073 2.484406 -2.856801 2.685659 -0.549284 -0.003597 -0.043553 
-0.971390 5.500942 1.615206 -1.784042 0.129039 -0.419846 -2.412366 2.387880 -2.569900 1.970159 -0.326868 -0.073699 0.278679 
-1.337461 4.839646 1.292041 -1.690066 0.165967 -0.372919 -2.226799 2.207327 -2.500372 1.668890 -0.277682 -0.202828 0.299488 
-1.322278 5.433050 2.437479 -1.398247 0.255296 -0.753678 -3.094826 2.423748 -2.955901 2.041142 0.018359 -0.508588 0.107221 
-2.447451 5.498965 3.608445 -2.267363 0.037309 0.477831 -2.897911 2.905376 -2.414385 1.960204 0.190651 -0.937371 0.072249 
-4.357769 1.625661 1.299463 -2.300334 0.366654 1.051931 -1.855072 2.699817 -0.973953 0.362884 0.779742 -0.806329 -0.119277 
-3.210265 2.259344 1.072001 -1.701316 0.803879 0.449551 -1.922169 2.469406 -1.529204 0.093029 1.206831 -0.942418 -0.170660 
-3.062740 2.074321 1.213366 -1.566669 0.927400 0.644276 -2.003011 2.414022 -1.508757 -0.104697 1.077990 -0.855802 -0.033998 
-3.052099 1.900887 1.206912 -1.596235 1.033619 1.024726 -1.792206 2.559777 -1.359619 -0.074284 0.960667 -0.904211 -0.087217 
-2.881308 1.884555 1.297165 -1.540844 0.911955 0.732430 -2.147481 2.472303 -1.448518 -0.166964 0.814152 -0.958974 -0.165483 
-2.801981 1.785294 1.121887 -1.705148 0.849180 0.838192 -2.038445 2.417255 -1.492294 -0.048438 0.849077 -0.796810 -0.185015 
-2.813671 1.829010 1.000007 -1.751411 0.848185 0.758087 -2.032219 2.425650 -1.479999 -0.046540 0.877723 -0.848777 -0.112224 
-2.935751 1.910954 1.062878 -1.575661 0.955647 0.696087 -2.047371 2.354812 -1.382244 -0.059546 0.931434 -0.928633 -0.121222 
-2.896765 1.897416 1.036694 -1.550033 0.980543 0.664598 -2.061988 2.326196 -1.474510 -0.035933 0.867704 -0.810661 0.020103 
-2.856418 1.804868 0.986250 -1.647711 0.857036 0.588034 -2.097000 2.382961 -1.433725 -0.242371 0.793986 -0.814452 0.218125 
-2.961375 1.905032 1.303913 -1.666521 0.693918 0.552135 -2.004539 2.803523 -1.436256 -0.132063 0.549753 -0.872219 0.114404 
-2.961838 1.982418 1.210453 -1.602073 0.924907 0.719288 -2.062341 2.362823 -1.616477 0.014558 0.891247 -0.867027 -0.164431 
-2.854215 1.925955 1.276125 -1.585882 0.994061 0.817290 -2.135353 2.397834 -1.511382 0.023467 0.981686 -0.858325 -0.118234 
-2.806335 1.967781 1.335870 -1.635970 0.975519 0.785567 -2.181139 2.479655 -1.535113 -0.038130 0.959074 -0.870097 -0.116803 
-2.889828 1.981687 1.278141 -1.634586 1.069090 0.860505 -2.135571 2.413895 -1.527939 -0.184542 0.939982 -0.937063 -0.140492 
-2.929542 1.925382 1.250029 -1.684118 1.059049 0.878589 -2.164086 2.381572 -1.617700 -0.183865 1.059219 -0.860634 -0.111957 
-3.081256 1.984520 1.375336 -1.658113 0.958856 0.706161 -2.219621 2.451869 -1.549210 -0.274239 1.206378 -0.938924 -0.184134 
-2.969342 2.002672 1.358695 -1.772670 0.917409 0.726091 -2.217788 2.590650 -1.515436 -0.090288 1.117456 -0.871303 -0.182485 
-2.883951 2.056914 1.358374 -1.830095 0.940499 0.743260 -2.256296 2.637268 -1.561868 -0.121740 1.073003 -0.828559 -0.183428 
-2.921654 1.996150 1.407475 -1.691410 1.066106 0.844807 -2.207638 2.663700 -1.485130 -0.141761 1.135027 -0.940977 -0.181109 
-2.945488 2.040253 1.443126 -1.682258 1.066914 0.886867 -2.223764 2.538906 -1.519610 -0.197100 1.008372 -1.100569 -0.277632 
-2.902275 2.113919 1.259295 -1.641638 1.060431 0.659597 -2.329463 2.427647 -1.757097 -0.321893 0.905655 -1.128411 -0.264529 
-2.915913 2.137123 1.334914 -1.619349 1.005776 0.709312 -2.211907 2.456194 -1.732916 -0.197327 1.108115 -0.862631 -0.152265 
-2.876285 2.114289 1.418401 -1.551413 1.023112 0.872539 -2.025669 2.537931 -1.626655 0.045010 0.952392 -1.009958 -0.242421 
-2.745837 2.155408 1.289634 -1.590164 0.959641 0.658197 -2.245278 2.339428 -1.610311 0.090398 0.847010 -0.893941 -0.077872 
-2.830438 2.016799 1.139528 -1.609521 0.907988 0.579157 -2.200951 2.270313 -1.476038 0.004922 0.924831 -0.882675 -0.026676 
