-2.766977 2.042756 1.341188 -1.843409 1.092566 0.917643 -2.348651 2.563251 -1.628631 -0.063377 1.096855 -0.929384 -0.135444 
-2.894173 1.860769 1.325119 -1.678237 1.080232 0.873312 -2.231370 2.532973 -1.485184 -0.163890 1.052162 -0.940922 -0.113670 
-2.898988 1.940975 1.370553 -1.774910 0.980080 0.849907 -2.274358 2.546841 -1.494631 -0.086745 1.061770 -0.868222 -0.144157 
-2.850118 1.980954 1.355402 -1.738402 0.958654 0.845916 -2.211119 2.451539 -1.559329 -0.078899 1.015634 -0.855885 -0.150809 
-2.922376 1.869746 1.263754 -1.743231 1.041286 0.867007 -2.230995 2.448906 -1.550151 -0.100638 1.062340 -0.948993 -0.200658 
-2.954473 2.059577 1.302243 -1.772220 1.021286 0.766987 -2.269198 2.471570 -1.604059 -0.102483 1.033659 -0.953801 -0.213984 
-2.895840 2.027680 1.310081 -1.753005 1.063460 0.854252 -2.255957 2.511183 -1.525478 -0.111094 1.036151 -0.925682 -0.164017 
-2.913186 1.987985 1.306186 -1.649063 0.997677 0.788342 -2.165974 2.469451 -1.493498 -0.055638 1.038218 -0.882717 -0.143001 
-2.949540 1.993166 1.400457 -1.583864 1.007057 0.776352 -2.235164 2.438986 -1.558442 -0.130405 0.977597 -0.951805 -0.236933 
-2.903999 1.871019 1.250303 -1.701132 0.930989 0.772261 -2.287664 2.381727 -1.560620 -0.090910 0.930895 -0.931169 -0.175833 
-2.857850 1.923386 1.300921 -1.689213 0.905653 0.757256 -2.260483 2.446542 -1.553925 -0.015716 0.968144 -0.871227 -0.056925 
-2.843358 1.963141 1.420607 -1.596040 0.981700 0.837171 -2.198940 2.522124 -1.602230 0.028558 0.958379 -0.854831 -0.041602 
-2.695958 1.997880 1.343697 -1.549370 1.032244 0.784728 -2.243525 2.387183 -1.553348 0.016868 0.884989 -0.887005 -0.133173 
-2.688573 1.897968 1.155264 -1.560216 0.972182 0.675138 -2.199777 2.315105 -1.502549 -0.035283 0.928278 -0.900752 -0.144442 
-2.848899 1.860738 1.047517 -1.701100 0.976765 0.749603 -2.163570 2.387532 -1.528124 -0.127586 0.995973 -0.906260 -0.166703 
-2.502505 1.857874 0.760487 -1.196363 0.747004 0.581318 -1.734819 2.037214 -1.528481 0.326561 0.550445 -0.619399 0.029065 
-2.379248 2.446980 1.316232 -0.945651 1.277502 1.039909 -1.662956 2.733953 -1.529112 0.649812 0.819948 -0.514707 0.198081 
-2.538216 3.266098 1.918341 -0.615222 1.846630 1.234601 -1.709901 3.354502 -1.902905 0.430737 1.013116 -0.593632 -0.001245 
-2.406999 3.379518 2.050078 -0.320842 2.011948 1.323784 -1.464361 3.673578 -2.081952 0.627596 0.901713 -0.594212 -0.020759 
-3.074222 3.804811 1.716019 0.044840 2.891336 1.685155 -0.755414 4.219045 -2.425546 0.167274 0.890522 -1.187628 -0.097877 
-1.692001 4.336736 1.140081 -0.489766 2.376566 1.620470 -1.559115 1.661121 -2.618233 0.559694 -0.178047 -0.457695 0.018497 
-1.760960 5.188169 0.243538 0.408899 3.493393 1.379888 -1.948139 0.449491 -2.137352 0.864111 0.292455 -1.365651 -0.341435 
-1.972764 4.567176 0.298907 1.203343 3.208825 0.395724 -2.194129 0.515175 -1.899312 0.649905 0.356628 -1.472721 0.198549 
-1.992959 4.781547 0.489938 1.320395 3.160164 0.213962 -2.251445 0.624994 -1.868474 0.851338 0.286051 -1.949561 -0.065093 
-1.364206 5.509231 -0.419782 0.342184 3.152181 0.172733 -1.880359 0.932207 -2.386240 1.015733 0.580282 -1.430964 -0.142406 
-1.520868 5.379307 -0.316521 0.462599 3.360176 0.413910 -1.792347 0.879421 -2.410628 1.141907 0.560660 -1.745946 -0.268239 
-2.206713 5.120902 0.282057 1.072277 3.740206 0.730946 -1.477487 1.344960 -1.749390 1.673549 1.207389 -2.102547 -0.999392 
-2.593325 4.612782 0.446696 0.108810 2.585500 0.746760 -1.370559 1.076156 -1.214479 1.694131 1.799758 -1.139581 -0.757849 
-2.551736 3.427422 -0.121745 -1.102322 1.119064 0.313526 -1.332490 0.968360 -1.353915 1.167213 0.945527 -0.533391 0.154922 
-3.404007 2.681298 -2.117319 -2.323218 1.256358 1.301252 0.073388 0.506187 -1.656406 0.508479 0.823895 -0.766135 -0.449345 
-3.343260 2.645196 -3.106169 -2.080556 1.710531 0.938699 -0.041229 -0.177448 -1.678253 0.079641 0.773937 -1.026722 -0.974522 
-2.774393 3.536753 -1.369241 -1.958278 1.500616 1.394680 -0.917331 -0.588768 -1.520187 0.626748 0.706563 -0.342247 -0.665842 
-2.720640 3.491875 0.396062 -2.348478 1.093131 2.259541 -1.111193 0.250919 -1.790731 0.624705 0.533396 0.034876 -0.636945 
-3.267859 2.133344 1.235671 -0.855180 1.398276 2.310538 -0.361425 1.555694 -2.745694 0.196516 0.125241 -0.529342 -0.733892 
-2.325758 3.630391 0.333154 -0.726586 1.559451 1.296402 0.094969 1.973127 -2.867555 0.187748 0.151223 -0.506050 0.103961 
-2.542246 3.473763 -0.851125 -0.458910 2.291508 1.006007 0.005071 1.635508 -2.156774 -0.118282 -0.124820 -0.859308 0.351231 
-2.021120 4.249740 -1.502262 -1.063439 2.543186 0.835369 -0.409681 1.712338 -2.088578 0.214763 -0.134798 -1.129109 -0.165207 
-1.721933 5.244721 -2.092502 -1.913011 2.594571 1.008964 -0.376472 1.476912 -2.587991 0.551462 -0.671772 -1.619903 -0.069260 
-1.878231 4.226857 -1.085094 -1.073587 1.898018 0.351246 -0.697747 1.798428 -2.449320 -0.032600 -0.791553 -0.775555 0.456763 
-1.432296 5.045557 -0.341081 -1.236044 1.436749 -0.001878 -1.043841 2.149182 -2.819876 0.325819 -0.610579 -0.443795 0.631840 
-0.741797 6.665478 -0.859716 -2.050125 1.375599 -0.551495 -0.995866 3.082121 -3.290757 0.411726 -0.779994 -0.452386 0.798905 
-1.079815 5.606698 -0.681160 -1.853203 1.507279 -0.129247 -1.196734 2.809901 -2.744117 0.525247 -0.687600 -0.827652 0.083375 
-1.399993 4.913912 -0.370963 -1.494309 1.821085 0.422076 -1.014219 2.763328 -2.386538 0.391568 -0.686904 -1.142953 -0.229259 
-1.625265 4.777068 1.269131 -1.894607 1.465799 1.043708 -1.371384 4.226055 -2.059911 1.074944 -0.308128 -1.094941 -0.498333 
-2.735816 3.072137 1.976115 -1.643705 1.277502 1.063379 -2.706145 3.185706 -2.232319 0.535128 0.986430 -0.956049 -0.180351 
-2.570727 2.348337 1.345479 -1.324304 1.132101 0.831617 -2.106263 2.530216 -1.579861 0.236392 0.854981 -0.805764 -0.068078 
-2.397906 2.898393 0.135672 -1.467514 1.680813 1.369466 -0.813711 2.489574 -2.636090 0.746214 1.615057 -0.323965 -0.117125 
-0.633919 6.793719 0.831408 -2.651319 1.191726 0.466727 -1.281593 3.539907 -4.095184 1.820133 0.887676 -1.243752 -1.258683 
-0.635244 6.112405 1.614022 -1.696134 0.720703 -0.351318 -2.385963 3.234170 -2.638065 1.922796 -0.654052 -0.905730 -0.676189 
-0.234361 6.802931 1.612769 -1.862308 0.240017 -0.686078 -2.096159 3.369907 -2.957473 2.460572 -0.905117 -1.034173 -0.674743 
0.017292 7.685135 1.417002 -2.355951 -0.172730 -1.237210 -1.930740 3.726474 -3.647359 2.767274 -0.812027 -1.231915 -0.433223 
-0.502236 5.735601 0.493972 -1.809526 0.272666 -0.964973 -2.060785 2.734677 -2.721795 1.934302 -0.463969 -0.415135 -0.329547 
-0.665885 5.652272 0.517012 -1.945702 0.328820 -0.905142 -2.239460 2.606311 -2.815861 1.874494 -0.219657 -0.378245 -0.275765 
-0.695607 6.005934 1.027946 -1.974978 0.433476 -0.700467 -2.611242 2.341939 -3.085719 2.051774 -0.332909 -0.244301 -0.021079 
-0.654361 5.824481 1.511013 -1.521344 0.088970 -1.161194 -2.998031 2.187399 -3.124532 2.295770 -0.452369 -0.189694 -0.217767 
0.465632 9.427294 3.093753 -3.625163 -0.626987 -0.566808 -3.352120 3.650115 -4.525203 4.131019 -1.057450 -0.612796 -0.181662 
0.177746 9.023552 2.429980 -3.093096 0.225729 -0.818948 -3.344936 3.989136 -3.734789 2.942461 -0.544642 -0.551286 -0.193693 
-0.086836 8.515734 2.569232 -2.954576 0.800698 -0.292461 -3.352175 4.203290 -3.475895 2.543876 -0.053859 -0.617313 -0.126914 
-1.354979 4.780788 2.029087 -1.549980 0.965558 0.061394 -2.835551 2.964270 -2.482528 1.219460 0.326092 -0.545205 -0.082552 
-2.174704 3.092000 1.212114 -1.549083 0.765838 0.284606 -2.228656 2.587024 -1.724499 0.771123 0.602667 -0.657670 -0.208656 
-2.823495 2.736755 1.251503 -2.315162 0.480883 0.414191 -2.559771 2.732893 -1.519208 0.756222 1.006675 -0.446828 -0.033507 
-2.768636 2.097482 1.129089 -1.787641 0.876720 0.794736 -2.079439 2.465357 -1.395869 0.218250 0.793391 -0.743451 -0.111469 
-2.675924 1.989481 1.175777 -1.713648 0.973974 0.739635 -2.326056 2.283693 -1.721479 0.060791 0.959439 -0.687667 -0.048207 
-2.705106 2.040676 1.101250 -1.763466 0.928332 0.645649 -2.357254 2.223217 -1.630830 -0.127111 0.926129 -0.841130 -0.105091 
-2.782540 1.837701 1.042982 -1.653652 0.936392 0.747559 -2.092072 2.288191 -1.399134 -0.163944 0.872265 -0.964497 -0.155092 
-2.773085 1.863671 1.291835 -1.632606 1.037668 0.834589 -2.308146 2.406063 -1.583201 0.000470 0.877900 -0.809453 -0.106815 
-2.841242 2.029757 1.290158 -1.658226 0.883886 0.601787 -2.334753 2.300095 -1.694696 -0.034520 0.928206 -0.790395 -0.007276 
-2.976012 1.904168 1.181927 -1.640183 0.920225 0.653210 -2.194121 2.360433 -1.476371 -0.158397 0.953128 -0.890762 -0.127052 
-2.914237 1.866965 1.171536 -1.612276 0.927236 0.706521 -2.157453 2.346513 -1.529306 -0.035075 0.983371 -0.846718 -0.147565 
-2.961656 1.929523 1.249101 -1.586631 0.895808 0.617392 -2.219064 2.327888 -1.579214 -0.046849 0.965724 -0.908682 -0.154500 
-2.928234 2.049013 1.250386 -1.561402 1.018268 0.718639 -2.152482 2.339632 -1.513117 -0.031435 0.932837 -0.885928 -0.119451 
-2.843938 1.985296 1.190513 -1.632555 1.046879 0.824216 -2.152074 2.331729 -1.464365 0.032569 0.920331 -0.837395 -0.063696 
-2.817524 2.017105 1.146883 -1.676485 0.936881 0.746641 -2.106729 2.239689 -1.496034 -0.085381 0.932287 -0.927494 -0.100793 
-3.003496 2.030581 0.928990 -1.863161 0.800749 0.502111 -2.120451 2.312589 -1.532822 -0.307329 0.987083 -0.768506 -0.055063 
-2.816532 2.307738 1.104987 -1.697741 0.945554 0.515367 -2.271305 2.177449 -1.755754 -0.195192 0.687871 -0.989263 -0.080372 
