-2.875639 1.889173 1.351896 -1.736510 1.018723 0.898190 -2.251465 2.492885 -1.524778 -0.038271 1.074854 -0.894163 -0.103915 
-2.932130 1.946070 1.261503 -1.646798 1.039907 0.814350 -2.146156 2.422048 -1.505999 -0.089887 1.110909 -0.840863 -0.158296 
-2.893961 1.923091 1.260301 -1.742971 0.980167 0.772953 -2.284738 2.409189 -1.667680 -0.225285 0.928690 -0.848723 -0.016939 
-2.893968 1.893455 1.317255 -1.944861 0.749155 0.760205 -2.193611 2.673268 -1.577188 -0.119801 0.856451 -0.789839 -0.124402 
-2.948429 2.022773 1.431472 -1.741513 0.991220 0.878828 -2.287183 2.463107 -1.599267 -0.053679 1.024462 -0.832191 -0.108292 
-2.928682 1.945736 1.314844 -1.663506 1.077247 0.860532 -2.240025 2.436772 -1.510668 -0.134869 1.016746 -0.875276 -0.133313 
-2.870842 1.927520 1.400442 -1.663444 1.006756 0.823129 -2.262712 2.483104 -1.563933 -0.105368 0.950958 -0.900342 -0.151973 
-2.979586 1.897492 1.349624 -1.787269 0.941475 0.881266 -2.225046 2.459044 -1.590962 -0.108677 0.959917 -0.889429 -0.136725 
-2.974244 1.795459 1.207012 -1.693859 0.935625 0.733646 -2.269930 2.391245 -1.506508 -0.086301 0.923094 -0.916661 -0.144594 
-3.017518 2.621465 1.817200 -1.360526 1.573417 1.391563 -2.241451 3.480416 -1.574687 0.613490 1.326241 -0.612426 0.344539 
-2.936037 3.608740 2.076655 -0.922663 2.183569 1.569004 -2.108560 3.712481 -1.926928 0.408918 1.484973 -0.543601 0.401882 
-3.006245 3.750973 1.862774 -0.631658 2.247240 1.265726 -1.921272 3.484030 -2.081410 0.180469 1.432888 -0.511642 0.527378 
-2.448924 2.636068 1.327921 -0.619758 1.422202 1.017647 -1.418295 2.723964 -1.339123 0.587643 0.760991 -0.459681 0.365189 
-2.719819 3.140131 1.503485 -0.587089 1.679931 1.091877 -1.532590 2.875068 -1.471240 0.541705 0.779018 -0.756713 0.372691 
-2.778998 3.883603 1.327114 0.758806 2.654608 1.052788 -1.153640 1.435006 -2.421233 0.835069 0.970224 -1.360536 -0.513674 
-2.703714 3.916058 0.909528 1.260252 2.733990 0.671393 -1.259088 0.566467 -2.295095 1.255866 0.870442 -1.849703 -0.528931 
-2.873653 3.890116 0.310955 0.640500 1.943184 0.009403 -0.922690 0.676781 -1.886130 1.146202 0.562379 -1.712596 -0.548621 
-2.624686 4.098054 0.600019 0.736433 2.147243 0.187710 -1.082355 0.772330 -1.801607 1.345952 0.665974 -1.591857 -0.319077 
-2.709668 4.362490 1.090471 1.350731 2.797685 0.431724 -1.602884 0.469225 -1.923824 1.575423 1.060652 -1.983417 -0.225765 
-2.195843 4.168884 0.906152 1.080949 2.674906 0.607038 -1.403538 0.809765 -2.250005 1.440846 0.865778 -1.995420 -0.363461 
-2.355010 3.791205 0.805699 0.367837 2.328820 1.008685 -0.934027 1.211753 -2.126784 1.108480 0.798002 -1.281147 -0.153870 
-2.728017 2.917850 0.106097 -0.852339 1.421769 0.882328 -0.825381 1.436458 -1.362381 0.444790 0.806341 -0.588029 -0.167394 
-2.846149 2.674206 -1.296634 -2.076071 0.986411 0.711360 -1.214875 0.479031 -1.241088 0.823598 0.695160 -0.371047 -0.435007 
-2.450462 4.105549 -1.545435 -2.231641 1.482416 1.341425 -0.500105 -0.129573 -1.720928 0.211171 0.472960 -0.705848 -0.523822 
-2.362372 3.868351 -1.028309 -2.579185 0.702295 0.944510 -1.201450 -0.306015 -1.522912 0.225454 0.306974 -0.407356 -0.129485 
-3.431131 2.789496 0.178235 -2.599775 0.225076 1.101452 -1.703297 0.734085 -1.139066 0.532726 0.078304 0.266618 0.042265 
-4.243145 2.411186 1.255291 -1.166497 0.352511 1.029718 -0.881093 1.264902 -0.986604 0.158766 0.258405 -0.140831 -0.059272 
-3.683976 2.713325 0.796629 0.160886 0.742144 0.211865 0.056558 1.360483 -1.911720 -0.009394 0.731815 -0.480978 0.642051 
-1.806783 4.180890 -0.856675 -0.885012 1.651434 -0.137776 -0.402712 2.432620 -2.989048 0.369494 0.547469 -0.437125 0.612902 
-2.229141 3.006875 -0.514875 -0.898111 1.485199 0.724738 -0.662925 1.400436 -2.264360 -0.006273 -0.284021 -0.477094 0.186544 
-1.895842 3.670128 -0.520005 -0.922299 1.743607 0.981821 -0.355541 1.582931 -2.484770 0.066529 -0.744232 -0.674654 0.284917 
-1.677003 4.839566 -0.349792 -1.108088 1.958225 0.895665 -0.329245 2.318496 -2.824127 -0.013844 -1.352362 -1.029685 0.257648 
-1.144295 6.583623 -0.507710 -1.607444 1.901538 0.240371 -0.612677 2.996888 -2.945666 0.170447 -1.975101 -1.480821 0.675687 
-0.918559 6.499330 -0.046495 -1.784915 1.291871 0.101408 -0.609870 3.430179 -2.503106 0.877787 -1.604374 -1.230876 0.374535 
-0.650786 6.473926 0.842354 -1.781115 1.187459 0.255067 -1.056024 4.076163 -2.572637 1.356792 -1.645302 -1.299566 -0.076415 
-2.486128 4.365066 1.479070 -1.909333 1.730656 1.360563 -1.707617 4.117753 -1.932270 0.516082 0.237267 -1.456965 -0.610449 
-2.576314 2.841321 1.510526 -1.501174 1.360857 1.094938 -2.120920 3.000665 -1.724854 0.329205 0.775213 -0.980561 -0.179895 
-2.515682 2.813262 1.558014 -1.498689 1.364768 1.020179 -2.186069 2.817172 -1.835111 0.131903 0.652421 -1.071747 -0.254092 
-2.940051 3.125356 0.779488 -1.762080 0.822978 0.903657 -1.050849 2.626488 -1.137497 0.678222 0.745216 -0.647225 -0.181485 
-1.529362 4.749191 2.370032 -1.332344 0.214821 -0.314792 -2.818995 2.157549 -2.996751 1.746875 0.064023 -0.443715 -0.100492 
-0.605483 5.246979 1.848263 -1.565002 0.398884 -0.064180 -2.142493 2.933902 -3.368301 1.864007 -0.673742 -0.743672 -0.438013 
-0.601363 5.048250 1.144955 -1.472811 0.314322 -0.326283 -1.830369 2.795538 -2.882375 1.943737 -0.850279 -0.712201 -0.404620 
-0.718807 5.059367 1.056786 -1.538040 0.029887 -0.657182 -2.044505 2.425464 -2.661257 1.938607 -0.910061 -0.633178 -0.552702 
-0.564082 6.686337 1.463194 -2.343722 -0.790275 -1.300676 -2.471190 2.579231 -3.337383 2.666544 -1.351449 -0.782014 -0.496155 
-0.520538 7.155160 1.819190 -2.257799 -0.323516 -0.955400 -2.570866 2.458640 -3.259826 2.597642 -0.807934 -0.585608 0.023814 
-0.435927 7.119356 2.032650 -1.993194 0.161117 -0.735511 -2.719069 2.670932 -3.322703 2.409479 -0.572770 -0.522763 0.141799 
-0.453174 5.773671 1.408056 -1.713901 0.678745 -0.490339 -2.713058 2.677485 -3.232014 1.760840 -0.236550 -0.045085 0.172609 
-0.646258 5.448971 1.084337 -1.952313 0.697828 -0.556035 -2.936252 2.632262 -3.199933 1.472790 -0.083683 0.167885 0.199192 
-0.524165 6.236830 2.306839 -1.868437 0.293916 -0.891392 -3.511412 2.919317 -3.210650 2.324892 -0.129088 -0.016759 0.075890 
-0.675768 7.028210 2.536581 -2.345077 1.067628 -0.428705 -3.675129 4.022933 -2.990720 2.015060 0.471999 -0.402061 -0.328363 
-2.746271 3.224475 1.767368 -2.059966 0.662058 0.331810 -3.102396 2.367760 -2.099586 0.823695 0.736958 -0.975529 -0.433445 
-2.886996 2.394932 1.288199 -1.621333 0.654537 0.556656 -2.096529 2.178124 -1.485000 0.645170 0.859299 -0.800277 -0.511834 
-3.022232 1.950291 1.013715 -2.120779 0.356526 0.563998 -1.898232 2.353014 -1.419053 -0.089687 1.039682 -0.624533 -0.193127 
-2.820976 2.088362 1.184276 -1.943197 0.763908 0.674011 -2.220194 2.520220 -1.506450 -0.102117 0.877043 -0.811238 -0.226693 
-2.810499 2.046718 1.236786 -1.790017 0.952781 0.775791 -2.284448 2.370326 -1.642375 -0.055340 0.905481 -0.816779 -0.081091 
-2.904542 1.921666 1.302661 -1.643504 1.027782 0.858114 -2.209960 2.339426 -1.578553 -0.061459 0.953247 -0.860965 -0.109185 
-2.880080 1.970383 1.396328 -1.666578 1.081652 0.911236 -2.236800 2.471901 -1.536803 -0.063351 1.056312 -0.958106 -0.130300 
-2.982900 1.891486 1.283827 -1.740198 0.954807 0.809224 -2.245226 2.357277 -1.514454 -0.182734 0.978846 -0.980185 -0.183028 
-3.013575 1.932437 1.239038 -1.748772 0.992991 0.819454 -2.196506 2.405077 -1.487130 -0.172131 0.984148 -0.983015 -0.171174 
-3.009875 2.044984 1.298813 -1.720506 1.059040 0.801693 -2.323971 2.405936 -1.513057 -0.146979 0.926657 -0.976676 -0.159487 
-2.940407 1.964568 1.405883 -1.648986 0.940936 0.750900 -2.215741 2.445468 -1.583671 -0.132988 0.980712 -0.894300 -0.106128 
-2.887969 1.944674 1.430147 -1.629753 1.014396 0.844791 -2.229308 2.502060 -1.544977 -0.135092 0.957868 -0.950639 -0.131538 
-2.940482 1.905348 1.405942 -1.611111 1.064514 0.863647 -2.239111 2.500292 -1.504685 -0.152194 1.002123 -0.979080 -0.201391 
-2.987959 1.899604 1.219443 -1.776007 0.950845 0.779608 -2.301359 2.382059 -1.517987 -0.197654 0.993678 -0.955894 -0.232602 
-2.887615 1.980972 1.253354 -1.757684 0.944996 0.807884 -2.235567 2.477475 -1.507046 -0.068307 0.972784 -0.882539 -0.100881 
-2.805338 2.127234 1.332770 -1.511421 1.045392 0.844731 -2.047008 2.409701 -1.562401 0.039690 0.846395 -0.960893 -0.101823 
-2.740165 2.152222 1.268589 -1.507960 1.019878 0.725755 -2.141407 2.290291 -1.537185 0.026651 0.831885 -0.963485 -0.117546 
-2.669775 1.827257 1.121475 -1.630968 0.901856 0.650383 -2.261031 2.217778 -1.594674 -0.029924 0.930609 -0.913194 -0.129324 
-2.744784 1.787081 1.128919 -1.601204 1.006035 0.746269 -2.149991 2.366307 -1.487709 -0.104238 0.958654 -0.938882 -0.120362 
-2.938297 1.853725 1.250302 -1.637259 0.996283 0.769143 -2.220465 2.409000 -1.486788 -0.173877 0.908098 -0.919425 -0.087002 
-2.984307 1.781904 1.262185 -1.699290 0.877551 0.839200 -2.047593 2.451594 -1.434163 -0.180162 0.933579 -0.871039 -0.245964 
-2.949610 1.848808 1.244567 -1.722425 0.836346 0.813090 -2.060297 2.404473 -1.392420 -0.047362 1.006798 -0.818279 -0.214821 
-2.801497 1.908909 1.248654 -1.703587 0.923647 0.802130 -2.246609 2.328439 -1.529073 -0.046877 0.853709 -0.789234 -0.095680 
-2.786403 1.892592 1.235162 -1.739759 0.917664 0.809175 -2.238738 2.340443 -1.634743 -0.028430 0.826357 -0.797167 -0.216757 
-2.810151 1.907249 1.184268 -1.648346 0.908149 0.746201 -2.140689 2.282007 -1.510546 0.006628 0.930657 -0.816154 -0.066662 
