-2.847492 1.947349 1.351295 -1.687576 1.089337 0.929048 -2.223171 2.516287 -1.525608 -0.062720 1.052618 -0.929228 -0.124934 
-2.819853 1.933023 1.340653 -1.659355 0.957455 0.806498 -2.197282 2.417045 -1.545788 -0.049733 1.039372 -0.865618 -0.156108 
-2.929372 1.904696 1.240135 -1.646891 0.956881 0.755965 -2.166981 2.348871 -1.513903 -0.112163 0.903938 -0.933651 -0.127557 
-2.954335 1.857821 1.181701 -1.698542 0.937242 0.776291 -2.135497 2.411756 -1.484676 -0.129645 0.923176 -0.945173 -0.103231 
-2.858839 1.951340 1.362298 -1.657282 0.906408 0.793254 -2.159638 2.391339 -1.539812 -0.150231 0.981678 -0.925660 -0.107389 
-2.839312 1.904431 1.289974 -1.602930 0.984337 0.770411 -2.200152 2.391798 -1.551848 -0.103363 0.988041 -0.895677 -0.107931 
-2.860250 1.885794 1.270914 -1.590563 0.995640 0.733907 -2.232732 2.366860 -1.533704 -0.041599 1.073924 -0.923478 -0.168876 
-2.956007 1.865416 1.313673 -1.596834 0.983284 0.748711 -2.231522 2.313408 -1.487702 -0.143291 1.005057 -0.985005 -0.166644 
-2.968807 1.842835 1.325356 -1.658933 0.984129 0.841305 -2.218496 2.364512 -1.556531 -0.214000 0.935023 -0.925316 -0.156965 
-2.873239 1.952174 1.342360 -1.674974 1.017359 0.805556 -2.246164 2.465516 -1.621568 -0.169486 1.039733 -0.910104 -0.149381 
-2.899851 1.971566 1.352716 -1.743181 0.969438 0.779101 -2.272597 2.533842 -1.600185 -0.068070 1.026204 -0.906735 -0.162460 
-2.859616 2.028563 1.423189 -1.762726 0.997116 0.863914 -2.276313 2.487409 -1.671896 -0.041912 1.025709 -0.901244 -0.186587 
-2.997056 2.052406 1.421468 -1.787352 0.992416 0.874831 -2.213693 2.507210 -1.544785 -0.085136 1.052169 -0.936546 -0.144458 
-2.910930 2.102409 1.453736 -1.791788 0.957889 0.743854 -2.385544 2.603831 -1.617055 -0.140033 1.090886 -1.011163 -0.272312 
-2.967018 2.005452 1.309633 -1.755389 0.907201 0.694016 -2.316382 2.515284 -1.591871 -0.164106 1.033286 -0.966198 -0.244206 
-2.926406 2.040026 1.285341 -1.625080 1.098466 0.868541 -2.221428 2.515825 -1.478307 0.003274 1.080996 -0.819275 -0.082844 
-2.728942 2.053948 1.343999 -1.565045 1.117183 0.940846 -2.117394 2.551456 -1.538139 -0.079250 0.881623 -0.954736 -0.188347 
-2.669630 2.121202 1.356173 -1.593482 0.932278 0.728629 -2.183825 2.446572 -1.586476 0.072026 0.855011 -0.948385 -0.172026 
-2.806441 2.019806 1.252202 -1.650909 0.867853 0.680246 -2.196809 2.289681 -1.517890 0.037869 0.840963 -0.949511 -0.132414 
-2.744945 2.957301 2.123235 -1.027192 1.708864 1.484402 -2.152541 3.275850 -1.789372 0.469057 0.994987 -0.858295 0.029806 
-2.851128 5.032156 2.558403 -0.420474 2.809015 1.333374 -2.054998 4.362175 -2.177002 0.350895 1.013463 -1.514567 -0.156605 
-2.142287 2.343270 0.937061 -0.679574 0.972616 0.676192 -1.235161 2.261929 -1.254241 0.868767 0.631201 -0.315447 0.287384 
-2.357471 2.593029 1.127516 -0.591663 1.103898 0.655193 -1.324003 2.422886 -1.452652 0.706253 0.713737 -0.540090 0.177293 
-3.435809 4.352091 2.273004 0.153255 1.935440 0.680175 -0.853698 3.711643 -1.756504 0.316618 0.844860 -1.240835 0.005060 
-1.588740 5.188367 0.447048 -0.406927 1.604635 -0.739279 -1.239230 2.893649 -2.352154 1.121583 0.762689 -1.031756 0.608332 
-1.653759 4.679053 0.766396 0.181425 2.296534 0.721706 -1.414962 1.084985 -2.501033 1.165539 0.253832 -1.037004 -0.223202 
-1.831406 3.687926 0.519733 0.316896 1.916728 0.785200 -1.224184 0.527224 -2.046667 0.836698 -0.025109 -0.815465 -0.282069 
-2.060782 3.977050 0.327836 0.663935 2.471581 0.687118 -1.607577 0.167865 -1.817045 0.868850 0.014727 -1.062021 -0.258808 
-2.306121 4.762126 0.474126 0.785701 3.158530 0.859858 -2.229227 -0.311665 -2.008758 1.306400 0.246601 -1.410397 -0.217809 
-1.968564 4.813584 0.078457 0.404757 3.042209 0.668983 -2.183893 0.044915 -1.882296 1.437638 0.618411 -1.444377 -0.001422 
-2.073349 4.491588 0.473729 0.675824 2.950886 0.598398 -2.065362 0.432447 -1.839352 1.447653 1.056771 -1.200605 0.129611 
-2.505971 4.538599 0.691998 1.152671 3.417189 0.944886 -1.644814 0.563890 -1.929092 1.509678 1.136810 -1.580707 -0.400617 
-2.068133 4.403575 0.709450 -0.287305 2.591852 1.751044 -0.931332 1.672919 -1.704300 1.349410 1.192445 -1.058752 -0.382260 
-2.064559 3.963734 0.276357 -2.722172 0.451673 0.887726 -1.491900 2.223042 -1.127950 1.187911 0.620382 0.085557 -0.462525 
-3.010864 3.372022 -1.742496 -3.098831 0.358103 0.353042 -1.237169 0.957855 -1.263407 0.219252 0.351419 0.510775 -0.628124 
-2.461276 3.258201 -2.161651 -2.553106 0.412542 -0.144223 -1.364627 0.451337 -1.510859 0.224832 0.230975 0.834408 0.121647 
-2.475723 2.721009 -0.545616 -2.316998 -0.247563 -0.074409 -1.787013 0.921714 -1.650518 0.362041 -0.269931 0.568859 0.606155 
-3.362400 2.217320 1.379772 -1.797930 -0.514294 0.686646 -1.657125 1.278965 -1.215986 0.304334 0.087840 0.527081 0.183881 
-3.830603 2.560171 1.920425 -0.734046 0.792454 1.682758 -0.931820 1.597969 -1.004701 0.687466 -0.016826 0.019077 -0.270617 
-2.704119 2.594571 0.488383 -0.431139 1.503603 1.407665 -0.432876 1.590054 -1.504875 0.570762 0.005836 -0.231155 0.417789 
-2.495102 2.286992 -0.256297 -0.422279 1.525801 1.049732 -0.352655 1.383821 -1.464247 0.389124 0.245911 -0.430702 0.521617 
-2.658827 2.470657 -1.352298 -0.777871 1.804447 0.923793 -0.168390 1.174378 -1.383546 0.020395 0.032489 -0.316547 0.598624 
-2.118670 3.683954 -1.286609 -0.992450 2.024570 0.947466 -0.164432 1.370675 -2.101453 0.079788 -0.477011 -0.614071 0.300138 
-2.009874 3.721211 -0.883114 -0.901813 1.825507 0.824900 -0.401642 1.335015 -2.451179 -0.014552 -0.939028 -0.739004 0.319242 
-1.912104 3.891051 -0.403357 -0.541248 1.911001 0.555654 -0.916283 1.389460 -2.687700 -0.207728 -1.240674 -0.944941 0.347987 
-1.481672 4.930510 -0.164313 -0.602563 1.823639 0.183862 -0.996392 1.890592 -2.987675 -0.203121 -1.600440 -1.023765 0.317428 
-0.952889 6.911564 0.083036 -1.180468 1.183693 -0.642274 -0.516721 3.337265 -3.583054 -0.298094 -2.060742 -1.136202 0.339163 
-0.771006 7.665114 1.049859 -1.910419 0.649380 -0.288011 -0.088052 4.280274 -4.197164 0.356081 -1.572947 -1.415011 -0.067906 
-1.488097 7.407815 2.080225 -2.214797 1.175094 0.644367 -0.744611 5.049001 -2.832352 0.658123 -0.347718 -1.232310 -0.379292 
-2.557556 4.958179 2.947970 -1.539053 2.151516 1.560921 -2.706202 4.553771 -2.834128 -0.009110 0.320646 -1.576332 -0.194458 
-2.674403 2.268271 1.329930 -1.244173 1.188594 1.030660 -1.838981 2.690011 -1.515584 0.265749 0.892648 -0.739118 0.004158 
-2.832314 1.927830 1.031066 -1.444838 0.910922 0.760639 -1.942996 2.329441 -1.580865 -0.016478 0.730076 -0.887482 -0.172344 
-1.385554 6.350676 2.680347 -1.793541 0.385477 0.113816 -1.889709 3.463152 -2.353690 2.240224 -0.118602 -1.122360 -0.960784 
-0.509003 6.672878 2.547338 -1.948561 0.012085 -0.289731 -2.309476 3.177674 -3.167095 2.307846 -0.852630 -0.839275 -0.912817 
-0.425516 6.313654 1.211422 -1.580003 0.124891 -0.704552 -1.657737 2.715521 -3.076192 1.823515 -1.093617 -0.951773 -0.673612 
-0.357851 6.315357 0.922168 -1.898766 -0.148083 -0.881133 -1.695151 2.727221 -2.954592 2.147316 -1.022694 -0.656847 -0.407203 
-0.445948 7.145268 2.140075 -2.368774 -0.795362 -0.771222 -2.063685 2.910726 -3.104338 3.116466 -0.839760 -0.449746 -0.309184 
-0.922529 5.085256 0.886180 -1.936345 -0.213350 -0.333662 -1.969840 1.908811 -2.375845 2.040405 -0.987616 -0.002483 0.348336 
-1.127960 4.741119 0.888963 -1.872688 -0.235025 -0.275819 -1.980548 1.717264 -2.380741 1.879464 -0.952708 0.015190 0.309670 
-0.867961 5.585226 1.890914 -1.419178 0.008667 -0.919258 -2.998076 1.962065 -3.228199 1.941939 -0.636629 -0.031486 -0.047979 
-0.488363 6.826269 2.637938 -2.091057 -0.441657 -0.693135 -3.220435 2.260391 -3.288769 2.760421 -1.010952 -0.116535 -0.160798 
-0.280879 6.737314 2.362179 -2.074935 0.043012 -0.422533 -3.020049 2.637645 -3.150601 2.563193 -0.708611 -0.058798 -0.050683 
0.213318 9.068352 3.088621 -3.142681 0.159179 0.031761 -3.049223 3.629837 -3.757887 3.025644 -0.601060 -0.553513 -0.050155 
0.150118 9.435293 3.969029 -2.627659 0.814599 -0.530402 -4.025542 4.953614 -3.910034 2.455983 -0.251172 -0.884732 -0.380067 
-1.683193 4.136896 1.944696 -1.446259 1.231714 0.464864 -2.752966 2.860301 -2.550126 0.727355 0.261212 -0.861374 -0.311626 
-2.571301 2.511695 1.115622 -1.459181 0.943539 0.599741 -2.089746 2.435048 -1.737425 0.405454 0.609704 -0.762477 -0.244895 
-2.663656 2.229316 1.394548 -1.544077 0.890622 0.751574 -1.945610 2.586929 -1.591415 0.242950 0.785290 -0.807619 -0.267853 
-2.728910 2.072348 1.303795 -1.602188 0.873315 0.671257 -2.178341 2.442538 -1.464402 -0.006902 0.777002 -0.872290 -0.204905 
-2.698539 2.015010 1.278983 -1.645333 0.860080 0.654335 -2.229628 2.439233 -1.458124 -0.028402 0.825285 -0.825146 -0.157599 
-2.907773 1.838122 1.311702 -1.517649 0.900160 0.744189 -1.999296 2.409211 -1.507271 -0.019698 0.980363 -0.909780 -0.095482 
-2.755911 1.954413 1.274262 -1.514439 0.918210 0.690575 -2.101133 2.326602 -1.464048 -0.065751 0.869282 -0.811364 -0.084911 
-2.851914 1.899702 1.329509 -1.545160 0.991985 0.854250 -2.160401 2.361077 -1.509471 -0.070983 0.820435 -0.900939 -0.138792 
-4.103889 1.229899 1.457535 -1.385776 0.667781 1.028374 -1.783279 1.843152 -1.451968 0.206443 0.665625 -0.708268 -0.082880 
-3.762648 1.401457 1.432571 -1.555175 0.584213 0.976413 -1.912229 1.808174 -1.422440 0.229773 0.709409 -0.676452 -0.087828 
-2.972262 1.854404 1.296592 -1.721787 0.815022 0.858473 -2.091582 2.309427 -1.465029 -0.047163 0.877733 -0.808697 -0.193516 
