-2.907738 1.860657 1.380542 -1.746303 1.064235 0.962412 -2.264630 2.519538 -1.511884 -0.099005 1.087854 -0.933267 -0.134344 
-2.936247 1.962826 1.398623 -1.767655 1.022049 0.883927 -2.262426 2.573555 -1.513204 -0.052163 1.148897 -0.926938 -0.157750 
-2.847336 1.921818 1.318008 -1.761014 1.004126 0.887908 -2.253237 2.480884 -1.610202 -0.094109 0.963663 -0.982465 -0.127325 
-2.925025 1.912732 1.178063 -1.759109 0.979707 0.837943 -2.195441 2.451684 -1.453449 -0.106498 0.985953 -0.901257 -0.132171 
-2.892253 1.990936 1.224599 -1.649297 1.034495 0.814896 -2.177519 2.448466 -1.438869 -0.022692 1.020823 -0.879036 -0.158234 
-2.791783 1.987254 1.253546 -1.530651 1.039580 0.802472 -2.147466 2.285497 -1.557975 -0.057443 0.933462 -0.861736 -0.118088 
-2.800692 2.007276 1.203509 -1.597062 0.992508 0.776520 -2.155118 2.230745 -1.542813 -0.100117 0.950979 -0.859863 -0.110367 
-2.864603 1.854368 1.073570 -1.746895 0.902712 0.765214 -2.087951 2.331449 -1.454082 -0.121894 0.917471 -0.828998 -0.103000 
-2.900166 1.881417 1.264723 -1.645264 0.981306 0.797186 -2.184068 2.393691 -1.481991 -0.082646 0.994745 -0.859514 -0.069814 
-2.922925 1.920796 1.235277 -1.658648 1.000988 0.797652 -2.178724 2.369595 -1.507020 -0.111258 0.979653 -0.842584 -0.091874 
-2.871770 1.820568 1.231046 -1.597778 0.944346 0.730786 -2.161909 2.371583 -1.519420 -0.105366 0.967323 -0.896484 -0.135869 
-3.329681 1.747829 0.957522 -1.192818 0.826046 0.506782 -1.586351 2.097421 -2.030605 -0.369104 1.266360 -0.461618 -0.180204 
-3.933205 1.851098 1.121527 -1.461039 1.109971 0.841935 -1.634105 2.625748 -1.732974 -0.690228 1.358555 -0.966534 -0.076429 
-3.318573 3.287251 1.289901 -1.893155 1.229161 0.518940 -2.508193 2.954561 -1.732234 0.026978 0.740764 -1.526363 -0.250580 
-1.432074 4.344593 1.175861 -0.966925 1.247010 0.412477 -1.495238 2.861807 -1.963013 1.085222 -0.623996 -1.090648 -0.237881 
-1.675985 3.586973 0.471088 -0.940512 1.111436 0.316064 -1.309988 2.216361 -1.809213 0.607968 -0.413523 -0.658569 0.213244 
-1.570556 3.784483 0.058008 -1.225885 0.761456 -0.089589 -1.373659 1.921340 -2.227552 0.398943 -0.977112 -0.885926 0.066536 
-1.503155 3.803447 0.537400 -1.308838 0.702058 0.082814 -1.510551 2.193045 -2.420438 0.565434 -0.931447 -0.750604 0.007666 
-1.286644 5.391627 1.429427 -2.488503 0.547187 0.315703 -2.026762 3.482539 -2.610079 1.187582 -0.474542 -0.634867 -0.283443 
-2.975143 3.294489 1.269125 -1.937898 1.012739 0.514313 -2.630798 2.708968 -1.752321 0.462692 0.445112 -0.728609 -0.064276 
-4.410215 1.315306 0.554638 -1.422766 1.320025 1.355268 -1.730660 1.436985 -0.941897 -0.168577 1.000384 -0.961396 0.362268 
-4.564279 0.904972 0.519360 -1.268503 1.103053 1.363126 -1.179860 1.612410 -0.832328 0.307278 0.747044 -1.118390 -0.168153 
-3.805669 1.086522 0.821478 -0.987002 0.642564 0.719061 -1.292091 1.479877 -1.038258 0.234488 0.938371 -0.904791 -0.177980 
-3.735361 1.387355 1.027684 -0.980085 0.627343 0.785192 -1.230736 1.378542 -1.046585 -0.250677 1.340892 -0.910593 -0.316733 
-4.870309 0.801463 0.318810 -2.161439 0.247348 1.306717 -1.012396 1.112307 -1.102989 0.204483 1.217792 -0.539156 -0.350601 
-4.641811 1.466772 0.515557 -1.490492 0.833024 1.275602 -0.948906 1.179963 -1.170616 0.032031 0.609083 -0.684171 -0.301602 
-4.338797 1.068815 0.809810 -0.704093 0.856476 0.685747 -1.079860 1.478545 -1.092242 -0.282925 1.001202 -0.877550 -0.731675 
-1.233561 5.237167 0.108674 -1.400406 2.064086 0.589678 -1.464449 2.235969 -3.475574 0.046326 0.244771 0.147851 -0.231878 
-1.270286 5.745191 -0.955006 -1.362840 2.320524 0.200864 -1.524116 1.492585 -3.282105 -0.032815 -0.039968 0.062345 0.021271 
-1.139550 5.399337 -1.687281 -1.095571 2.212565 -0.282135 -1.380950 1.146422 -2.603520 0.692976 0.183405 -0.140677 0.110942 
-1.172664 5.152508 -1.570364 -1.003650 2.154890 -0.309361 -1.585299 0.819980 -2.790807 0.892447 0.490817 -0.244462 -0.024653 
-1.064631 5.609628 -1.082345 -0.807344 2.271385 -0.239418 -1.698648 0.786333 -3.368605 0.786290 0.587892 -0.101869 -0.138083 
-1.294930 6.128438 -0.912850 -1.084194 2.494643 -0.400578 -2.120210 1.349759 -3.062784 0.654481 0.723482 -0.264146 -0.183344 
-2.385716 4.274792 0.957607 -1.238540 1.462468 -0.027103 -2.964121 1.426736 -2.696178 0.566355 0.831674 -0.444946 -0.307426 
-3.654191 1.671529 1.268083 -1.260985 0.545258 0.702085 -2.024255 1.273749 -1.707972 0.064570 1.597464 -0.518064 -0.579829 
-3.420426 1.611649 0.480587 -1.049902 -0.015215 0.556206 -0.351824 0.983104 -1.095698 -0.086426 0.360368 -0.674052 -0.681986 
-3.402485 1.587160 -0.670311 -1.055073 -0.198694 -0.031209 0.055532 1.169957 -0.546283 0.590532 -0.282029 -0.950924 -0.088526 
-4.639271 0.667563 -1.641715 -0.910669 -0.168483 -0.805213 -0.024419 1.026785 0.201398 0.554978 0.994257 -0.508848 -0.183354 
-4.591611 0.041880 -1.189240 -0.548490 0.281459 -0.398051 -0.593119 0.454040 -0.034638 -0.108180 1.263079 -0.302190 -0.381145 
-3.635324 0.600245 -0.475703 -0.236670 -0.054405 -0.247633 -0.043180 0.412195 -0.721118 -0.163096 0.717349 -0.517325 -0.684428 
-3.978360 1.093551 -0.221292 -0.070591 0.204211 -0.218311 0.057838 0.672234 -0.952027 0.069329 0.558098 -1.034536 -0.879322 
-3.731185 1.720249 -0.408830 -1.091650 0.012739 0.251331 -0.173942 0.768961 -0.475219 0.520453 -0.102911 -0.744645 -0.145339 
-3.329648 2.341618 0.341365 -1.110678 -0.039203 0.466771 -0.180346 0.832815 -1.302428 0.331490 -0.159000 -0.734496 -0.661303 
-3.245940 2.583488 1.319282 -1.097699 -0.091733 0.319095 -1.093568 0.952955 -1.791592 0.156796 0.219397 -0.705595 -0.567622 
-3.424774 2.458286 1.276350 -1.263658 -0.004731 0.340329 -1.192439 1.499859 -1.547572 0.334417 0.581446 -0.656124 -0.278110 
-2.231988 4.159317 1.100735 -1.087273 1.693065 1.211284 -1.858116 1.131976 -2.917326 1.216482 0.759319 -0.278076 0.117930 
-1.238757 5.471502 -0.000818 -1.551359 1.854621 0.661260 -1.528451 1.488692 -3.813750 0.710213 0.097212 -0.252776 0.237732 
-1.472632 4.991138 -0.664901 -1.184356 1.764272 -0.096560 -1.808645 1.131610 -3.085525 0.109650 -0.176748 0.002572 0.553001 
-1.316671 5.427701 -0.909180 -1.542786 1.853323 -0.158442 -1.798700 1.639972 -2.622239 0.385410 -0.203688 -0.152353 0.393239 
-1.800315 4.242753 -0.447526 -1.272440 1.344543 -0.019313 -1.419897 1.696107 -2.196207 0.513040 -0.064809 -0.277060 0.465759 
-1.861928 3.979350 0.167323 -0.901448 1.469891 0.343341 -1.384080 1.639689 -2.492750 0.034120 -0.374463 -0.571881 0.280785 
-1.246931 5.928343 -1.340354 -1.806125 2.841938 0.388303 -1.754252 1.958395 -2.567377 0.304481 -0.190526 -0.860256 0.454828 
-1.327252 5.985190 -1.359130 -2.012161 2.910563 0.684972 -1.634394 1.865685 -2.602200 0.408206 0.069223 -0.772978 0.416636 
-1.893835 4.272447 -0.182385 -1.411519 2.035801 0.959925 -1.361597 1.622377 -2.287652 0.486668 0.285280 -0.534574 0.229222 
-2.061361 3.743375 0.086913 -1.374307 1.860470 1.119966 -1.344994 1.585023 -2.452272 0.335135 0.288683 -0.510580 0.025589 
-2.197412 4.527850 -0.169237 -1.764346 2.696206 1.286417 -1.955749 1.736495 -2.653597 0.275597 0.723868 -0.806001 -0.177730 
-2.650161 2.911584 0.747595 -1.637430 1.561837 1.222566 -1.803606 2.046679 -2.127333 0.167328 0.826637 -0.847606 -0.513568 
-2.903233 2.434939 -0.114566 -1.489567 1.760103 0.882056 -1.814985 1.566262 -1.477226 -0.013272 0.886289 -1.020236 -0.246786 
-3.229355 2.194401 -0.417478 -1.687523 1.897125 0.997307 -1.778822 1.474623 -1.090988 -0.114271 1.033371 -1.158495 -0.161818 
-3.029909 2.218494 0.496719 -1.959374 1.330062 1.227031 -1.710173 2.033427 -1.539388 -0.055206 0.870666 -0.822883 -0.062259 
-3.112804 2.267393 0.048149 -1.980320 1.338085 0.894250 -1.710111 1.939273 -1.516798 -0.208939 1.000202 -0.633791 0.195135 
-3.306211 1.968212 0.165224 -1.839182 1.318881 0.908701 -1.801767 1.763230 -1.561138 -0.346239 0.992139 -0.502704 0.368623 
-3.042906 1.786116 1.279755 -1.769171 0.768390 0.606492 -2.325884 2.457203 -1.350343 -0.028514 0.842369 -0.926934 -0.061035 
-2.718680 2.038620 1.178415 -1.699179 0.951444 0.795578 -2.050155 2.541924 -1.594401 -0.014686 0.755671 -0.874148 -0.014674 
-2.770882 1.923629 1.139447 -1.601221 0.990609 0.850761 -2.071325 2.281951 -1.598154 0.031494 0.870507 -0.799629 -0.109349 
-2.924525 1.910657 1.171244 -1.619114 1.026145 0.844577 -2.114778 2.322031 -1.527117 -0.098509 0.958941 -0.816544 -0.122977 
-2.967590 1.815460 1.170786 -1.639859 1.045762 0.780755 -2.220050 2.368944 -1.505538 -0.227377 0.921792 -0.952387 -0.149893 
-2.921803 1.851308 1.271002 -1.766761 0.900116 0.725979 -2.312860 2.417288 -1.451104 -0.023881 1.027390 -1.010195 -0.128322 
-3.031187 1.818296 1.294101 -1.482279 1.203568 0.807673 -2.305922 2.377344 -1.487923 -0.281175 1.036669 -0.932196 -0.133336 
-3.120970 1.655860 1.353747 -1.485860 0.872217 0.776408 -2.035468 2.322738 -1.397822 -0.077710 0.923247 -0.822263 -0.014151 
-3.105352 1.693731 1.328726 -1.487149 0.854624 0.735146 -2.054239 2.240525 -1.359639 -0.130020 0.886875 -0.878685 -0.032568 
-2.838381 1.814903 1.333439 -1.600013 0.923168 0.788677 -2.163797 2.463818 -1.509991 -0.020927 0.938379 -0.958276 -0.109840 
-2.939842 1.788741 1.292150 -1.556380 0.959340 0.678454 -2.211703 2.543426 -1.453991 -0.093496 0.897346 -0.946239 -0.120974 
-3.166259 1.543165 1.300413 -1.313998 0.937360 0.529542 -2.158185 2.488008 -1.293357 -0.194658 0.943519 -0.849619 -0.135559 
-3.210254 1.550693 1.407633 -1.289010 0.939854 0.583530 -2.120855 2.492419 -1.297055 -0.228327 0.981530 -0.949938 -0.164774 
