-2.889209 1.915496 1.309821 -1.784151 1.004557 0.835208 -2.300879 2.511600 -1.497633 -0.019105 1.045891 -0.942231 -0.120707 
-2.947889 1.816423 1.413397 -1.602231 1.017091 0.796589 -2.256505 2.540273 -1.437732 -0.133082 1.097364 -1.038478 -0.187687 
-2.940372 1.931556 1.332879 -1.695306 1.047284 0.889933 -2.238435 2.460813 -1.503202 -0.114589 1.020401 -0.876480 -0.177333 
-2.973704 1.897255 1.296998 -1.712792 1.024337 0.885716 -2.149829 2.460263 -1.508574 -0.174527 0.998790 -0.922461 -0.175194 
-2.909419 1.926491 1.317575 -1.709398 1.080536 0.895336 -2.320494 2.364551 -1.472548 -0.228010 0.981608 -0.905726 -0.153383 
-2.882726 1.879525 1.350236 -1.780891 0.978072 0.861379 -2.330636 2.432185 -1.530568 -0.215806 0.956313 -0.941547 -0.136540 
-2.891750 1.872293 1.389796 -1.753605 0.985414 0.883696 -2.335021 2.409949 -1.559083 -0.132797 0.976317 -0.890078 -0.192818 
-2.904946 1.955554 1.393302 -1.725234 1.047132 0.895419 -2.332535 2.415457 -1.527146 -0.124605 0.976166 -0.886380 -0.196793 
-2.934912 2.022313 1.365582 -1.641459 1.037069 0.894513 -2.130267 2.382844 -1.455632 -0.135764 1.020494 -0.974895 -0.112215 
-3.526050 2.088562 0.864882 -1.471872 1.059579 0.651775 -1.729844 2.055116 -1.302589 -0.112595 1.108458 -0.990991 -0.040077 
-3.494243 2.073780 0.881126 -1.651436 0.998471 0.723950 -1.866428 1.981765 -1.383444 -0.194876 0.964509 -0.929240 -0.088138 
-2.885248 1.934846 1.299747 -1.789787 1.045403 0.982922 -2.270518 2.435785 -1.535537 -0.128582 0.911259 -0.834241 -0.185380 
-2.896457 1.903928 1.289813 -1.622930 1.064373 0.903404 -2.208529 2.454152 -1.453285 -0.065705 1.028405 -0.818130 -0.119869 
-2.887618 2.016067 1.344395 -1.556856 1.012954 0.838396 -2.125774 2.400517 -1.495683 -0.064982 0.935572 -0.810094 -0.113520 
-2.844136 2.012625 1.270303 -1.586220 0.951974 0.728507 -2.130615 2.373300 -1.508429 -0.099888 0.938049 -0.831817 -0.089703 
-2.784916 1.841227 1.226301 -1.659950 0.850060 0.712608 -2.145485 2.361568 -1.522732 -0.156042 0.936763 -0.827826 -0.071748 
-2.855132 1.696801 1.296381 -1.616552 0.936820 0.834519 -2.179955 2.368006 -1.562808 -0.144740 0.908236 -0.865497 -0.128513 
-2.867338 1.843469 1.319614 -1.709074 0.913160 0.831217 -2.208904 2.384326 -1.555524 -0.065629 0.901726 -0.869224 -0.126960 
-3.371022 3.780134 0.876486 -0.296468 2.585656 0.614287 -2.430658 2.460574 -1.611187 0.310726 1.119573 -1.293352 0.833535 
-3.451309 2.341533 0.852218 -0.904206 1.675495 0.821933 -2.072443 2.435512 -1.270896 0.181603 1.231949 -0.827641 0.653844 
-3.139007 1.876600 0.931026 -1.267824 1.337351 0.962879 -1.812965 2.369708 -1.182736 -0.094451 1.123464 -0.892969 0.271243 
-0.105122 7.472379 0.022691 -2.372981 1.948506 -0.779190 -2.464849 4.526540 -3.396637 0.994812 -0.222037 -0.266199 0.755597 
-0.213193 7.429318 0.018782 -2.175843 1.102317 -0.642213 -1.100445 4.249523 -3.354848 0.744629 -0.811563 -0.489223 0.630313 
-0.905871 6.289156 0.408592 -1.751517 0.358438 -0.675745 -0.583153 3.375485 -3.269194 0.682362 -0.907623 -0.809081 -0.012170 
-1.240990 5.957037 0.505087 -1.927450 0.064775 -0.750145 -0.729503 3.071525 -3.450316 0.557916 -1.041053 -0.908482 -0.157409 
-1.061132 6.469417 1.089190 -2.692114 0.498914 -0.072647 -1.498843 3.777704 -3.248743 0.930814 -0.781634 -0.858377 -0.087333 
-3.458585 3.548227 1.775381 -1.881265 0.371152 0.559424 -2.019857 1.849711 -2.729975 0.583145 0.451832 -1.309926 -0.239937 
-4.163737 1.982212 0.370457 -0.660231 1.538377 0.947961 -0.746153 1.793907 -0.975248 -0.022277 0.839204 -1.029286 0.050858 
-4.719122 1.568197 0.317518 -0.632870 0.679998 0.209149 -0.879727 0.815650 -0.987712 0.498328 1.239517 -0.708217 0.024477 
-4.709504 1.397038 0.291951 -0.911921 -0.034415 -0.019151 -0.886939 0.342984 -0.970690 0.683144 1.131352 -0.727162 -0.113934 
-4.096097 0.762980 0.175998 -1.353371 0.697389 1.010139 -1.122762 0.836811 -0.984791 0.253600 0.914294 -0.744880 -0.395597 
-3.921448 0.641946 0.282678 -1.695922 0.534436 1.022374 -1.241201 1.487604 -1.075490 0.058731 1.096675 0.070247 -0.257842 
-2.628644 2.910287 0.164936 -2.130772 0.362819 0.340297 -1.637712 1.616277 -2.192638 0.164339 -0.059496 -0.388670 -0.320411 
-0.795027 6.417055 -1.761264 -1.564046 1.690238 -0.697880 -0.414237 2.094408 -3.746396 -0.045091 0.261528 0.551987 0.292339 
-0.533921 6.446827 -2.484478 -1.511664 2.010939 -1.010398 -0.746547 1.907831 -3.916462 0.144653 0.271106 0.386426 0.056128 
-1.523104 4.919200 -1.821206 -1.190644 1.513443 -0.830980 -1.055602 1.209198 -3.206622 0.331005 0.303228 0.088435 0.112247 
-1.299740 5.193146 -1.774262 -1.326163 1.387261 -0.985890 -1.201850 1.316470 -2.937043 0.826785 0.340161 0.005319 -0.085943 
-0.456412 6.288154 -2.083119 -1.707837 1.663030 -1.229930 -1.383316 1.856939 -3.593186 1.006446 0.547321 0.281480 -0.290861 
-0.593838 5.887769 -1.118382 -2.303159 1.558061 -0.335735 -1.909445 1.818480 -3.784993 1.206823 0.922791 0.184659 -0.514894 
-2.839637 3.558784 0.805934 -0.921163 1.415377 0.137518 -2.087168 1.875789 -2.087837 -0.105334 1.009835 -0.453967 0.034578 
-4.292553 1.805296 0.486317 -1.575451 0.137723 -0.136240 -2.022357 0.996649 -1.779039 -0.821955 0.932732 -0.161550 -0.421703 
-3.917635 2.197832 -0.669722 -1.915794 -0.029140 -0.218994 -1.741825 -0.001037 -1.649780 0.330301 1.247636 0.247770 -0.848645 
-3.359735 2.922060 -0.968088 -1.726167 0.086350 -0.256758 -1.376435 -0.333155 -1.408753 0.641214 0.936718 0.155305 -0.639249 
-3.104758 3.061026 -0.611669 -1.766383 0.033842 -0.317749 -1.645777 0.013709 -1.350744 0.314818 0.563833 0.332532 -0.318387 
-2.929852 2.491637 0.006701 -1.641510 -0.117681 -0.122325 -1.655094 0.431273 -1.780755 -0.227449 0.224452 0.062241 -0.544160 
-2.995624 2.908547 0.314295 -2.041483 -0.487556 -0.390454 -2.296539 0.222637 -2.237564 0.003083 -0.088392 0.115527 -0.349239 
-2.710871 4.034986 1.031639 -1.923115 0.191384 0.036112 -2.605376 0.766742 -1.648168 0.456409 -0.066084 -0.028441 -0.110756 
-2.581273 2.537329 1.186100 -1.204008 0.855989 0.838259 -2.043632 1.670731 -1.153649 -0.450299 -0.104264 -0.113654 -0.096018 
-1.868482 4.593649 0.602152 -2.310776 0.875109 0.696455 -2.174183 1.749226 -2.136323 0.536142 -0.503493 0.031807 -0.121207 
-1.304898 5.197873 -0.804746 -2.512726 1.176709 0.400691 -1.641200 1.307859 -2.936327 1.186587 -0.597909 -0.723828 -0.240853 
-1.598598 4.550394 -0.902087 -1.773380 1.424139 0.213104 -1.343709 1.506559 -2.790298 0.845164 -0.296057 -0.640083 -0.120065 
-1.734583 4.572659 -0.596645 -1.486678 1.353476 -0.029464 -1.393825 1.617739 -2.851384 0.065440 -0.432133 -0.439575 0.381795 
-1.331128 5.931855 -2.030676 -1.878970 2.290252 -0.683043 -1.653356 2.205847 -2.833764 -0.473039 -0.603601 -0.627968 0.703922 
-0.860408 6.743147 -1.585124 -2.077636 2.721992 -0.259847 -1.922018 2.551601 -2.920169 0.121934 -0.413633 -1.029119 0.659057 
-1.403407 5.340081 -0.019811 -1.832569 1.528404 -0.009975 -1.791195 2.509968 -2.808875 0.422530 -0.033844 -0.695624 0.288841 
-1.808712 4.927493 -0.106925 -1.739236 1.658873 0.135775 -1.792929 2.213694 -2.813730 0.077234 0.174622 -0.613957 0.260952 
-0.552454 8.794563 -1.763881 -3.617118 3.903854 0.834494 -2.769816 2.545494 -3.726870 0.906851 0.296356 -1.798890 0.041172 
-1.999323 4.119999 0.935061 -1.458558 1.870659 1.108078 -1.797208 2.292648 -2.646717 0.280335 0.359169 -0.760505 -0.337967 
-2.847678 2.651892 0.383213 -1.159404 2.104519 1.420857 -1.491714 1.670272 -1.938204 -0.143705 1.075962 -0.645012 -0.226914 
-3.258293 2.935692 -1.273578 -2.348510 2.436683 1.166886 -1.845145 1.267959 -1.698142 -0.305012 1.087971 -1.003314 -0.229910 
-3.377223 2.083490 -0.311214 -1.578870 1.806696 0.908888 -1.776992 1.272670 -1.484944 -0.218483 1.056346 -0.836807 -0.034548 
-3.121370 2.261374 0.394732 -1.786237 1.452372 1.118866 -1.722548 2.019202 -1.624225 -0.207873 1.119925 -0.570311 0.106492 
-3.085960 2.105645 0.651026 -1.702208 1.378749 1.023793 -1.920830 2.146494 -1.470065 -0.232937 1.153317 -0.769161 0.045225 
-2.925245 2.083746 1.022526 -1.666606 1.256785 1.044169 -1.992135 2.367957 -1.433567 -0.147569 0.963917 -0.919379 -0.069141 
-2.790711 2.060259 1.189596 -1.648625 0.950649 0.730130 -2.117071 2.337163 -1.598588 -0.039844 0.809332 -0.876741 -0.126944 
-2.838809 1.928226 1.216498 -1.598635 0.911665 0.669177 -2.166422 2.365449 -1.530716 -0.112243 0.882903 -0.853842 -0.126186 
-2.921447 1.779000 1.117024 -1.687181 0.894389 0.721369 -2.161531 2.336708 -1.490543 -0.161490 0.949516 -0.857711 -0.105161 
-2.885510 1.874790 1.250637 -1.713894 0.915444 0.751415 -2.220848 2.408751 -1.472484 -0.126157 0.940102 -0.908588 -0.096489 
-2.891141 1.901615 1.172113 -1.684261 0.899926 0.706166 -2.185594 2.360954 -1.507181 -0.101440 0.905926 -0.930060 -0.090147 
-2.916987 1.961463 1.138639 -1.645016 0.992686 0.762333 -2.152267 2.318697 -1.539658 -0.158325 0.890338 -0.877666 -0.103849 
-2.922036 1.919599 1.185300 -1.616343 1.032337 0.815563 -2.163590 2.335179 -1.493079 -0.123269 0.934095 -0.873714 -0.124546 
-2.863340 1.920193 1.207353 -1.704767 0.929820 0.773626 -2.189761 2.397277 -1.497651 -0.046327 0.962326 -0.902151 -0.151051 
-2.796217 1.875512 1.210432 -1.573275 0.960352 0.737094 -2.151088 2.358637 -1.441437 -0.052432 0.961729 -0.891908 -0.114361 
-2.814001 1.861706 1.247582 -1.501663 1.006052 0.736806 -2.110642 2.415095 -1.461497 -0.075969 0.943952 -0.827009 -0.080537 
-2.889602 1.785587 1.369496 -1.617513 0.802909 0.656655 -2.245229 2.333724 -1.589569 -0.144370 0.950066 -0.878385 -0.196434 
