-3.458367 1.983438 0.673158 -1.064717 0.913790 1.210777 -1.055008 1.123549 -1.017763 0.239233 0.902272 -1.121060 -0.231890 
-3.205350 1.731977 0.531406 -1.044119 1.131280 1.273177 -1.141827 1.310628 -1.341016 -0.039500 0.524826 -0.977159 0.132284 
-3.370450 1.894212 0.580616 -0.808665 1.198853 1.179045 -1.169903 1.109749 -1.201624 -0.137263 0.774730 -0.953647 0.014430 
-3.441050 1.572288 0.743503 -1.087118 0.880082 1.243294 -1.096710 1.485494 -1.232246 0.225768 0.512121 -0.918044 0.031959 
-3.557205 1.771398 0.786069 -0.862473 1.198590 1.337158 -1.252564 1.092431 -1.327808 0.079665 0.598644 -0.795729 0.120433 
-3.822752 1.404577 0.429830 -1.024206 1.292858 1.502857 -0.981401 1.495872 -1.184410 0.100860 0.384845 -0.667069 0.168904 
-3.890531 1.966635 0.407391 -1.099954 1.465733 1.421290 -1.263795 1.156660 -1.261775 0.117848 0.546448 -0.864564 0.001739 
-3.613070 1.239138 0.615791 -0.966985 1.213198 1.548378 -1.300478 1.036160 -1.237397 0.131638 0.573086 -0.680502 0.051011 
-3.791368 1.951140 0.528491 -0.987047 1.257764 1.141263 -1.246660 1.369114 -1.015003 0.090575 0.752092 -0.786577 0.055079 
-3.390986 1.217383 0.759198 -0.760627 1.105703 1.329154 -1.198138 1.280019 -1.519778 0.064624 0.766166 -0.752475 -0.061244 
-3.749058 1.802102 0.396358 -1.019995 1.390347 1.297679 -1.323266 1.103606 -1.084318 0.227918 0.828921 -0.835100 -0.062060 
-3.630852 1.386699 0.644841 -0.705440 1.238286 1.263145 -1.050488 1.420131 -1.390292 0.313330 0.530260 -1.122630 -0.001992 
-3.610843 1.669696 0.523908 -0.944235 1.427337 1.335281 -1.432346 1.196166 -1.222076 0.362748 0.608074 -0.918271 -0.123281 
-3.589562 1.580460 0.562131 -0.872207 1.077250 1.226873 -1.009545 1.315436 -1.144063 0.113914 0.418745 -1.068140 0.173197 
-3.530879 1.601471 0.552872 -0.999813 1.141061 1.242456 -1.169803 1.451938 -1.209463 0.215571 0.633871 -0.908388 -0.053269 
-3.688449 1.582304 0.567618 -0.953679 1.217674 1.201814 -1.320972 1.491869 -1.147223 -0.110317 0.406708 -0.803877 0.117819 
-3.563937 1.739668 0.466639 -0.960648 1.242915 1.119119 -1.166154 1.620534 -1.135823 0.190463 0.689242 -0.746771 -0.185217 
-3.730123 1.450694 0.834541 -0.690288 1.029520 0.869447 -1.320867 1.581100 -1.265154 0.224113 0.680336 -0.711663 -0.159029 
-3.890681 1.521024 0.347445 -0.969897 1.285686 1.133760 -1.100191 1.809644 -1.040918 0.349744 0.691332 -0.535361 -0.163090 
-3.416189 1.544764 0.523839 -0.842275 1.053049 0.908511 -1.228249 1.437453 -1.257242 0.282417 0.660419 -0.800329 -0.182910 
-4.066827 1.406142 0.527386 -0.910298 1.470850 1.492202 -1.024247 1.737838 -1.189033 0.140226 0.543431 -0.679906 -0.398399 
-3.491052 1.730684 0.271138 -1.227156 1.168304 1.267647 -1.158893 1.359110 -1.146250 0.265378 0.392671 -0.885191 -0.015122 
-3.951620 1.235331 0.692489 -0.812653 1.269988 1.552684 -0.823440 1.628998 -1.194133 0.273392 0.355994 -1.048672 -0.166842 
-3.636703 1.654624 0.375092 -1.050255 1.357065 1.362207 -1.060116 1.641599 -1.249896 0.223589 0.302981 -1.014877 -0.113791 
-3.754627 1.281367 0.599962 -0.787479 1.278200 1.368551 -0.978120 1.578134 -1.237946 0.125607 0.420407 -1.124067 -0.085077 
-3.477918 1.650955 0.597554 -0.989215 1.199574 1.246816 -1.234308 1.460714 -1.300135 -0.030023 0.534904 -0.800775 -0.056465 
-3.373239 1.428612 0.516688 -0.839165 1.120889 1.266141 -0.935096 1.437165 -1.175924 0.139410 0.641733 -1.132347 -0.036571 
-3.702498 1.720807 0.453461 -1.121663 1.073663 1.227442 -1.141782 1.301220 -1.083309 -0.139565 0.525568 -0.901978 -0.039672 
-3.494278 1.581887 0.628729 -0.942387 1.136445 1.264250 -1.138766 1.491698 -1.095173 0.000238 0.499794 -0.860148 0.000115 
-3.878822 1.593113 0.581279 -0.945567 1.165985 1.208781 -1.143867 1.565021 -0.961665 0.141818 0.541110 -0.870296 -0.071371 
-3.762300 1.622899 0.395487 -0.914101 1.276937 1.161962 -1.329917 1.212429 -0.882329 -0.029449 0.516518 -0.808850 0.024936 
-3.724956 1.495581 0.632516 -0.754084 1.274313 1.089946 -1.400738 1.392732 -1.101261 0.191513 0.697257 -0.840748 -0.159100 
-3.902717 1.645885 0.731851 -0.909339 1.198505 1.369556 -1.152203 1.336243 -1.065695 0.355351 0.630767 -0.881894 -0.239129 
-3.587549 1.786743 0.494584 -0.836233 1.292062 1.078655 -1.289844 1.323349 -1.005528 0.065142 0.557045 -1.016100 -0.074251 
-3.799790 1.455297 0.747739 -0.917728 0.908151 1.098932 -1.053043 1.658880 -0.930329 0.065845 0.680097 -0.624997 -0.143015 
-3.753502 1.702743 0.599328 -0.859527 1.126339 1.086421 -1.102588 1.438421 -1.071623 0.157849 0.751445 -0.912123 -0.059124 
-3.406408 1.516600 0.706305 -0.923338 0.770597 1.080022 -1.091891 1.445139 -0.700220 -0.039447 0.836518 -0.986187 -0.131804 
-3.613578 1.539249 0.570123 -0.887260 0.925087 1.030139 -1.008595 1.479784 -1.045925 0.048331 0.808286 -0.918287 -0.009928 
-3.404256 1.916217 0.510034 -1.191029 0.897085 1.248415 -1.157095 1.137046 -0.730507 0.072646 0.760035 -1.223239 0.006615 
-3.796896 1.742612 0.368210 -0.970306 1.122589 0.943835 -1.048882 1.718330 -1.050137 -0.207784 0.637742 -0.752978 0.230381 
-3.703797 1.773107 0.560527 -0.986831 0.967776 1.017795 -1.219715 1.111317 -1.103201 0.186342 0.825475 -0.988535 -0.164869 
-4.023307 1.686810 0.356127 -1.039649 1.293428 1.310543 -1.002788 1.483469 -1.045548 -0.029058 0.511425 -1.068182 0.050762 
-3.922945 1.511469 0.666833 -0.883788 1.086413 1.155293 -1.200960 1.351540 -1.166021 0.150686 0.648214 -0.809609 -0.136352 
-3.955947 1.438663 0.431899 -0.745997 1.217476 1.165410 -0.814454 1.522437 -1.264848 0.078803 0.703941 -1.030534 -0.065804 
-3.822827 1.431374 0.706201 -0.993828 1.157156 1.458156 -1.099715 1.513235 -1.135356 0.126003 0.613676 -0.643508 -0.010062 
-3.955788 1.422668 0.722715 -0.823112 0.909645 1.030580 -1.050050 1.435926 -1.157908 0.118386 0.570033 -0.737518 0.104397 
-3.356033 1.318886 0.634662 -0.865436 1.179632 1.309639 -1.212319 1.613199 -1.248275 -0.126373 0.685564 -0.722927 -0.123711 
-3.911925 1.642205 0.667722 -0.935985 1.216337 1.268028 -1.274489 1.229258 -1.301262 0.004514 0.434463 -0.618562 0.196551 
-3.270477 1.451288 0.670168 -0.628048 1.033998 0.910288 -1.232718 1.554424 -1.006437 -0.236004 0.955143 -1.199488 -0.174910 
-3.685768 1.608624 0.596814 -0.902676 1.294604 1.222323 -1.372312 1.298649 -1.239583 0.131391 0.546453 -0.777535 0.106341 
-3.290537 1.526647 0.485296 -0.679533 1.094920 0.971390 -1.069928 1.292648 -1.139382 0.077104 0.963771 -1.243593 -0.134139 
-3.599977 1.291846 0.613004 -0.812173 1.246542 1.220964 -1.270389 1.586138 -1.200132 0.096351 0.574058 -0.822856 -0.049732 
-3.514446 1.499797 0.601834 -0.841315 1.084068 1.188767 -1.104494 1.310962 -1.322434 0.034990 0.763803 -0.772397 -0.048440 
-3.969676 1.626580 0.624250 -0.721642 1.413439 1.185635 -1.078570 1.652678 -1.328799 -0.002942 0.660339 -0.750994 -0.212304 
-3.873123 1.433821 0.526010 -0.784390 1.166169 1.024376 -1.042893 1.686639 -1.330525 -0.305511 0.631121 -0.726591 -0.006200 
-3.725730 1.822889 0.644254 -0.942307 1.165823 1.003896 -1.463473 1.298075 -1.191674 -0.109088 0.487154 -0.689515 0.171200 
-3.924182 1.622931 0.381094 -0.673106 1.408936 1.150170 -0.974540 1.328773 -1.131230 -0.286988 0.592535 -0.941475 -0.021679 
