-3.427793 1.787651 0.469185 -1.105058 1.091700 1.324923 -1.072695 1.293636 -1.093861 -0.090217 0.696306 -0.877390 -0.191512 
-3.911275 1.905782 0.593639 -1.157309 1.200064 1.427978 -1.151437 1.322327 -1.216680 -0.051824 0.625551 -0.696491 -0.058875 
-3.922495 1.925441 0.672799 -0.954340 1.246600 1.461982 -0.907060 1.298463 -1.310860 -0.053893 0.072864 -1.058344 0.235917 
-3.749326 1.737171 0.536747 -1.230966 0.979002 1.325545 -1.082129 1.396957 -1.088380 0.176131 0.832307 -0.558456 -0.018616 
-3.870080 1.822945 0.779613 -0.985596 0.860035 1.138408 -0.965105 1.417292 -1.083305 -0.011798 0.255908 -0.971605 0.214863 
-3.725837 1.584951 0.466155 -1.167980 1.142838 1.425922 -1.154969 1.370937 -1.074937 0.253629 0.570090 -0.515587 -0.004412 
-3.709140 1.670902 0.569244 -0.903484 1.058678 1.168600 -1.016573 1.332343 -1.098504 -0.173577 0.517525 -0.836191 0.128094 
-3.878305 1.879952 0.621914 -1.113077 1.299166 1.407301 -1.335742 1.290912 -1.168243 0.197241 0.494394 -0.681557 -0.138526 
-3.874315 1.479142 0.608253 -0.927649 1.185491 1.204245 -1.264799 1.542659 -0.905301 -0.028063 0.488536 -0.595642 -0.153251 
-3.769037 1.741610 0.582752 -1.392216 1.101217 1.477833 -1.329544 1.436740 -1.107725 0.090175 0.383726 -0.705451 -0.219817 
-3.821568 1.541595 0.601021 -0.774548 1.318133 1.360382 -1.135482 1.400369 -0.955067 -0.187707 0.528689 -0.765913 -0.125895 
-3.930980 1.486425 0.550736 -1.116664 1.243844 1.541102 -1.098059 1.524894 -1.116777 0.093538 0.467440 -0.954520 -0.432077 
-3.922301 1.837723 0.622587 -0.765893 1.243570 1.155034 -1.022537 1.367822 -1.215383 0.157717 0.549770 -0.886001 -0.106009 
-4.299597 1.742337 0.524665 -0.913494 1.344956 1.432718 -0.908030 1.439099 -0.969407 0.050557 0.493212 -1.058926 -0.379327 
-3.972850 2.021924 0.738995 -0.929971 1.101988 1.136390 -1.109245 1.304343 -1.225195 0.307742 0.702778 -0.811456 -0.172783 
-4.117862 1.771299 0.435608 -0.845271 1.164185 1.046162 -0.873741 1.545118 -0.921130 0.083661 0.638091 -1.012162 -0.229715 
-3.875046 1.855079 0.704992 -0.903377 1.138758 1.044363 -1.288913 1.431004 -1.038540 0.246768 0.674603 -0.779901 -0.071148 
-3.471064 1.631315 0.493141 -0.880209 1.079425 1.013857 -1.261393 1.187699 -1.211668 0.267596 0.756283 -0.782906 -0.030287 
-3.848914 1.644419 0.625025 -0.964182 1.179079 1.207264 -1.269476 1.415519 -1.039096 0.076942 0.334390 -0.773572 0.103956 
-3.351118 1.751610 0.764546 -0.871721 1.055444 0.976845 -1.472289 1.237162 -1.334604 0.248119 0.656720 -0.809345 -0.059943 
-3.614260 1.627118 0.547165 -0.876934 1.309077 1.308271 -1.183419 1.360469 -1.173109 -0.000177 0.492586 -0.635649 -0.048303 
-4.051880 1.767674 0.870095 -0.657019 1.388209 1.464007 -1.066986 1.051766 -1.342764 0.238716 0.579104 -1.053493 -0.286632 
-3.483472 2.027260 0.596746 -1.316926 0.948509 1.238571 -1.241864 1.287010 -1.301028 0.041323 0.725842 -0.631298 -0.055924 
-4.203688 1.439973 0.778033 -0.705502 1.277906 1.380062 -1.010171 1.361707 -1.320517 0.040027 0.655204 -0.562279 0.035197 
-3.485316 2.004531 0.302868 -1.355625 1.033436 1.155897 -1.124098 1.471069 -1.044765 0.135917 0.482051 -0.749364 0.060262 
-3.866545 1.612494 0.737564 -0.684827 1.257264 1.141633 -1.350280 1.073302 -1.355730 -0.204161 0.673096 -0.590359 0.211648 
-3.623290 1.728531 0.234462 -1.190878 1.128150 1.172762 -1.056833 1.529297 -1.040241 0.194443 0.435910 -0.699573 0.063163 
-4.048183 1.914311 0.817493 -0.889739 1.160431 1.363772 -1.267684 0.721995 -1.272231 0.111291 0.675048 -0.814338 0.211062 
-3.612769 1.528276 0.292944 -1.098043 0.927143 1.126490 -0.832827 1.590699 -1.077476 0.194504 0.959589 -0.833946 -0.209635 
-3.985909 1.795341 0.596445 -1.131392 1.363359 1.587611 -1.182212 1.381864 -0.979980 0.356352 0.419943 -0.820932 -0.047914 
-3.688333 1.725916 0.372283 -0.960270 1.113221 1.318444 -0.544535 1.562634 -1.288795 0.059507 0.884944 -0.921883 -0.302379 
-3.885378 1.565321 0.641912 -0.943426 1.261765 1.338201 -1.216789 1.541527 -0.965456 0.378800 0.547485 -0.646759 -0.126848 
-4.019863 1.773245 0.620513 -0.738363 1.398215 1.485119 -0.690592 1.463411 -1.312128 0.154373 0.585372 -1.106995 -0.170868 
-3.694145 1.570884 0.643421 -1.037237 1.041746 1.356412 -1.116010 1.345548 -1.034061 0.355876 0.626518 -0.775130 0.063870 
-3.639430 1.867864 0.836679 -1.162316 0.966202 1.467916 -1.169082 1.152652 -1.118812 0.444020 0.463762 -0.902110 0.023750 
-3.413978 1.576294 0.535885 -1.111858 0.880823 1.165281 -1.096677 1.430593 -1.171944 0.201206 0.762288 -0.897211 -0.142977 
-3.991203 2.111525 0.626636 -1.422434 0.884553 1.611790 -0.925910 0.832869 -1.058573 0.404162 0.593367 -0.955148 0.043565 
-3.731078 1.421271 0.660902 -0.656006 1.228112 1.115852 -1.156034 1.433135 -1.285419 -0.038037 0.524985 -0.694007 -0.174308 
-4.248171 1.733577 0.710626 -0.947155 1.080143 1.300447 -0.993763 1.265486 -1.026541 0.079096 0.509129 -0.855640 -0.117453 
-3.722572 1.482488 0.428904 -0.682639 1.231976 1.106855 -0.968466 1.427345 -0.926738 0.071578 0.660285 -0.883281 -0.281274 
-3.967032 1.483888 0.556136 -0.951337 1.040076 1.195598 -1.141669 1.104142 -1.281631 0.026242 0.660539 -0.731176 -0.188766 
-3.478970 1.795128 0.430365 -0.892408 1.179781 1.313913 -0.958857 1.141764 -0.952823 -0.097016 0.664615 -1.052577 -0.200744 
-3.494170 1.744743 0.320924 -0.922396 1.262715 1.186524 -1.140571 1.156720 -1.152161 -0.031830 0.921981 -0.721117 -0.130434 
-3.439871 1.912305 0.622234 -0.927269 1.034379 1.164971 -1.075445 1.165788 -1.112502 0.027065 0.915293 -0.871991 -0.165229 
-3.474731 1.690772 0.244003 -0.993395 1.177955 1.045462 -1.059890 1.616491 -1.014647 -0.167029 0.654049 -0.857823 -0.040719 
-3.608706 1.718980 0.504154 -0.901602 1.260202 1.118243 -1.313356 1.324660 -1.046193 0.161425 0.678559 -0.629373 -0.158615 
-3.934790 1.895300 0.586157 -1.084392 1.139180 1.260777 -1.037774 1.438208 -1.421489 0.087063 0.397503 -0.757374 -0.030605 
-3.675347 1.419586 0.667819 -0.806002 1.256074 1.373297 -1.071068 1.568629 -1.041971 0.113902 0.449147 -0.702003 -0.274652 
-4.085408 2.169969 0.642858 -1.060530 1.361321 1.365511 -1.220026 1.299272 -1.054929 0.246480 0.409186 -0.813781 -0.070547 
-3.694821 1.852382 0.543349 -1.193813 1.076779 1.509184 -0.922768 1.233778 -1.032129 0.219501 0.607020 -0.890487 -0.201376 
-3.836864 1.882642 0.473045 -1.020967 1.223332 1.347782 -0.955369 1.285885 -1.190504 0.038633 0.662919 -1.016487 -0.178137 
-3.906110 1.452539 0.755297 -1.090371 1.025895 1.537944 -1.071620 1.303669 -1.114141 0.267754 0.385096 -0.723844 0.085328 
-3.755855 1.535972 0.292436 -0.941566 1.167644 1.208324 -1.012977 1.194636 -1.250757 0.291311 0.948258 -0.747274 0.163492 
-4.094866 1.806436 0.675899 -0.922801 1.262977 1.383543 -0.936553 1.471428 -1.097516 -0.166890 0.507145 -0.621533 -0.071008 
-3.633748 1.277130 0.436600 -0.833332 1.114431 1.088845 -1.120994 1.499137 -1.241290 0.429276 0.809537 -0.732591 -0.016467 
-3.907923 1.887681 0.825749 -1.012829 1.243928 1.526178 -1.223059 1.086620 -1.244757 -0.102847 0.164640 -0.678833 0.030618 
-3.830211 1.353139 0.542446 -0.980855 1.132431 1.485547 -0.829267 1.578508 -1.147939 0.313840 0.515080 -0.867380 0.040257 
