-2.871393 1.887596 1.376766 -1.757410 1.014756 0.898229 -2.294183 2.501824 -1.521037 -0.052235 1.091057 -0.925185 -0.106859 
-2.864850 1.861368 1.372581 -1.753471 1.053033 0.888278 -2.341902 2.535782 -1.574410 -0.144450 1.045227 -0.979588 -0.153373 
-2.942265 1.912496 1.353072 -1.727540 1.064498 0.889604 -2.261483 2.482760 -1.583018 -0.116884 1.024974 -0.939491 -0.119727 
-2.900318 1.975748 1.418019 -1.688503 0.977778 0.833963 -2.217226 2.497006 -1.529262 -0.074724 1.033977 -0.910361 -0.132053 
-2.884308 2.061334 1.367413 -1.688169 0.978918 0.813561 -2.184659 2.470032 -1.510993 -0.033319 1.002693 -0.891641 -0.135913 
-2.938766 2.085260 1.339041 -1.694236 1.003551 0.798695 -2.206657 2.432291 -1.586791 -0.069007 0.954385 -0.938874 -0.183927 
-2.947972 1.966603 1.339349 -1.686905 1.013304 0.839566 -2.262059 2.418067 -1.572910 -0.157496 0.948235 -0.953099 -0.170583 
-2.882437 1.961034 1.336578 -1.688614 1.003473 0.895937 -2.195268 2.478665 -1.564795 -0.028029 0.951861 -0.962564 -0.109319 
-2.885344 1.993345 1.290722 -1.576841 1.047694 0.895723 -2.078690 2.434812 -1.495150 0.030899 0.927418 -0.917214 -0.171212 
-2.948490 2.267008 0.255963 -1.306227 0.752124 0.251987 -1.459764 1.635426 -1.194640 -0.089545 0.344161 -0.902702 -0.271140 
-3.054346 2.251637 0.004912 -1.244763 0.737027 0.234049 -1.286704 1.432435 -1.331646 -0.155370 0.420179 -0.826261 -0.283081 
-3.042171 2.041305 0.531131 -1.174757 1.008489 0.536919 -1.660836 1.772036 -1.673642 -0.229669 0.880391 -0.493499 0.215822 
-1.431281 4.888832 -0.411788 -1.977612 1.453298 0.280779 -1.529969 2.313108 -2.076461 1.154879 -0.207622 -0.820027 -0.240765 
-1.224833 5.170852 -0.469408 -2.013069 1.371465 -0.203311 -1.932241 2.472880 -2.457841 0.829118 -0.528495 -0.675996 -0.058381 
-0.885978 5.812315 0.094516 -1.909956 1.424716 -0.029426 -1.641898 3.202494 -2.691340 0.538667 -0.995457 -0.672417 0.326612 
0.003727 7.880153 -0.150082 -2.266982 1.981761 -0.540282 -2.206532 3.741206 -3.383126 1.169495 -1.259120 -1.475062 0.717731 
-0.206244 8.113877 -0.142911 -2.909249 1.249634 -0.570623 -1.506449 3.871371 -3.997123 0.785041 -0.812320 -1.026338 0.148060 
-0.680276 7.840996 0.317195 -3.250291 1.357785 -0.011107 -1.726163 4.048512 -3.556793 0.709532 -0.044064 -0.718800 -0.181127 
-2.566133 3.304023 1.112114 -1.975233 0.664124 0.447545 -2.082113 2.974814 -1.786958 0.613205 0.185822 -0.679621 0.320510 
-2.959224 1.915524 0.768572 -1.195569 0.688825 0.768354 -1.282472 1.986914 -1.087918 0.008843 0.671092 -0.536090 0.037643 
-3.871525 2.006224 0.612324 -0.739902 1.097968 1.003013 -0.873024 0.901418 -1.116159 0.103018 0.944900 -0.334190 -0.171949 
-4.415123 1.513554 0.100070 -0.256108 1.721205 0.938850 -1.103544 0.450209 -1.059767 0.178951 0.985198 -0.832380 -0.296810 
-4.150294 1.087019 -0.191168 -0.789849 1.154979 0.593506 -1.431646 0.385789 -0.537832 0.004539 1.140022 -0.927111 -0.214161 
-4.280101 0.649295 0.200950 -1.336931 0.637782 0.892783 -1.342704 0.658759 -0.575821 -0.249502 0.911099 -0.581481 0.356467 
-4.530147 0.840373 0.522288 -1.348946 0.770746 1.025425 -1.308496 1.135071 -1.057052 -0.321482 0.849782 -0.629065 0.282768 
-4.534614 0.895556 0.479303 -1.479161 0.763783 1.269168 -0.740454 1.584104 -1.118079 0.293234 1.583116 -0.246141 -0.197368 
-1.428130 5.350051 -0.017245 -1.683539 1.656612 0.510549 -1.401143 2.002623 -3.215125 0.297353 -0.114857 0.055977 0.297705 
-1.747686 4.238990 -0.855999 -1.456104 1.118258 -0.051916 -1.031088 1.513032 -3.160664 0.214125 -0.840268 -0.386384 0.144348 
-1.600777 4.796832 -1.837712 -1.332522 1.359649 -0.667323 -1.070744 0.831583 -3.083527 0.462469 0.000551 -0.175416 0.018615 
-1.125131 5.489458 -2.086067 -1.244285 1.595088 -1.068135 -1.163558 0.914979 -3.770147 0.612726 0.479108 -0.381061 -0.384643 
-0.607612 5.668324 -1.909818 -1.560621 1.982696 -0.721231 -1.576148 1.254297 -4.058614 1.101318 0.740131 -0.268276 -0.578575 
-0.857814 5.890185 -1.774604 -1.959696 2.316351 -0.199279 -1.911702 1.169903 -3.636723 1.325315 0.961821 -0.389516 -0.434285 
-2.932510 3.079143 0.605220 -1.994193 0.844277 0.826930 -1.949624 0.930773 -2.855147 0.980049 1.071852 -0.871577 -0.507090 
-3.454453 2.189431 0.331120 -1.890789 0.469144 0.984986 -1.180853 0.908731 -1.387090 0.591089 0.978537 -0.378627 -0.820134 
-3.675420 2.044595 0.022299 -1.621279 0.186502 0.852333 -0.364963 0.859262 -1.436344 0.135247 0.652187 -0.330651 -0.946193 
-4.173499 1.230014 -0.787351 -1.669238 0.273032 0.246246 -0.812932 0.703663 -1.657360 -0.428122 0.682990 -0.407661 -0.476309 
-5.010206 0.400453 -1.132003 -1.367155 0.500100 0.472957 -0.767897 0.186428 -1.205050 0.027781 0.728976 -0.090287 -0.625540 
-5.147900 0.121250 -1.420067 -1.191512 0.268188 0.312344 -0.246509 -0.024725 -1.121051 -0.226163 1.084600 -0.001827 -0.569607 
-5.369513 0.113905 -1.218887 -1.187520 -0.019881 -0.165772 -0.441634 0.197756 -1.055181 -0.591481 1.614030 -0.057433 -0.727228 
-5.432900 0.646485 -1.088253 -1.606530 -0.138799 0.005286 -0.582671 0.283351 -0.848113 -0.641411 1.416759 -0.224737 -0.988162 
-4.675170 1.128502 -0.957992 -2.208193 0.018898 0.399853 -1.068777 0.409790 -0.936610 -0.397507 1.263379 -0.193291 -0.903731 
-3.574641 2.374952 0.475608 -2.192507 0.541008 1.263671 -1.251405 1.233714 -1.339413 0.118663 1.177804 -0.177994 -0.854662 
-1.907078 4.811445 1.177461 -1.048172 1.881332 1.558532 -0.836449 1.969138 -3.163605 0.803737 0.220191 -0.917938 -0.309278 
-1.151612 5.817913 0.192532 -1.208978 2.178398 0.933945 -1.175964 1.211255 -4.389981 1.038904 0.646632 -0.742404 -0.191288 
-0.975941 5.740323 -0.154233 -1.422558 1.825226 0.668245 -1.046713 1.263478 -4.270197 0.857270 0.111830 -0.137999 0.306765 
-1.103305 5.246719 -0.533865 -1.651327 1.798830 0.377116 -1.387786 1.634753 -3.722263 0.660225 -0.107567 -0.100046 0.435518 
-1.466969 4.742578 -0.221217 -1.515389 1.679306 0.106075 -1.868797 1.910516 -2.954885 0.505098 -0.077033 -0.303415 0.256812 
-1.426676 5.053102 0.131996 -1.778650 1.082140 -0.083708 -1.966276 1.693864 -3.508958 0.136734 -0.430444 -0.266792 0.220187 
-0.576066 7.739090 -1.007668 -2.304166 3.090917 -0.063831 -2.503284 2.733327 -3.662205 0.241773 0.117106 -0.655466 0.402579 
-1.951600 4.190287 0.391430 -1.227130 1.523256 0.357678 -1.867547 1.724110 -2.513481 0.488564 0.390633 -0.382047 0.197526 
-2.158247 3.930677 -0.166358 -1.494522 1.493772 0.457174 -1.571178 1.516139 -2.624950 0.114615 0.152178 -0.500395 0.054996 
-1.111471 7.573900 -2.062278 -2.875260 4.157843 1.069236 -2.344840 1.944119 -3.539913 0.254148 0.630332 -1.085843 -0.201511 
-2.197452 3.814903 0.428548 -1.235371 2.016719 0.930896 -1.781344 1.878731 -2.385179 0.056198 0.294420 -0.872809 0.031748 
-2.560679 2.941432 0.270384 -1.233563 1.827838 1.064825 -1.457067 1.969245 -1.924904 -0.167448 0.419516 -0.832728 0.161086 
-3.186014 2.576747 -0.207002 -1.809330 1.831744 1.063459 -1.785125 1.575038 -1.768808 -0.112177 1.353737 -0.564848 -0.071619 
-3.368661 3.011069 -0.901967 -2.338956 2.257934 1.339357 -1.993505 0.963051 -1.607215 0.043788 1.527575 -0.958539 -0.060771 
-3.362463 2.050519 -0.171422 -1.279268 1.797930 0.588788 -1.966663 1.369340 -0.972879 -0.203562 1.271767 -1.244467 0.106992 
-3.251397 2.091821 0.026966 -1.561822 1.466397 0.571846 -1.984530 1.608894 -1.334497 -0.195020 1.308165 -0.950172 0.125763 
-2.874991 2.120520 0.705273 -1.688474 1.233376 0.906726 -1.880088 2.220950 -1.529762 -0.063868 1.132142 -0.642558 -0.043321 
-2.929757 2.090528 0.821490 -1.691849 1.211743 0.969192 -1.844953 2.260940 -1.702686 -0.225839 0.997157 -0.646235 -0.013388 
-2.878022 2.029765 0.857311 -1.752740 1.051051 0.832853 -1.959509 2.233308 -1.719861 -0.173314 0.858753 -0.752655 -0.046203 
-2.841968 1.926972 0.953392 -1.707603 0.985563 0.736378 -2.046114 2.312745 -1.533088 -0.106099 0.930799 -0.822803 -0.080804 
-2.883561 1.832410 1.171673 -1.640129 1.045642 0.835396 -2.171751 2.407573 -1.460827 -0.167974 1.103933 -0.875712 -0.041844 
-2.863208 1.871227 1.242788 -1.618349 1.001559 0.785220 -2.180342 2.397558 -1.468723 -0.101737 1.049827 -0.945900 -0.116798 
-2.853390 1.906286 1.340608 -1.652373 0.960225 0.767684 -2.265792 2.378172 -1.597477 -0.085271 0.946785 -0.901093 -0.181998 
-2.935094 1.922561 1.284829 -1.660026 0.931409 0.712324 -2.241165 2.404260 -1.528386 -0.157864 0.993160 -0.905568 -0.094028 
-3.007746 1.864935 1.251109 -1.620357 0.978452 0.744139 -2.218143 2.384929 -1.529991 -0.136648 1.023195 -0.862549 -0.122603 
-2.859412 1.927970 1.273828 -1.598596 0.916111 0.731988 -2.132504 2.380920 -1.576374 -0.092232 0.974448 -0.841894 -0.084862 
-2.811424 1.920002 1.221324 -1.571333 1.013561 0.731330 -2.217767 2.366180 -1.462368 -0.050310 0.996813 -0.824289 -0.092674 
-2.869312 1.926589 1.206601 -1.565234 1.018546 0.748793 -2.108590 2.387084 -1.437277 -0.112584 0.961543 -0.907874 -0.164521 
-2.930579 1.900247 1.189043 -1.647676 0.919493 0.684874 -2.135646 2.333724 -1.490355 -0.189694 0.932647 -0.963538 -0.103254 
-2.918031 1.883489 1.261088 -1.694308 0.876861 0.633888 -2.283452 2.421738 -1.408487 -0.062672 0.916702 -0.965905 -0.020704 
-2.964564 1.719572 1.405601 -1.600934 0.946823 0.832859 -2.229805 2.415686 -1.524233 -0.147245 0.948374 -0.977590 -0.119118 
-2.932794 1.865831 1.218391 -1.681108 1.002443 0.851129 -2.162221 2.365322 -1.535762 -0.129949 1.010127 -0.893900 -0.137737 
-2.924160 1.919728 1.264456 -1.674170 1.005913 0.849760 -2.135540 2.396497 -1.515990 -0.144580 0.996949 -0.880438 -0.157499 
