-2.882495 1.878813 1.447414 -1.704340 1.053455 0.901994 -2.310411 2.536419 -1.538122 -0.080085 1.069839 -0.942069 -0.145713 
-2.881017 1.918761 1.435691 -1.791790 0.993328 0.906809 -2.327983 2.475024 -1.569147 -0.120885 1.033599 -0.899633 -0.108512 
-2.942448 1.798323 1.394883 -1.813707 1.007642 0.912193 -2.416094 2.461152 -1.518701 -0.166682 1.078243 -0.914240 -0.151098 
-3.000348 1.901943 1.438908 -1.707607 0.965684 0.878742 -2.288097 2.404187 -1.512391 -0.063237 0.918706 -0.915176 -0.116472 
-2.943158 1.949845 1.380336 -1.652412 0.972666 0.858509 -2.159021 2.432874 -1.526324 -0.039569 0.943432 -0.954770 -0.139861 
-2.829222 1.890609 1.375675 -1.664444 0.996057 0.860586 -2.211983 2.485590 -1.506448 -0.046062 0.999374 -0.908551 -0.179725 
-2.893067 1.922724 1.330481 -1.714036 0.987448 0.846640 -2.245728 2.467891 -1.499810 -0.068306 1.026786 -0.935694 -0.162213 
-2.961144 1.941623 1.317943 -1.766344 0.940639 0.833577 -2.281373 2.410677 -1.517441 -0.078515 0.919120 -0.943108 -0.170335 
-2.967898 1.904275 1.339741 -1.726422 0.899086 0.812635 -2.233087 2.361142 -1.621042 -0.052124 0.972907 -0.909865 -0.164706 
-2.407206 2.712970 0.539854 -1.340003 1.081355 0.733795 -1.367326 2.421153 -1.923000 0.269972 0.466549 -0.611156 -0.252934 
-2.926343 2.534904 0.781857 -1.758411 1.008029 0.748956 -1.799093 2.473110 -1.838371 0.085511 0.878871 -0.848167 -0.383705 
-3.141942 2.276795 0.981089 -1.874574 0.911109 0.799672 -1.959878 2.431466 -1.666000 -0.041637 1.028182 -0.771589 -0.145401 
-0.587108 6.585511 -0.314482 -1.781731 2.062392 0.059799 -1.591838 3.144775 -2.608315 0.920481 -1.101136 -1.224265 0.142231 
-0.821285 6.050548 -0.000165 -1.454574 1.521538 -0.405519 -1.734410 2.969676 -2.429032 0.546344 -1.448110 -1.257516 0.251201 
-0.979768 6.234579 0.205739 -1.527410 1.047962 -1.078662 -2.162658 3.058336 -2.712375 0.161794 -1.677506 -1.127666 0.276336 
-0.460236 7.924098 -0.128880 -1.711061 1.093628 -1.683051 -1.243233 3.962815 -4.000756 0.178664 -0.899052 -0.903893 0.372748 
-0.865953 7.218726 0.849534 -2.247143 0.803223 -0.640621 -1.302719 4.032075 -3.725858 0.399656 -0.726044 -0.768311 -0.051830 
-1.816965 5.379572 1.990080 -1.781686 1.328505 0.707018 -1.886582 3.528936 -2.899788 0.404259 -0.208334 -0.910187 0.091861 
-4.816406 1.669793 0.460104 -1.665932 1.306892 1.588654 -1.427661 1.589894 -1.043764 0.329366 1.301201 -0.388921 0.126861 
-4.413834 1.644925 0.416338 -1.434409 1.007269 1.525542 -0.856509 0.660795 -1.353467 -0.111803 0.943019 -0.967605 -0.925516 
-4.668303 1.353011 0.534812 -0.705979 1.206625 0.810053 -1.327161 0.803435 -0.791813 -0.454514 0.418870 -1.199348 -0.798923 
-4.884280 1.489868 0.311990 -0.788404 1.139390 0.706199 -1.031893 0.918216 -0.742714 0.066638 0.997270 -0.909076 -0.514102 
-4.694993 0.796294 0.678412 -0.555216 0.614058 0.686533 -0.630492 0.982975 -1.194981 -0.045449 1.130283 -0.380480 -0.537095 
-4.304032 0.142442 0.737367 -0.456496 0.586150 0.739228 -1.092610 0.746415 -1.118687 0.162669 0.826063 -0.255916 -0.505212 
-4.084119 1.357224 0.700721 -1.294833 0.603316 1.175282 -0.933298 0.745736 -1.420224 -0.153214 0.990274 -0.362832 -0.630256 
-1.533740 5.073346 -0.580976 -1.331717 1.550371 0.186264 -1.283085 1.095085 -2.782372 0.792777 0.435324 0.463075 0.358771 
-1.146795 5.939826 -1.062702 -1.310812 1.618700 -0.371233 -1.182748 1.159106 -3.494636 0.526328 0.267352 0.186683 -0.092171 
-0.990299 5.930931 -1.264696 -1.324770 1.640189 -0.619134 -1.339890 1.152308 -4.119008 0.418599 0.218703 -0.088168 -0.469075 
-1.193078 5.946870 -1.542097 -1.453243 1.781212 -0.689850 -1.589814 0.916998 -4.034767 0.555518 0.308944 -0.388703 -0.547311 
-1.498069 6.257761 -0.949770 -1.836334 1.652191 -0.267141 -1.599300 1.038116 -3.833596 0.639553 0.652083 -0.287415 -0.425496 
-1.617272 6.053843 -0.355009 -2.123770 1.365525 -0.068807 -1.718162 1.523565 -3.509946 0.749149 0.735721 -0.351049 -0.426321 
-2.562527 4.519092 0.885012 -1.245299 1.602875 0.116153 -2.557395 1.476639 -2.672904 1.094754 1.258204 -0.843421 -0.576442 
-4.068349 2.306269 0.151104 -1.483915 0.927945 0.757725 -0.839432 2.022727 -0.607756 0.632740 1.032343 -1.303373 -1.127932 
-4.285922 2.090342 -0.533730 -2.359897 -1.146601 -0.532338 -1.302016 0.035773 -0.909209 0.633904 0.214692 -0.439224 -0.735564 
-3.583951 2.386669 0.597836 -1.394344 -0.760350 -0.723766 -1.677338 0.329468 -1.060757 0.594755 0.731186 -0.026220 -0.609471 
-2.991639 2.382771 -0.295007 -1.775166 -0.219949 -0.431353 -1.489569 0.768886 -1.536573 0.586661 0.656430 -0.092007 -0.850994 
-3.062104 2.113489 -0.215872 -1.927947 -0.323684 0.303347 -0.723021 0.999471 -1.116754 0.602102 0.110659 -0.467854 -0.875168 
-3.509199 2.168867 0.093298 -1.313725 -0.700833 0.076612 -0.122056 0.354287 -0.618473 0.814573 0.767919 -0.623131 -1.110673 
-3.473194 2.209080 -0.187561 -1.750982 -0.803042 -0.046754 -0.496603 0.315955 -1.053534 0.783024 0.646041 -0.282640 -0.855173 
-2.776064 2.372617 0.010159 -2.341753 -0.488577 0.197984 -1.373947 1.227724 -1.396022 0.501892 -0.274006 -0.129962 -0.801209 
-3.566051 2.602132 1.472197 -1.902007 -0.170528 0.863158 -1.555714 1.389433 -1.566957 -0.011429 -0.296630 -0.038989 -0.760924 
-2.688911 4.748825 2.438582 -1.075012 1.797872 2.316814 -1.625808 1.212925 -2.789220 0.425904 0.269568 0.218305 -0.376088 
-1.420800 6.068943 0.938283 -1.259558 2.000552 0.953090 -1.741398 1.242997 -4.105253 0.764183 0.387334 -0.220663 -0.377635 
-0.958920 6.139952 -0.704598 -2.101059 1.543595 0.276368 -1.127341 1.406472 -4.460659 0.932982 0.016515 -0.540885 -0.087390 
-0.609432 6.152079 -1.291928 -2.478675 1.787073 0.036213 -1.269713 2.153543 -4.321536 0.827051 -0.084198 -0.299352 0.186656 
-1.506934 5.417285 -1.021482 -2.160653 1.690486 0.171824 -1.500118 1.829827 -2.992320 -0.046933 -0.158711 0.287273 0.971543 
-1.854940 4.337496 -0.720282 -1.795267 1.301402 0.150201 -1.442058 1.547425 -2.910010 -0.202618 -0.278148 0.010449 0.611632 
-1.946674 3.958370 -0.139567 -1.364248 1.394767 0.352424 -1.602440 1.490662 -2.826850 -0.166434 -0.439884 -0.368134 0.438751 
-0.822356 7.954278 -2.353847 -3.042660 3.917130 0.846193 -1.990325 2.361797 -3.100863 0.191197 -0.195903 -1.149195 0.348937 
-1.929352 4.200726 0.054010 -1.804446 1.235535 0.536489 -1.236574 2.204006 -2.553257 0.011081 -0.463628 -0.627503 0.227859 
-2.037306 3.598783 0.486787 -1.693717 0.898626 0.484591 -1.368819 2.350157 -2.447108 0.004697 -0.416767 -0.599541 0.166954 
-2.126328 4.910798 0.130132 -1.593571 2.819674 1.223645 -2.247170 1.477542 -3.139953 -0.112468 0.407853 -0.743603 0.211994 
-2.934725 3.450200 -0.536154 -1.435244 2.797976 0.998690 -2.324604 1.327131 -1.956335 -0.192132 0.944010 -1.308420 -0.202065 
-2.767282 3.360499 -0.869699 -1.535105 2.487796 0.822359 -2.015200 1.055632 -1.705196 0.148315 1.034952 -1.264437 -0.455256 
-3.384105 2.449574 -0.770092 -1.740611 2.042933 0.786756 -2.069128 0.793661 -1.531821 0.213203 1.589412 -0.835770 -0.242773 
-2.982948 2.508982 -0.082774 -1.909938 1.515624 0.817142 -1.663475 1.950472 -1.486134 -0.067309 1.167011 -0.659242 -0.032017 
-3.179796 2.217470 0.117494 -1.566521 1.784414 1.022695 -1.707265 1.929202 -1.309028 -0.393126 1.090653 -0.885414 -0.053029 
-3.043316 2.043502 0.956860 -1.608615 1.293854 0.930495 -2.106642 2.127947 -1.527159 -0.263646 0.967984 -0.905227 -0.036396 
-2.946609 1.973079 1.120485 -1.687205 1.140720 1.006804 -2.066782 2.280118 -1.621958 -0.212903 0.941125 -0.839533 0.015090 
-2.930596 1.881144 1.104174 -1.670584 1.060721 0.944520 -2.040284 2.392759 -1.495273 0.003232 0.983737 -0.786407 -0.126495 
-2.771111 1.969099 1.258320 -1.549599 1.005614 0.848120 -2.043198 2.407235 -1.584677 -0.044215 0.851288 -0.822227 -0.115674 
-3.210897 1.841685 1.293070 -1.525434 0.941130 0.813755 -2.081435 2.111655 -1.531554 -0.089929 0.780858 -0.749717 -0.213413 
-3.140088 1.877667 1.334336 -1.654997 0.888371 0.850507 -2.125080 2.178649 -1.515929 -0.036909 0.862959 -0.723742 -0.240086 
-2.790922 1.872390 1.327138 -1.744426 0.919850 0.893171 -2.208740 2.375515 -1.529574 -0.070879 0.962827 -0.775611 -0.135576 
-2.870071 1.832776 1.368402 -1.708026 0.932651 0.841052 -2.285691 2.432038 -1.472196 -0.106813 0.963813 -0.899779 -0.090940 
-2.911441 1.885599 1.334599 -1.671787 0.952127 0.816295 -2.281591 2.399019 -1.401531 -0.068448 0.923629 -0.866663 -0.136151 
-2.982664 1.842554 1.211289 -1.704357 0.987890 0.796098 -2.323843 2.331245 -1.410160 -0.127954 0.935318 -0.868356 -0.214140 
-2.988471 1.921510 1.222064 -1.640666 1.017043 0.843427 -2.177470 2.301880 -1.471700 -0.152606 0.982143 -0.868970 -0.146704 
-2.882757 1.917328 1.228824 -1.667152 0.935601 0.792180 -2.142697 2.302022 -1.454306 -0.070919 0.933748 -0.876924 -0.134549 
-2.812303 1.890329 1.249592 -1.700028 0.977122 0.845512 -2.223384 2.333298 -1.465002 -0.030123 0.894105 -0.868865 -0.176916 
-2.873621 1.931318 1.221514 -1.700531 0.972167 0.805120 -2.154380 2.386084 -1.510639 -0.139051 0.906450 -0.918496 -0.113565 
-2.991057 1.979196 1.145171 -1.858908 0.840466 0.743850 -2.092792 2.420984 -1.553183 -0.108964 0.904513 -0.853842 -0.141354 
-2.903312 1.928849 1.159751 -1.874093 0.854130 0.797657 -2.105697 2.480254 -1.538464 -0.074787 0.945421 -0.881209 -0.188540 
-2.932899 1.958656 1.328788 -1.722294 0.921505 0.772102 -2.225977 2.441389 -1.470067 -0.127775 1.006483 -0.902066 -0.066233 
-3.019664 1.906573 1.340605 -1.656408 0.935640 0.769833 -2.158223 2.443412 -1.440851 -0.171970 1.025628 -0.845483 -0.057136 
