-2.923572 1.894072 1.383765 -1.713857 1.047601 0.872889 -2.307317 2.482493 -1.559867 -0.117059 1.078463 -0.932199 -0.130766 
-2.875723 1.879843 1.342046 -1.798443 0.993919 0.876339 -2.269598 2.514018 -1.564627 -0.104903 1.077480 -0.928182 -0.146585 
-2.927574 1.925568 1.305706 -1.743790 1.011556 0.837652 -2.213857 2.513122 -1.530154 -0.138484 0.956574 -0.998481 -0.165164 
-2.933203 1.943879 1.369397 -1.753888 1.023045 0.861257 -2.296910 2.507696 -1.502847 -0.124141 1.020381 -0.982943 -0.208949 
-2.950585 1.750526 1.320267 -1.623465 1.046040 0.888824 -2.208915 2.438938 -1.508313 -0.134005 1.018100 -0.855335 -0.079223 
-2.942506 1.786819 1.353520 -1.662230 1.006717 0.872253 -2.255445 2.418472 -1.528878 -0.128241 1.017052 -0.871182 -0.148085 
-3.009903 1.947003 1.328425 -1.741647 0.940785 0.766750 -2.313531 2.427141 -1.560452 -0.124030 0.960952 -1.031583 -0.189589 
-2.998261 1.943800 1.321377 -1.692822 0.958193 0.781500 -2.283173 2.446096 -1.553141 -0.080474 0.971198 -0.976962 -0.149427 
-2.851183 2.018117 1.325427 -1.594848 1.068241 0.886424 -2.130222 2.505649 -1.474260 0.020494 0.881181 -0.952123 -0.204411 
-2.774923 2.103024 1.325288 -1.531531 1.023526 0.759524 -2.194059 2.348872 -1.530171 0.000431 0.907044 -0.904298 -0.147538 
-2.757830 1.901015 1.110506 -1.628168 0.963487 0.767971 -2.115832 2.252681 -1.502519 -0.038949 0.946679 -0.853599 -0.131124 
-2.805366 1.805516 1.086316 -1.652285 0.971150 0.794598 -2.104750 2.309819 -1.457359 -0.063144 0.978667 -0.873683 -0.129396 
-2.821431 1.862409 1.274928 -1.617341 0.972997 0.786673 -2.190657 2.416141 -1.545217 -0.061075 1.014061 -0.914454 -0.126964 
-2.796661 1.923012 1.335673 -1.604059 1.022588 0.818550 -2.220546 2.442400 -1.567603 -0.085187 0.977393 -0.896296 -0.077486 
-2.927447 1.949546 1.222781 -1.713272 0.996418 0.759068 -2.255974 2.449545 -1.443317 -0.089153 0.991250 -0.931440 -0.089792 
-2.202172 2.180861 0.820837 -0.876496 0.926600 0.536052 -1.588915 1.732040 -1.607962 0.265621 0.477191 -0.547758 0.030058 
-2.220567 2.246275 0.753148 -0.853462 0.963564 0.523552 -1.525499 1.694294 -1.561475 0.261245 0.464063 -0.548388 0.034001 
-3.242364 3.225913 -0.393878 -1.406376 2.311853 0.468534 -2.067077 2.573101 -0.972074 0.395600 0.987345 -1.794134 0.229338 
-1.211825 4.734220 0.998880 -1.176279 1.206017 0.425790 -1.340463 2.681598 -2.406609 0.748575 -0.746286 -0.802657 -0.062392 
-0.828398 5.663821 0.078766 -1.872211 1.092039 -0.137664 -1.374742 2.870492 -2.986570 0.897766 -0.507020 -0.496389 0.090945 
-0.822315 6.319549 -0.077889 -2.006350 0.869991 -0.578462 -1.057957 3.036777 -3.580678 0.623691 -0.539209 -0.543673 0.188134 
-0.825802 6.833982 0.362411 -2.106174 0.917029 -0.337018 -1.023262 3.335758 -3.511023 0.398185 -0.943977 -0.753980 0.093646 
-0.198443 7.950372 -0.092111 -2.871076 1.372963 -0.516556 -1.154513 4.526050 -4.693334 0.324994 -0.256158 -0.886228 -0.188745 
-2.207662 4.271204 1.909407 -1.932191 0.921276 0.766067 -2.182829 2.900784 -2.854671 0.400387 0.193024 -0.374302 0.067303 
-3.907249 1.729879 0.950573 -1.620871 0.772929 1.154727 -1.722418 1.606564 -1.444629 -0.267666 0.401446 -0.481497 0.013917 
-4.453270 0.442914 0.336909 -1.278982 0.678396 1.225913 -1.064469 0.997724 -0.925971 0.011008 0.988448 -0.608645 -0.201683 
-4.495682 1.103840 0.676229 -1.418351 0.792732 1.602634 -0.984376 0.846843 -1.349063 0.362032 1.103342 -0.429632 -0.132862 
-4.625600 1.399553 0.782863 -1.738942 0.891596 1.589538 -1.467192 1.178984 -0.697429 0.254172 0.708184 -0.695373 -0.429000 
-4.090671 1.681989 0.398013 -1.899276 0.740359 0.963278 -1.810291 1.133586 -0.487660 0.177739 0.681694 -0.691412 -0.436799 
-4.002959 1.463789 0.383214 -1.976386 0.267257 0.688814 -1.679889 0.982687 -0.729556 -0.322547 1.420072 -0.006877 0.068521 
-4.359825 1.086823 0.937083 -0.729752 1.140852 0.908340 -2.006955 0.268625 -1.253838 -0.321709 1.701083 -0.495165 -0.342788 
-1.953492 4.330250 0.341254 -2.101829 1.302364 0.805556 -1.740820 2.030743 -2.008637 0.954266 0.407329 -0.368116 -0.252568 
-0.451454 6.527994 -1.734025 -2.028678 2.386585 0.020439 -1.244409 2.055020 -3.895415 0.531399 -0.338957 -0.159567 0.055459 
-0.847081 6.280941 -2.444467 -1.976924 1.668487 -0.296567 -0.454647 1.137031 -3.217327 1.260213 -0.202732 -0.589170 0.235622 
-1.175238 5.463292 -2.542185 -1.656276 1.562029 -0.486530 -0.725081 0.614824 -2.945019 1.075144 0.197159 -0.043931 0.221251 
-0.972903 5.459918 -2.168853 -1.276688 1.728157 -0.656041 -1.163793 0.525872 -3.667403 0.781757 0.292084 0.176938 0.039161 
-0.844934 5.048861 -1.410971 -1.555163 1.421826 -0.354690 -1.533472 0.793037 -3.794992 1.086016 0.185697 0.232111 -0.136436 
-1.572354 4.077705 -0.128685 -1.307209 1.008619 -0.251679 -1.973177 1.174065 -2.790621 0.858606 0.287537 -0.164142 -0.061791 
-3.090605 2.068493 0.837759 -1.527731 0.570975 0.634602 -2.057056 1.449692 -1.304774 0.260474 0.413232 -0.437074 -0.489980 
-3.199279 2.485314 0.575412 -2.118705 -0.274049 0.570642 -1.438046 0.833504 -1.861148 0.517024 -0.002266 -0.370091 -0.998445 
-3.314006 2.109888 -0.414968 -1.759581 -0.585001 -0.686320 -1.309449 0.911630 -1.950763 0.615770 0.123508 -0.434084 -0.551040 
-3.612427 2.035650 -0.941617 -1.966656 -0.241924 -0.394321 -1.237690 0.528887 -1.419876 0.483831 0.862060 -0.108809 -0.433661 
-3.450920 2.854144 -0.443130 -2.034641 -0.218043 -0.100129 -1.507011 -0.393811 -1.872317 0.593663 0.718316 -0.250363 -0.574686 
-3.638491 2.460591 0.211370 -0.853872 0.351058 0.158664 -0.715808 0.215105 -1.980276 0.110631 1.091624 -0.175672 -0.785764 
-3.807577 2.099535 -0.295582 -0.758937 0.399424 -0.109213 -0.875993 0.106609 -1.972797 0.415349 1.576440 0.490598 -0.117101 
-3.623165 1.940469 -0.824169 -1.880666 -0.221259 -0.474725 -1.730934 -0.155028 -1.815544 0.877589 1.118988 -0.191599 -0.317266 
-3.722656 2.235596 0.537317 -1.993208 -0.385288 0.005875 -1.950933 0.756632 -1.044947 0.623389 0.755938 -0.205900 -0.625347 
-2.284628 3.932360 1.109174 -1.005807 1.378436 0.866356 -1.824045 1.412478 -2.012946 0.165582 0.051453 -0.318194 -0.505170 
-1.251418 5.222483 -0.114619 -1.312191 1.974054 0.644784 -1.214674 1.730961 -3.607143 0.376713 -0.159087 -0.307931 -0.040190 
-1.278517 5.726179 -0.597387 -1.494277 1.940884 0.335238 -1.174994 1.544236 -3.588543 0.349488 -0.093482 -0.183171 0.434291 
-1.499693 5.527344 -0.621104 -1.936611 1.636468 0.108482 -1.680514 1.585376 -3.267744 0.231649 -0.135884 -0.200058 0.470132 
-1.695048 4.830816 -0.492646 -2.283078 1.426059 0.157668 -1.777094 2.469750 -2.683729 0.620468 0.274437 -0.076721 0.500127 
-1.870049 4.208766 0.473353 -1.355751 1.624063 0.350361 -2.102182 2.070014 -2.696671 0.223629 0.315170 -0.366858 0.551349 
-0.699589 7.917926 -2.042452 -3.077750 3.752406 0.556026 -2.456427 2.487849 -2.790808 0.765217 0.133125 -1.408667 0.412185 
-1.226903 6.452413 -1.840519 -2.653980 3.001732 0.667504 -1.754576 2.055448 -2.588082 0.618515 0.102537 -1.141486 0.026244 
-1.329666 6.336879 -1.933963 -2.485516 3.105134 0.513111 -1.850248 2.113896 -2.161007 0.851233 0.342199 -1.431882 -0.152377 
-2.067548 3.976163 -0.352966 -1.548510 1.801764 0.747777 -1.364213 1.803334 -1.928601 0.728967 0.441691 -0.645645 -0.101657 
-2.489493 2.812119 0.044055 -1.427716 1.350269 0.751060 -1.512558 1.634134 -2.103386 0.026871 0.306888 -0.630603 0.002335 
-3.238149 2.882693 -0.532164 -2.158946 1.959179 1.270078 -1.589936 1.872036 -1.829621 -0.259571 0.783504 -0.923929 -0.119913 
-3.304260 1.984449 0.008129 -1.437823 1.905083 1.060904 -1.879950 1.651207 -0.902471 -0.281366 0.832752 -0.929187 -0.404199 
-3.535367 1.588107 -0.254285 -1.785659 1.345410 0.920447 -1.528528 1.971879 -0.970830 -0.377007 0.511268 -0.533609 -0.003795 
-3.447439 1.860684 -0.263262 -1.902494 1.236471 1.016604 -1.004493 2.151994 -1.254196 -0.472404 0.652443 -0.730826 0.079000 
-2.980184 2.149013 0.569654 -2.185700 1.060681 0.969383 -1.773522 2.501790 -1.536009 0.170138 1.291852 -0.594460 -0.368265 
-2.952349 2.039177 0.516489 -2.295354 0.987449 0.930537 -1.875879 2.466839 -1.510593 0.047762 1.281913 -0.546028 -0.317235 
-2.983560 2.138569 0.794774 -1.924947 0.961055 0.739071 -1.963697 2.348927 -1.474726 -0.125205 1.011931 -0.702358 -0.101833 
-2.901464 2.052122 1.130418 -1.743797 0.996184 0.771613 -2.178204 2.411560 -1.572289 -0.146021 0.975399 -0.869856 -0.107693 
-2.976216 2.003069 1.203269 -1.685559 1.040242 0.798888 -2.210458 2.427451 -1.529705 -0.156254 1.043895 -0.961051 -0.144522 
-2.908512 1.998993 1.351041 -1.636568 1.037167 0.817979 -2.220189 2.448547 -1.473856 -0.031537 1.010950 -0.933215 -0.105432 
-2.936567 1.880126 1.220075 -1.654433 1.013944 0.815758 -2.133258 2.404360 -1.496831 -0.118978 0.994041 -0.963956 -0.196209 
-2.932796 1.927636 1.237255 -1.592626 0.922503 0.643702 -2.176169 2.353839 -1.480189 -0.132243 1.047372 -0.886688 -0.169564 
-2.873969 1.916529 1.275214 -1.624604 0.945540 0.695290 -2.288756 2.282641 -1.581766 -0.141267 1.040471 -0.826088 -0.163496 
-2.912061 1.853011 1.255365 -1.700549 1.070765 0.974219 -2.242289 2.276717 -1.526529 -0.101809 0.915564 -0.873181 -0.096442 
-2.839678 1.911472 1.259466 -1.629166 0.978102 0.753153 -2.188103 2.403844 -1.525515 -0.062066 1.020498 -0.989808 -0.205976 
-2.861043 1.959506 1.265155 -1.639463 1.008934 0.788959 -2.137810 2.440780 -1.502180 -0.095814 1.022329 -0.938057 -0.180162 
-2.870293 1.948653 1.277360 -1.723366 0.998950 0.838632 -2.201153 2.476207 -1.520118 -0.113328 0.945852 -0.848428 -0.103792 
