-2.910224 1.840000 1.361841 -1.765416 0.979662 0.861670 -2.243050 2.578398 -1.563190 -0.091397 1.067843 -0.914037 -0.174083 
-2.723116 1.981596 1.387264 -1.783996 1.102517 0.935773 -2.346959 2.608135 -1.637277 -0.067883 1.012036 -0.927205 -0.158479 
-2.892552 1.890042 1.314607 -1.728810 1.045706 0.854151 -2.296725 2.485223 -1.521610 -0.110110 1.002855 -0.951838 -0.147285 
-2.904554 1.981394 1.373866 -1.686378 1.002434 0.812469 -2.268613 2.449580 -1.521740 -0.130673 1.049621 -0.888875 -0.141620 
-2.882849 1.976976 1.328794 -1.770575 0.973775 0.821124 -2.282636 2.455717 -1.515777 -0.099437 0.995961 -0.910882 -0.119168 
-2.923844 1.912716 1.282394 -1.803372 0.928771 0.818291 -2.215366 2.490480 -1.523947 -0.162520 1.000343 -0.878539 -0.144048 
-2.857232 1.847505 1.427761 -1.671839 1.027681 0.855856 -2.336277 2.510788 -1.589473 -0.070799 1.065283 -0.908527 -0.175613 
-2.810195 1.930678 1.264000 -1.610417 0.995281 0.836195 -2.094748 2.470644 -1.450354 -0.092567 1.003531 -0.853011 -0.096821 
-2.891228 1.924196 1.302067 -1.674371 0.975125 0.823320 -2.142726 2.497836 -1.498032 -0.126477 1.026456 -0.907951 -0.146445 
-2.863240 1.970920 1.396704 -1.754200 0.966891 0.828725 -2.277965 2.554107 -1.614670 -0.085473 1.014419 -0.965445 -0.158947 
-2.952674 1.958616 1.338416 -1.698936 0.932903 0.816845 -2.187284 2.460843 -1.597307 -0.186256 0.903027 -0.994333 -0.175523 
-2.968283 1.896070 1.239177 -1.750096 0.940217 0.802101 -2.198126 2.438126 -1.562576 -0.213768 0.911822 -0.937446 -0.169014 
-2.855443 2.042262 1.280512 -1.621439 1.063674 0.814807 -2.177822 2.541110 -1.457392 -0.010906 1.040503 -0.875258 -0.122029 
-2.719194 1.980115 1.290229 -1.571643 1.047474 0.879542 -2.121219 2.403587 -1.570916 -0.000054 0.977245 -0.925828 -0.111654 
-2.792176 1.918489 1.153812 -1.664316 0.930714 0.771427 -2.117467 2.302162 -1.553611 -0.032657 0.905314 -0.868923 -0.132697 
-2.840185 1.887798 1.140858 -1.697373 0.902051 0.766118 -2.082858 2.318748 -1.497339 -0.030818 0.933069 -0.867466 -0.146576 
-2.923208 1.855082 1.208929 -1.694548 0.947078 0.854097 -2.113114 2.289940 -1.495910 -0.096380 0.999616 -0.977272 -0.139493 
-3.901602 -0.748281 1.962731 -0.316125 0.569908 0.984572 -1.905629 1.856151 -1.449320 0.294973 0.465441 -0.424189 -0.148425 
-3.600075 1.650191 1.490018 -1.117100 0.860003 0.875074 -1.979755 1.598778 -2.757988 -0.417397 0.225429 -0.544834 0.321533 
-3.069731 3.174841 1.054139 -2.117240 0.936121 0.628347 -2.187325 2.118562 -2.654759 -0.476019 0.469183 -0.827916 0.322125 
-1.191305 6.170444 -0.051686 -2.720243 1.831172 0.736448 -1.476743 3.209388 -3.086435 0.592409 0.184893 -0.313332 0.272756 
-0.302153 7.518416 -1.097258 -2.200742 2.089453 -0.301015 -1.089057 3.436128 -3.325061 0.927914 -0.944825 -0.937288 0.675478 
-0.351165 7.269426 0.098123 -1.961953 0.771602 -0.686789 -0.774608 3.257945 -3.976707 1.143778 -1.491693 -1.224716 0.776361 
-0.774420 6.100758 0.858766 -2.107988 0.401785 -0.045405 -1.165307 2.766898 -3.726959 1.017967 -1.117648 -0.480190 0.178894 
-1.498638 4.839257 1.038055 -1.856565 0.472925 -0.042483 -1.696343 2.420968 -3.172105 0.996913 -0.156687 -0.172682 0.137694 
-2.588769 3.692600 1.697892 -1.191287 0.757208 0.162963 -2.262975 1.817876 -2.690040 0.417912 0.655400 -0.571600 -0.133568 
-4.495950 1.473233 0.448284 -0.641330 0.964348 0.735615 -0.919317 0.855611 -1.118578 -0.148954 1.295715 -0.539502 -0.167500 
-4.000107 1.403811 0.688198 -0.719011 0.781479 0.685304 -0.987818 1.465221 -0.983559 -0.078775 0.987849 -0.559075 -0.105152 
-3.790256 1.953416 1.296354 -1.192458 0.188366 0.591225 -1.013686 1.471693 -1.173012 0.079445 0.792807 -0.664261 -0.169530 
-4.579278 1.659406 1.294417 -1.042106 0.390193 0.822012 -1.159795 0.761939 -0.691096 0.356289 1.470212 -0.510949 -0.205275 
-4.086797 1.207196 0.752218 -1.085593 0.770323 0.940486 -1.208773 1.049268 -1.093117 0.130394 1.157006 -0.393454 0.093277 
-3.902647 0.743979 0.707970 -1.448346 0.441658 0.923874 -1.472769 1.030965 -1.371744 0.268547 0.920198 -0.260723 0.133635 
-2.184728 3.812148 1.307474 -1.951275 0.610530 0.945461 -1.698663 1.916676 -1.724593 1.061852 0.027069 -0.440972 0.184996 
-1.586318 4.173276 -0.678008 -1.293314 1.074772 0.287640 -0.970995 0.666731 -3.470978 0.253479 -0.696957 0.244102 0.245649 
-1.408116 4.254918 -0.956160 -1.660203 0.597762 0.230460 -0.808290 0.236421 -3.886918 0.451952 -0.872544 0.242088 0.055896 
-2.239824 3.704515 -2.198433 -0.711796 1.260872 -0.975214 -0.816089 0.413617 -2.816515 -0.054646 -0.103142 -0.320760 0.338864 
-2.056214 4.073888 -2.171269 -0.660654 1.326868 -1.334762 -1.031186 0.598035 -2.790183 0.324539 0.260890 -0.524330 0.121626 
-1.459474 5.425280 -0.881794 -1.886302 0.757740 -0.300420 -0.792377 0.758029 -4.067133 1.226436 1.018104 -0.286475 -0.475395 
-2.023958 4.985179 -0.328115 -2.846519 1.241528 0.105759 -2.610293 1.732766 -2.667607 0.852034 1.179515 -0.024019 -0.632834 
-3.645575 2.419199 -0.348516 -2.715739 0.016278 0.202263 -1.663184 1.391712 -1.397123 0.803790 0.655696 -0.602487 -0.976429 
-3.826071 1.613360 -1.110887 -1.293368 -0.097895 -0.232984 -0.358065 0.774821 -0.571838 0.543956 0.330512 -0.543293 -0.655546 
-3.945622 1.556664 -1.202765 -1.135876 0.192187 -0.271984 -0.411282 0.892669 -0.422153 0.434053 0.320502 -0.458884 -0.132068 
-3.850576 1.776198 -0.175498 -1.182512 -0.892779 -0.816088 -0.249365 1.599612 -0.576783 0.800445 -0.184359 -0.496504 0.053369 
-4.464285 1.311590 0.778759 -1.111057 -1.686954 -0.907119 -0.354957 1.062533 -0.674251 0.799550 -0.071887 -0.462877 -0.526486 
-4.403491 0.962986 0.047724 -1.412457 -1.343733 -0.957601 -0.947205 0.854759 -0.303875 0.312210 0.111643 -0.712799 -0.647112 
-4.259694 1.334221 -0.712873 -1.470428 -0.491676 -1.246039 -1.535150 1.191714 -0.202912 0.001466 0.248562 -0.986684 -0.683126 
-3.718477 1.979944 0.394596 -0.770596 0.384140 -0.287634 -1.487679 0.927502 -0.332221 -0.317455 0.354095 -1.058667 -0.444478 
-4.004887 2.407882 1.257948 -1.153119 0.347978 0.531262 -1.321031 1.605224 -0.505692 -0.495869 -0.356590 -0.605770 -0.323175 
-2.059921 4.241075 1.007838 -2.682940 -0.020478 1.073986 -1.456707 1.491459 -2.244986 0.782091 -0.035038 -0.271135 -0.351550 
-2.118637 3.887750 0.195291 -1.093143 0.810905 0.216426 -1.203302 1.056563 -2.577708 0.557636 -0.278887 -0.754509 -0.004171 
-2.195415 4.045672 -0.180929 -1.261697 0.896114 0.361834 -0.885229 0.916235 -2.794681 0.381916 -0.478804 -0.286400 0.430057 
-1.443987 5.206237 -0.646286 -2.389563 0.815467 0.474358 -0.930877 1.384788 -3.396797 0.414088 -1.325314 -0.280378 0.763475 
-0.738335 6.855475 -0.898822 -3.036838 1.622846 0.251666 -1.862265 2.255624 -3.333730 0.599513 -1.537886 -0.586088 1.292985 
-0.698263 7.517146 -1.348846 -3.528175 1.977841 0.012854 -2.380377 2.386271 -3.542697 0.499894 -0.580464 -0.624156 0.340347 
-1.434622 5.174464 -0.256125 -2.267413 1.268715 -0.057772 -2.255191 1.856500 -2.947015 0.861116 0.068141 -0.411603 -0.041775 
-2.002763 3.852054 0.196904 -1.394508 1.709615 0.621279 -1.948567 1.535390 -2.550300 0.295580 0.347078 -0.719059 -0.175615 
-1.948331 5.361478 -0.399679 -2.568031 2.567607 1.560687 -1.853325 1.576390 -2.407029 0.666575 0.916705 -1.154458 -0.762665 
-2.632299 3.801403 -1.006054 -1.728703 2.700151 1.054392 -1.782929 1.367471 -1.332028 0.148266 0.980360 -1.295061 -0.246588 
-3.685017 2.532461 -1.586386 -1.276051 3.089967 0.808456 -2.181341 0.599279 -1.112664 -0.318397 1.931759 -0.719340 0.321289 
-3.437242 2.271683 -1.005295 -1.715456 2.188098 0.908624 -1.803163 1.362769 -0.847774 0.262772 1.753505 -1.198778 -0.255928 
-3.105890 2.164827 0.267725 -1.503406 1.405721 0.698623 -1.885331 1.621392 -1.382298 -0.057178 1.098489 -1.211911 -0.226604 
-3.076714 1.982357 0.446392 -1.733650 1.192358 0.807465 -1.952106 1.901915 -1.464237 -0.102183 1.032938 -0.756657 -0.061970 
-2.981469 2.095698 0.681766 -1.836868 1.128022 0.818979 -2.005435 2.371056 -1.437125 0.072756 1.034003 -0.787783 0.116990 
-2.845995 2.125828 0.899394 -1.825360 1.091401 0.946557 -1.981568 2.308091 -1.549895 -0.012808 0.905344 -0.806623 -0.057830 
-2.740108 2.046490 1.167003 -1.760265 0.899606 0.698072 -2.239926 2.346609 -1.531959 -0.051957 0.788978 -0.851737 -0.149585 
-2.965294 1.541599 0.786387 -1.383803 0.995769 0.435694 -2.104997 2.161703 -1.375465 -0.273433 0.925977 -0.919150 -0.043726 
-2.716241 0.934289 0.860353 -1.284022 0.760412 0.320134 -2.365939 2.011691 -1.077503 -0.432496 0.533620 -0.884775 0.183170 
-3.340913 1.397077 0.476448 -1.406190 0.632805 -0.060905 -2.383495 1.542421 -0.624673 -0.443980 0.528377 -1.189455 0.154979 
-3.701027 1.827246 0.332965 -1.440959 1.104322 0.294689 -2.171131 1.480482 -0.835270 -0.241168 0.559316 -1.329799 -0.041404 
-3.131761 1.919837 0.937978 -1.477462 0.998042 0.597089 -2.076097 2.081787 -1.196268 -0.034574 0.893987 -0.841364 -0.087792 
-2.746933 1.823126 1.136507 -1.479636 1.053965 0.810171 -2.080396 2.298691 -1.466519 -0.117279 0.913612 -0.816759 -0.079591 
-2.853374 2.011912 1.290529 -1.586545 0.957759 0.788770 -2.081099 2.395081 -1.508132 0.033665 0.943959 -0.852637 -0.067077 
-2.893049 2.077195 1.306118 -1.581126 0.947341 0.744650 -2.064953 2.393785 -1.471185 -0.052061 1.019474 -0.826635 -0.071632 
-2.819011 2.051902 1.268410 -1.669698 0.927639 0.733016 -2.138170 2.399258 -1.511288 -0.062252 0.928972 -0.902753 -0.187493 
-2.798197 1.969004 1.377659 -1.616737 0.942289 0.779859 -2.186464 2.401463 -1.561144 -0.047397 1.004648 -0.912084 -0.254578 
