-4.148713 1.500199 0.651817 -0.606434 1.351544 1.152539 -1.185423 1.358362 -1.081797 0.215514 0.452471 -0.851255 0.094656 
-3.661633 1.744453 0.601399 -1.147586 1.164744 1.247341 -1.218690 1.743633 -1.061698 -0.027238 0.494932 -0.738583 -0.185464 
-3.695796 1.548503 0.505691 -0.609750 1.443277 1.118130 -1.152545 1.573679 -1.172679 0.038670 0.717672 -0.873266 0.105117 
-3.632477 1.914101 0.669067 -1.103517 0.926781 1.091907 -0.971732 1.712293 -1.078952 -0.133083 0.751014 -0.929935 -0.383901 
-4.005405 1.555784 0.622379 -1.014914 1.128623 1.560265 -0.843487 1.232647 -1.271437 0.285332 0.498175 -0.971474 0.035463 
-3.630755 1.561540 0.660080 -1.202710 0.854565 1.209169 -0.990780 1.797063 -1.177830 -0.127758 0.523119 -0.844309 -0.403321 
-4.214856 1.423250 0.744267 -0.781791 1.032025 1.142506 -1.071347 1.341179 -1.134973 0.207008 0.487698 -0.809527 0.041039 
-3.683354 1.624005 0.432835 -0.866545 1.260082 1.325379 -0.840790 1.366056 -1.375456 -0.359325 0.856460 -0.864100 -0.160059 
-3.879133 1.499598 0.475889 -0.885663 1.170728 1.096920 -1.193472 1.353428 -1.205207 -0.006203 0.651541 -0.613239 0.026460 
-3.816055 1.639347 0.419283 -0.826818 1.107343 1.081278 -0.833612 1.288267 -1.459449 -0.162793 0.934394 -0.894521 -0.005434 
-3.686256 1.468738 0.483106 -0.838343 1.148221 0.823292 -1.467853 1.516487 -1.076273 0.012875 0.710618 -0.543126 0.016072 
-3.448603 1.616322 0.685431 -1.079978 1.023541 1.202077 -1.336064 1.404356 -1.178865 0.038872 0.769849 -0.671675 -0.062888 
-3.772387 1.764784 0.609698 -0.844944 1.205014 0.996373 -1.325371 1.494339 -0.887284 -0.169252 0.656545 -0.695884 0.032261 
-3.438802 1.700465 0.654325 -1.142735 0.881962 1.127349 -1.289151 1.274022 -1.128310 -0.025809 0.678752 -0.660535 0.041678 
-3.740883 1.835549 0.711897 -1.087475 1.180801 1.254552 -1.340476 1.522482 -0.975894 -0.018769 0.500619 -0.660329 -0.061126 
-3.560344 1.734384 0.592365 -1.163021 1.049731 1.319762 -1.211349 1.295847 -1.253481 0.135313 0.387252 -0.884082 0.069857 
-3.738314 1.474544 0.793676 -0.925940 0.940725 1.142926 -1.091049 1.725816 -1.003596 -0.187881 0.344611 -0.709485 -0.118762 
-3.567650 1.650160 0.685302 -1.093735 0.977972 1.311220 -1.019874 1.441116 -1.498454 0.097962 0.756922 -0.787659 -0.119594 
-3.782613 1.933571 0.695632 -0.810615 0.940558 0.831758 -1.034694 1.464159 -1.046376 -0.003263 0.950286 -0.745702 -0.229776 
-3.839354 1.479619 0.491951 -0.940907 1.323833 1.401241 -1.175142 1.341392 -1.094685 0.276723 0.586724 -0.783808 -0.160913 
-3.712642 2.101618 0.513421 -0.955300 1.189482 1.084547 -1.082217 1.283879 -1.140713 -0.003910 0.971431 -0.795353 -0.108167 
-4.067922 1.578898 0.634754 -1.018351 1.302942 1.412606 -1.346611 1.356585 -0.831745 0.234308 0.498521 -0.785513 -0.196587 
-3.763411 1.802077 0.544007 -1.042569 1.051001 1.294421 -1.095233 1.035762 -1.029788 -0.025136 0.949814 -0.854084 -0.074879 
-3.968488 1.760818 0.609136 -0.996226 1.302251 1.357815 -1.288313 1.210187 -0.952026 -0.035372 0.708451 -0.780564 -0.193674 
-4.041311 1.853148 0.708110 -1.082961 1.007246 1.484949 -0.850410 1.100696 -1.258275 -0.130153 0.753798 -0.778192 -0.096701 
-3.655230 1.586786 0.541718 -0.989364 1.267851 1.439895 -1.258213 1.120437 -1.091065 -0.067326 0.634673 -0.923629 -0.123985 
-3.868057 1.578837 0.637591 -0.959439 1.196393 1.235231 -1.367256 1.221964 -1.334918 0.050744 0.454864 -0.478838 0.197320 
-3.679583 1.710790 0.491805 -1.033042 1.228974 1.409581 -1.065838 1.267099 -1.210125 0.025734 0.724393 -0.921699 -0.005991 
-3.485209 1.772884 0.406230 -1.188382 0.880648 1.033784 -1.181900 1.323524 -0.954855 0.300978 0.580514 -0.930799 0.050079 
-3.496616 1.828890 0.506608 -0.798712 1.418399 1.262060 -1.164729 1.376125 -1.115928 -0.301637 0.668209 -1.015040 -0.112735 
-3.363904 1.702601 0.456203 -0.910032 1.120409 0.989909 -1.311491 1.196572 -1.193839 0.435985 0.549533 -1.092357 0.014131 
-3.451185 1.654511 0.571357 -0.882092 1.138851 1.148933 -1.186942 1.383038 -1.115321 -0.139684 0.600090 -1.008219 -0.024469 
-3.484178 1.545629 0.716691 -0.663959 1.200243 0.973327 -1.290606 1.459805 -1.316355 0.422369 0.749784 -1.063158 -0.282848 
-3.688707 1.655120 0.568038 -0.921099 1.239554 1.212512 -1.197673 1.419242 -1.197840 0.232198 0.522423 -0.821376 -0.029183 
-3.221481 1.569039 0.715388 -0.736544 1.167396 1.250188 -1.038193 1.557973 -1.180819 0.088222 0.970206 -1.207129 -0.377250 
-3.451774 1.647098 0.599632 -0.882709 1.235618 1.201623 -1.105762 1.543033 -1.434173 0.222709 0.598073 -0.790540 -0.232188 
-3.703993 1.746406 0.639662 -0.865967 1.464551 1.524148 -0.982718 1.678321 -0.896977 0.116392 0.422101 -1.076007 -0.175275 
-3.633724 1.832046 0.560699 -1.142850 1.077001 1.327842 -0.963713 1.497853 -1.390733 -0.011345 0.733752 -0.824592 -0.264159 
-3.544405 1.537034 0.852188 -0.731419 1.226324 1.306522 -1.172156 1.409033 -1.194897 0.153639 0.686960 -0.617548 -0.015655 
-3.823594 1.661454 0.639578 -0.864910 0.988774 0.995054 -0.988680 1.652426 -1.236727 -0.040914 0.964114 -0.836139 -0.241557 
-3.599601 1.407819 0.927213 -0.848679 1.041864 1.356044 -1.219275 1.347809 -1.233875 0.109095 0.907991 -0.619072 -0.154302 
-3.428668 1.826015 0.612875 -0.967340 1.056639 1.060178 -1.155210 1.544262 -1.057462 0.226892 0.654506 -0.914268 -0.044740 
-3.672254 1.654574 0.714564 -1.043320 1.128352 1.328533 -1.232442 1.349957 -1.341652 -0.054355 0.797162 -0.723617 -0.179036 
-3.560296 1.906163 0.474858 -1.255582 1.024615 1.186577 -1.085870 1.716198 -0.957107 0.205370 0.628526 -0.942161 -0.089478 
-3.749347 1.367609 0.743268 -0.723144 1.226345 1.154366 -1.158654 1.639083 -1.410687 0.009123 0.640407 -0.724419 -0.327502 
-3.648694 1.753229 0.279621 -1.333895 1.272816 1.394147 -1.199137 1.631147 -1.001864 0.190338 0.805549 -0.984191 -0.362358 
-3.764328 1.437072 0.608346 -0.468919 1.307411 1.026189 -1.003130 1.358197 -1.480088 0.179609 0.624489 -0.961994 -0.109787 
-3.470671 1.420412 0.500937 -1.036391 1.201971 1.258465 -1.294594 1.645703 -1.071773 0.223680 0.615067 -0.814724 -0.246574 
-3.590195 1.647849 0.602679 -0.860371 1.010031 1.159335 -1.017185 1.181882 -1.236490 0.234386 0.631721 -0.929550 0.153506 
-3.579298 1.642986 0.565450 -0.815363 1.269852 1.150829 -1.316216 1.291177 -1.126717 0.024743 0.621651 -0.954485 -0.146449 
-3.607325 1.844945 0.549736 -1.263955 1.228279 1.488374 -1.421942 1.026819 -1.157013 0.408254 0.704532 -0.657945 0.022545 
-3.600725 2.051469 0.569613 -0.909107 1.360171 1.112148 -1.358692 1.297730 -1.307983 0.174666 0.755606 -0.918962 -0.231330 
-3.666764 1.691130 0.327507 -1.279327 1.368483 1.484421 -1.313940 1.448039 -0.929085 0.115585 0.474890 -0.481047 0.028057 
-3.735565 1.941956 0.656282 -1.021787 1.236922 1.276678 -1.168908 1.480505 -1.360194 -0.006293 0.573787 -0.838505 -0.126358 
-3.550331 1.672648 0.563849 -1.169538 1.238394 1.393573 -1.207775 1.699001 -1.227778 -0.068122 0.461091 -0.597097 -0.091408 
-3.723474 1.635952 0.564422 -0.970361 1.310229 1.457275 -1.101978 1.349800 -1.296600 -0.084646 0.458235 -0.863909 -0.077494 
-3.572042 1.750642 0.601032 -1.036949 1.093410 1.112142 -1.229669 1.517063 -1.278997 0.140218 0.609591 -0.826375 -0.059582 
