-3.528917 1.376847 0.526977 -0.424709 1.345572 0.844868 -1.250864 1.437392 -1.271395 0.066772 0.751478 -0.959745 -0.045301 
-3.524623 1.663748 0.578255 -0.752990 1.163582 1.010434 -1.093547 1.484501 -1.248598 0.088740 0.811265 -0.804482 -0.119478 
-3.690642 1.468860 0.624436 -0.581775 1.217166 1.048208 -1.188491 1.378984 -0.891044 -0.292519 0.793301 -0.792162 -0.114607 
-3.713301 1.677269 0.573989 -0.727986 1.354067 1.111600 -1.137067 1.636656 -1.094543 -0.092800 0.685506 -0.742086 -0.202257 
-4.286963 1.549449 0.896135 -0.608671 1.179482 1.175650 -1.204381 1.163719 -1.017922 0.096909 0.654691 -0.978120 0.005767 
-3.742030 1.478188 0.470017 -1.013965 1.254364 1.259266 -1.143802 1.704857 -1.038153 0.111015 0.597452 -0.717417 -0.208179 
-3.857551 1.435159 0.799145 -0.660214 1.094399 1.064644 -1.148083 1.396596 -1.154432 0.188640 0.656374 -0.675292 0.050594 
-3.569425 1.618276 0.497710 -0.940406 1.205375 1.298096 -1.148008 1.176229 -1.189573 0.010415 0.968777 -0.920942 -0.211379 
-3.641724 1.545630 0.835569 -0.747476 1.035753 1.176115 -1.035112 1.408512 -1.118950 -0.060390 0.589738 -0.782599 0.003589 
-3.691174 1.288229 0.422825 -0.720928 1.168338 1.047873 -1.179366 1.241530 -1.179279 0.129605 0.807855 -0.893528 -0.250607 
-3.625517 1.471208 0.475193 -0.883717 1.254803 1.196537 -1.229261 1.409113 -1.008551 0.236972 0.594276 -0.930705 -0.021345 
-3.494975 1.248906 0.726826 -0.742617 1.253633 1.383338 -1.167526 1.578692 -1.127843 -0.232128 0.348514 -0.982057 -0.366237 
-3.867412 1.479903 0.461715 -0.981748 1.195816 1.064401 -1.303329 1.615507 -0.969633 0.188678 0.477165 -0.689474 -0.115532 
-3.273113 1.795397 0.503384 -1.055620 1.176851 1.100444 -1.261788 1.733723 -0.977656 0.108173 0.602578 -1.042851 -0.156785 
-4.279327 1.821285 0.517476 -0.870035 1.324930 1.318596 -1.081218 1.197999 -0.714456 0.127521 0.586866 -1.204162 -0.123716 
-3.824954 1.362535 0.464013 -0.738114 1.197367 1.172962 -0.787810 1.685441 -1.085308 0.167318 0.666535 -0.884423 -0.167282 
-4.072819 1.834831 0.402526 -0.797900 1.395525 1.168314 -1.044409 1.334127 -0.977116 0.097998 0.660621 -1.198323 -0.117806 
-3.626876 1.641785 0.749785 -0.979812 0.979528 1.248562 -1.034877 1.403353 -1.292896 0.113993 0.695412 -0.753084 -0.149691 
-3.829211 1.813250 0.459962 -0.996589 1.250628 1.141856 -1.087891 1.545828 -1.140093 0.210760 0.591077 -0.978796 -0.288237 
-3.505672 1.693031 0.733792 -1.074594 0.918931 1.147158 -1.300862 1.340813 -1.126253 -0.090106 0.762797 -0.853905 -0.070730 
-3.893516 1.940050 0.651262 -1.235806 0.882521 1.175799 -1.089736 1.452167 -0.758001 0.032109 0.716056 -0.814318 -0.166465 
-3.619020 1.566119 0.694522 -0.902999 1.105073 1.124001 -1.317413 1.462328 -1.101390 -0.012718 0.575488 -0.759144 -0.160981 
-3.737605 1.661396 0.524932 -1.056005 0.928410 1.135356 -1.126863 1.265684 -0.810444 -0.072340 0.649155 -0.791903 0.072520 
-3.772998 1.480553 0.375858 -0.768281 1.132265 1.022533 -0.993793 1.344815 -1.130616 0.066542 0.706836 -0.940278 -0.122784 
-3.645400 1.673207 0.521787 -0.902409 1.159206 1.109476 -1.114382 1.442644 -1.216087 -0.111884 0.700869 -0.902356 0.028844 
-3.898931 1.674994 0.653647 -0.901832 1.026787 1.147858 -1.086406 1.296855 -1.088689 0.053275 0.652782 -0.774107 -0.036026 
-3.790001 1.658580 0.760042 -0.923532 1.114260 1.264260 -1.186054 1.179367 -1.317912 -0.058590 0.796632 -0.658322 -0.050339 
-3.869077 1.566591 0.521033 -0.718748 1.220956 0.984746 -1.116354 1.559667 -1.032579 -0.088355 0.721052 -0.722583 -0.045606 
-3.771604 1.519819 0.725553 -0.839873 1.211451 1.313644 -1.266461 1.153269 -1.155494 0.158730 0.770864 -0.732760 -0.158875 
-3.756223 1.707146 0.579369 -0.862816 1.082083 1.165372 -1.003178 1.303905 -1.004089 -0.240136 0.818548 -0.999630 -0.075102 
-3.764386 1.171768 0.690887 -0.810668 1.049571 1.120205 -1.178548 1.588383 -1.273055 0.121092 0.607990 -0.677379 -0.096464 
-3.668612 1.560625 0.644702 -0.975943 1.089693 1.297916 -1.184618 1.243203 -1.130201 -0.019768 0.533661 -0.841815 -0.014493 
-3.793657 1.200302 0.781116 -0.836247 1.003470 1.100415 -1.238750 1.620387 -1.347586 0.080173 0.599104 -0.544683 -0.134462 
-3.625419 1.645972 0.365438 -1.191588 1.266615 1.278909 -1.353178 1.544576 -0.947707 0.012758 0.364103 -0.625573 -0.009883 
-3.667242 1.695665 0.333345 -1.014889 1.092075 0.968835 -1.112202 1.535407 -1.173497 0.009837 0.889271 -0.899961 -0.247540 
-3.410009 1.501232 0.227620 -1.271358 1.134224 1.375035 -1.238985 1.348520 -0.936351 -0.214068 0.612772 -0.912523 -0.092538 
-3.793988 1.514612 0.540646 -1.078837 1.014510 1.215514 -1.174762 1.340497 -1.040544 0.145949 0.674438 -0.925361 -0.313655 
-3.401091 1.453236 0.411313 -0.961902 1.055314 1.139974 -1.221165 1.260509 -1.053096 -0.024556 0.756780 -0.851815 -0.132509 
-4.070669 1.302659 0.762613 -0.968590 1.273911 1.641487 -1.051118 1.522143 -1.087903 0.266035 0.417364 -0.710188 -0.250335 
-3.666546 1.908716 0.518427 -0.772176 1.056120 0.878844 -1.030009 1.185975 -1.283267 0.239335 0.981663 -1.053662 -0.144877 
-3.545202 1.516469 0.669312 -0.979089 1.122620 1.249226 -1.156306 1.608960 -1.233002 0.342854 0.517509 -0.640020 -0.001328 
-4.134059 1.467603 0.683579 -0.510560 1.173851 1.034727 -0.908307 1.353370 -1.145035 0.183892 0.650810 -1.047152 -0.146749 
-3.428774 1.615233 0.795531 -1.189189 0.888724 1.365016 -1.148619 1.544394 -1.014581 0.111978 0.476147 -0.712028 -0.087157 
-3.680134 1.407429 0.769255 -0.806839 0.972734 1.112890 -1.164041 1.424858 -0.980587 0.360197 0.513888 -1.025082 -0.091386 
-3.588021 1.797885 0.820904 -1.202833 0.925957 1.393438 -0.939093 1.669562 -1.352077 0.151044 0.709474 -0.712283 -0.381143 
-3.782557 2.024601 0.344886 -1.043146 1.174191 1.076917 -1.048003 1.336432 -0.867537 -0.113190 0.489406 -1.129174 0.172776 
-3.633684 1.681235 0.690851 -1.162358 1.128130 1.429921 -1.060049 1.622118 -1.429303 0.395047 0.767208 -0.592010 -0.240833 
-3.782572 1.716915 0.535078 -0.898266 0.906442 0.987687 -0.867995 1.458357 -0.966049 -0.263743 0.772314 -0.922511 0.101289 
-3.570598 1.650456 0.725203 -1.260562 0.979057 1.463066 -1.150134 1.314421 -1.289530 0.313002 0.697225 -0.579981 -0.125034 
-3.531450 1.496037 0.687509 -0.877275 0.789318 1.024363 -0.921690 1.509705 -1.129163 -0.095295 0.892990 -0.867213 -0.188562 
-3.389199 1.566734 0.747601 -1.303384 1.102727 1.536572 -1.536193 1.249509 -1.174845 0.056058 0.537977 -0.622127 -0.175511 
-3.893177 1.270065 0.947608 -0.838124 1.053115 1.379529 -1.193142 1.537080 -1.002990 0.060071 0.474129 -0.663677 -0.175546 
-3.689545 1.501770 0.348763 -1.147869 1.488720 1.479725 -1.424978 1.510394 -1.038271 0.005114 0.454447 -0.987636 -0.237683 
-3.810410 1.259926 0.992024 -0.912228 0.963573 1.296747 -1.332818 1.570168 -0.970732 0.194321 0.454968 -0.431988 -0.178680 
-3.590173 1.356102 0.382642 -0.968065 1.327960 1.232055 -1.402748 1.525567 -0.928298 0.019312 0.546272 -0.674887 -0.049474 
-3.549382 1.498646 0.588901 -1.139723 1.042631 1.544471 -0.931700 1.435953 -1.024068 0.038634 0.429122 -0.835280 -0.054374 
-3.562776 1.340786 0.314694 -0.819862 1.216918 0.895427 -1.157945 1.813349 -1.239775 -0.168957 0.641449 -0.572040 -0.252071 
