-2.811454 1.969946 1.288637 -1.657640 1.049971 0.873741 -2.156483 2.467834 -1.517967 -0.039076 1.018425 -0.884276 -0.122954 
-2.870992 1.906971 1.154352 -1.699126 0.977402 0.710223 -2.187458 2.393093 -1.565381 -0.153194 0.903913 -0.922430 -0.097915 
-2.850750 1.901555 1.114883 -1.706629 0.930077 0.637106 -2.232729 2.529727 -1.165090 -0.020019 0.893740 -1.067343 -0.207014 
-2.964267 1.854636 1.377604 -1.358206 1.014027 0.666045 -2.189496 2.272431 -1.457471 -0.157773 0.942779 -0.983836 -0.203562 
-2.950342 1.769767 1.394911 -1.631741 0.816499 0.773627 -2.150082 2.332455 -1.538129 -0.032292 0.955433 -0.840703 -0.148625 
-2.842093 2.020591 1.264274 -1.690974 0.986936 0.743981 -2.182175 2.462505 -1.529063 -0.040834 1.035476 -0.887675 -0.141993 
-2.924273 2.016509 1.353685 -1.659536 1.013755 0.831651 -2.126750 2.475837 -1.559279 -0.129211 0.978813 -0.909983 -0.151311 
-2.989604 1.955917 1.341098 -1.674819 1.023958 0.797750 -2.221344 2.422949 -1.558616 -0.146882 1.046798 -0.950226 -0.172740 
-3.027530 2.014023 1.299596 -1.821089 1.054615 0.881757 -2.255226 2.494649 -1.514002 -0.096935 1.055454 -0.963719 -0.223443 
-2.910755 1.962808 1.398019 -1.823734 0.942344 0.810474 -2.295073 2.578203 -1.502348 -0.021250 1.081493 -0.885194 -0.164362 
-2.871142 1.935807 1.351097 -1.815227 0.905241 0.801247 -2.197131 2.574705 -1.585873 -0.069228 1.051139 -0.888971 -0.139221 
-2.833148 1.904084 1.546459 -1.780077 0.915668 0.945527 -2.312618 2.482088 -1.491829 0.057411 0.944845 -0.908796 -0.213379 
-3.316505 1.935684 1.760783 -1.619211 0.799318 0.885379 -2.337547 2.214149 -1.186722 -0.032405 0.861020 -0.741478 -0.208512 
-4.038241 1.995045 1.411659 -1.821143 0.321962 0.672119 -1.692611 1.807302 -1.511467 -0.202360 1.029575 -0.724744 -0.128028 
-3.349785 3.431678 1.219728 -2.349335 -0.155344 -0.226003 -2.609050 1.027881 -2.864703 -0.096307 0.947601 -0.119353 0.051398 
-3.321089 4.495971 1.136050 -1.324002 0.876959 -0.105069 -2.548985 0.422306 -2.534833 -0.442094 1.066272 -0.327250 -0.572214 
-2.995308 3.230790 0.832525 -1.132858 0.078933 -0.708273 -1.899263 1.285588 -1.804444 -0.163174 1.020442 -0.217907 -0.892308 
-3.214908 1.083100 0.198909 -1.686798 -0.480212 -0.167257 -1.176296 1.769764 -1.264811 0.696283 1.070346 0.019670 -0.667533 
-2.849490 1.949191 0.488094 -1.635098 -0.263449 0.189550 -1.182986 1.158269 -1.886678 0.409338 0.964678 -0.356599 -0.636016 
-3.503540 1.868805 0.044363 -0.682751 0.161031 -0.528591 -1.217255 0.643063 -1.576115 -0.104237 1.302998 -0.282026 -0.255847 
-4.015907 1.409987 -0.126493 -0.582992 -0.066793 -0.975864 -1.401068 0.216681 -1.464283 -0.366636 1.261679 -0.365484 -0.431109 
-3.996751 1.095245 0.589681 -0.160432 0.121688 -0.199090 -0.706077 0.283497 -1.363990 0.294141 1.823440 -0.559722 -0.335572 
-3.713713 1.300381 0.255774 -0.576262 -0.039186 -0.201760 -0.648582 0.608948 -1.197170 0.304796 0.844593 -0.957646 -0.672443 
-3.945299 1.090788 -0.181655 -0.715047 0.152949 -0.346119 -1.043340 0.776934 -0.965952 -0.105105 0.792702 -0.784031 -0.743497 
-3.836794 2.006374 0.314051 -0.756562 0.495492 -0.022915 -1.045550 1.134058 -1.351750 0.102789 1.004521 -0.347442 -0.598250 
-3.618348 2.180914 0.901858 -1.247730 0.688508 0.549879 -1.705068 1.118200 -1.593738 0.051705 0.905214 -0.336901 -0.427111 
-1.280774 5.280553 -0.832370 -0.585590 3.039782 0.337816 -1.722127 1.379327 -2.887619 0.458341 1.056575 -0.286737 -1.076935 
-1.311545 4.588970 -1.066131 -0.385394 2.158111 -0.093587 -1.357274 0.657112 -2.958326 0.535931 0.373087 -0.072723 -0.409975 
-1.536989 4.270185 -2.128782 -0.997360 1.632973 -0.833819 -1.566980 0.367474 -2.745638 0.330032 0.391920 0.236985 -0.206101 
-1.295722 5.069993 -4.363218 -1.424291 2.416378 -2.226669 -2.081968 1.141141 -2.542103 0.189302 1.183591 0.302080 -0.478200 
-1.906638 3.847582 -4.427536 -1.920093 1.205267 -2.133959 -2.026859 0.321540 -1.874333 0.859560 0.866581 0.505512 -0.093200 
-1.781519 3.859434 -4.657530 -1.885681 1.248103 -2.161752 -1.748943 0.393772 -1.940583 0.760924 0.912121 0.579042 -0.190532 
-1.974989 3.954394 -5.136283 -1.447710 1.898654 -2.462100 -1.534214 0.921406 -1.920469 0.687001 1.246712 0.397865 0.043190 
-1.920810 4.033947 -5.523937 -1.536601 2.043957 -2.773530 -1.368225 1.561261 -1.930231 1.041349 1.644675 -0.050966 -0.364683 
-1.703753 4.471676 -5.715867 -1.395509 2.249935 -2.858987 -1.129565 1.457109 -2.000683 1.420285 2.010910 -0.017818 -0.071350 
-2.017117 4.106634 -4.793067 -1.683561 1.567431 -2.360590 -1.508561 0.785161 -1.809150 0.991296 1.264537 0.188544 -0.296554 
-2.041194 3.530149 -4.609825 -1.971290 1.303030 -1.743678 -1.188677 0.701925 -1.881940 0.699619 0.548081 -0.011874 -0.173281 
-2.111482 3.533827 -4.267027 -2.154968 1.330325 -1.223613 -0.936894 1.018279 -1.489526 1.136207 0.648703 -0.108195 -0.194195 
-2.943637 2.943098 -3.444160 -1.940181 1.123925 -1.364458 -1.584980 0.816043 -1.725389 1.188736 1.363261 0.423945 -0.183202 
-2.882074 3.210963 -3.181983 -3.120492 0.501531 -1.093964 -1.814583 1.042729 -1.879299 1.145330 1.054513 0.227833 -0.256535 
-1.972377 5.186605 -2.453494 -2.818083 1.307164 -1.391821 -1.887133 2.331736 -2.884553 0.592491 1.282872 0.074627 -0.504196 
-1.907023 5.579433 -2.359726 -2.380839 1.799518 -1.546711 -1.947740 2.589769 -3.141668 0.405301 1.297683 -0.120927 -0.446485 
-2.118892 5.533588 -3.569270 -2.495523 1.941540 -2.442198 -2.364936 2.309175 -2.518742 1.287440 2.449797 -0.493673 -0.919815 
-2.534415 4.912147 -2.239240 -2.013077 1.227621 -2.466972 -2.969707 1.634068 -1.795686 1.730701 2.154625 -0.434911 -1.089067 
-2.167195 4.282746 -0.592897 -1.579472 0.649251 -1.752727 -3.005401 1.262298 -2.179150 1.520304 1.013544 -0.550700 -0.249017 
-2.228617 3.772888 0.166000 -1.651934 0.513271 -1.556812 -3.470524 1.463360 -2.447281 1.361589 1.137993 -0.359090 -0.061241 
-3.179184 3.141285 1.778254 -1.525540 1.154171 0.387549 -3.260515 1.763129 -1.907859 0.389773 1.096076 -0.969945 -0.345378 
-3.229392 1.972004 1.445469 -1.623864 0.933705 0.764132 -2.490312 2.232613 -1.469830 -0.142628 0.874865 -0.953729 -0.060361 
-2.967388 2.096198 1.367169 -1.278281 0.968117 0.966179 -1.875385 2.048435 -1.283691 0.194572 0.833759 -0.924644 -0.237616 
-3.209701 2.055152 1.096070 -1.129038 1.194804 0.923042 -1.899681 1.770931 -1.024028 0.251608 1.013696 -1.161742 -0.301782 
-3.633373 2.067796 0.022131 -0.720737 1.699239 0.862387 -1.095255 0.929511 -1.293884 0.373075 1.403594 -1.668188 -0.819432 
-3.599271 2.322600 -0.289712 -1.877409 0.926442 0.680050 -1.399083 0.792468 -1.500772 0.541187 1.469291 -1.338002 -1.046576 
-3.364379 2.250125 0.379898 -2.005051 0.859443 0.867089 -1.732336 1.212148 -1.658663 0.430088 1.179804 -0.782686 -0.695938 
-3.516248 2.004397 0.259334 -1.688170 1.168038 0.733737 -1.943848 1.128821 -1.602370 0.282520 1.315568 -0.843165 -0.354059 
-3.359113 1.886965 0.345326 -1.760856 1.219073 0.842751 -1.886789 1.703149 -1.154927 0.040473 1.252842 -0.854162 -0.450316 
-2.947729 2.290810 1.012636 -1.858798 1.106785 0.914799 -2.040510 2.356678 -1.545616 -0.017753 0.940298 -0.761037 -0.072736 
-3.009608 2.177403 0.911681 -1.617865 1.334269 1.059427 -1.856136 1.993617 -1.854196 -0.361931 1.059179 -0.798016 -0.122655 
-2.920039 2.232402 0.975052 -1.772768 1.251664 1.044418 -1.914083 2.230210 -1.819611 -0.276840 1.009077 -0.717108 -0.100930 
-2.969050 1.989913 1.302748 -1.833137 1.092277 0.942612 -2.252281 2.538865 -1.659666 -0.201863 0.950853 -1.010349 -0.209792 
-2.962907 2.141763 1.316990 -1.903437 0.991623 0.870295 -2.202303 2.592211 -1.569405 -0.058934 0.973503 -0.944751 -0.174956 
-2.899851 2.051865 1.420272 -1.742889 1.017766 0.759845 -2.295396 2.635733 -1.532593 -0.035258 0.996849 -1.012840 -0.245246 
-2.917311 2.096961 1.464108 -1.709651 1.064577 0.847867 -2.249311 2.632393 -1.450297 -0.163105 1.079143 -0.965461 -0.157976 
-3.021108 2.089561 1.516169 -1.738346 1.046485 0.903201 -2.231198 2.694050 -1.432535 -0.136647 1.080877 -0.968528 -0.200824 
-3.057630 2.078707 1.371842 -1.867515 0.925258 0.831267 -2.304030 2.467068 -1.694077 -0.235508 0.961779 -1.043425 -0.368989 
-2.917805 2.145005 1.265237 -1.742614 1.048609 0.746598 -2.313488 2.586872 -1.542979 -0.220581 1.018401 -0.893791 -0.174715 
-2.952504 2.088070 1.372890 -1.556495 1.023793 0.877037 -2.077473 2.429968 -1.459802 0.093799 1.118507 -0.834864 -0.218267 
-2.916895 2.197465 1.345412 -1.581369 1.014041 0.870594 -2.074677 2.312963 -1.588584 0.007503 0.920938 -0.839619 -0.142823 
-2.824332 2.015299 1.166776 -1.795639 0.866620 0.819435 -2.140459 2.256277 -1.510511 -0.000015 0.820680 -0.813303 -0.160788 
-2.854759 1.911876 1.140354 -1.818756 0.834906 0.821417 -2.124531 2.282451 -1.505046 0.040170 0.838044 -0.806403 -0.173094 
-2.837933 1.937933 1.196172 -1.734153 0.927052 0.736199 -2.185202 2.475000 -1.447385 0.009549 0.888237 -0.863462 -0.130833 
-3.749148 1.445945 0.644810 -1.306341 0.736973 0.599247 -1.376229 1.931607 -0.866168 -0.459969 0.927698 -0.601485 0.043638 
-3.587978 1.509531 0.700517 -1.110337 0.841387 0.624427 -1.346542 1.795475 -0.785097 -0.448119 0.842005 -0.773104 -0.024685 
-2.854515 1.682665 0.531347 -1.361391 1.285583 0.903420 -1.777679 1.766639 -1.333291 -0.098067 0.934356 -1.145335 -0.034043 
-2.981095 1.968081 1.112372 -1.557388 0.867485 0.624293 -2.003785 2.339760 -1.346648 -0.075544 0.900733 -0.848012 -0.036457 
-2.874340 2.090017 1.197712 -1.582427 1.006361 0.750540 -2.133795 2.387319 -1.354437 -0.015331 0.833207 -0.787882 -0.160781 
