-2.981195 1.861661 1.362947 -1.802504 0.999119 0.886229 -2.360533 2.461618 -1.565897 -0.160682 1.056227 -0.982026 -0.175810 
-3.006229 1.932287 1.277455 -1.801047 1.009491 0.883910 -2.225892 2.537517 -1.529830 -0.123081 1.076174 -0.917673 -0.070769 
-2.761829 2.123905 1.435492 -1.641780 1.037298 0.888700 -2.229136 2.489292 -1.594527 0.007779 0.931718 -0.910486 -0.139481 
-2.792900 2.084177 1.287922 -1.668987 0.962564 0.811978 -2.191166 2.321282 -1.576375 -0.000394 0.828169 -0.835488 -0.120339 
-2.954381 1.832445 1.097385 -1.794430 0.903154 0.841629 -2.117929 2.293145 -1.403906 -0.050714 0.843213 -0.861612 -0.131951 
-2.894629 1.765306 1.217474 -1.644876 0.954044 0.772293 -2.143840 2.441829 -1.478356 -0.129521 1.062912 -0.879064 -0.132085 
-2.908883 1.961657 1.238926 -1.642651 0.991952 0.781624 -2.167332 2.413893 -1.479215 -0.130335 0.983420 -0.928672 -0.178729 
-2.957045 2.002305 1.232552 -1.664909 0.991434 0.808779 -2.135640 2.380247 -1.462310 -0.119095 0.975946 -0.937501 -0.159664 
-2.992413 1.616657 1.084008 -1.465102 0.938630 0.625646 -2.150690 2.389417 -1.325801 -0.138891 1.080514 -0.837506 -0.088369 
-2.994814 1.751570 1.088776 -1.405314 0.999463 0.675492 -2.063115 2.342869 -1.384576 -0.184452 0.993576 -0.720681 0.034343 
-2.886220 1.869325 1.261955 -1.538133 0.957714 0.876879 -1.990722 2.364082 -1.404019 -0.124547 0.861007 -0.791730 -0.059417 
-2.985812 1.771251 1.370471 -1.779258 0.765317 1.155457 -2.023564 2.163470 -1.068734 0.017479 0.672956 -0.727693 -0.317297 
-2.909266 1.471967 1.164560 -1.983487 0.483226 1.139510 -2.089771 1.738961 -1.223238 0.183115 0.708117 -0.525268 -0.193119 
-4.041025 2.304790 1.425014 -1.707018 0.587450 0.883685 -2.044865 0.947644 -1.397831 -0.248867 0.859864 -0.456503 -0.076021 
-4.048997 1.465204 1.342168 -1.665069 0.753085 1.609076 -1.771927 1.320765 -0.543494 0.211453 0.232344 -0.329333 -0.216552 
-3.989003 1.316708 0.199700 -1.715049 1.186200 1.730998 -1.606146 0.565784 -0.636382 0.683160 0.407260 -0.304789 -0.416059 
-4.198973 1.560194 -0.602926 -1.520193 1.285964 0.847450 -1.529275 0.709071 -1.187491 -0.233987 0.351154 -0.123610 -0.185255 
-4.690673 0.519154 -1.355448 -1.684180 0.477322 -0.034409 -1.520788 0.421216 -0.624117 -0.515633 0.745123 -0.230075 -0.242029 
-4.044933 0.674871 -0.981426 -1.431454 0.305931 0.298177 -1.116052 0.008597 -0.003370 -0.297193 0.714339 -0.295449 0.083982 
-4.453958 1.086870 -0.531564 -1.747482 0.088928 0.488527 -1.157968 0.166446 -0.218242 -0.373244 0.353767 -0.478848 0.118860 
-5.098769 0.473658 -0.723493 -1.313138 0.410546 0.578598 -0.717170 0.367432 -0.404288 -0.929491 0.679544 -0.561594 -0.464191 
-4.742575 0.117774 -0.849945 -0.925391 0.326335 0.369461 -0.254631 0.317095 -0.276389 -0.730834 1.190028 -0.521843 -0.753130 
-4.818083 -0.381095 -0.867332 -1.066454 0.090422 0.336491 -0.353507 0.578240 -0.377162 -0.502213 0.407172 -1.101176 -0.564005 
-5.794060 -0.231818 -1.141553 -0.915281 0.474174 0.285054 -0.809962 -0.051311 -0.809679 -0.229510 -0.027091 -1.127293 -0.163997 
-5.783226 0.036537 -0.843045 -0.695335 0.544241 0.221448 -0.944378 -0.050299 -0.604796 -0.057623 0.308935 -0.558155 -0.111294 
-4.218686 0.172285 -0.311208 -0.743209 -0.130530 -0.003144 -0.681573 0.212214 -0.730844 -0.774313 0.546706 -0.325469 -0.357692 
-4.247808 0.066929 -0.162566 -0.651946 -0.412175 -0.225347 -0.707471 0.021538 -0.746605 -0.773862 0.541942 -0.606182 -0.404559 
-4.680107 0.567416 -0.093548 -0.602604 0.015529 -0.229325 -0.976175 0.191408 -0.803916 -0.478332 0.750317 -0.784710 -0.103372 
-2.800587 3.526098 0.288246 -0.984662 2.002186 0.747964 -1.734794 1.667000 -2.177633 -0.056063 1.146559 -0.070878 -0.377349 
-1.307828 6.176503 -1.284245 -0.934945 2.945118 -0.145870 -1.607184 1.324576 -3.703012 0.184492 1.198569 -0.424469 -0.884340 
-0.534108 5.142809 -3.498480 -1.063708 2.809220 -1.450023 -1.645204 1.882523 -2.857765 0.253170 0.051113 -0.244906 -0.561385 
-1.125149 4.586886 -4.365412 -1.132775 2.335337 -2.016849 -1.531493 1.117153 -2.746336 0.410839 0.537193 -0.218838 -0.395885 
-1.227982 4.450269 -4.897288 -0.958004 2.188821 -2.523067 -1.328134 0.882429 -2.829504 0.867856 1.001346 -0.300069 -0.330444 
-1.600198 3.742841 -5.773815 -1.131439 1.471547 -3.442472 -1.208587 0.838553 -2.819905 0.949303 1.191710 -0.276016 -0.196726 
-1.774414 3.215296 -4.608619 -1.647046 0.741364 -2.531827 -1.489084 0.437331 -2.354372 0.743259 0.312793 -0.120332 -0.535779 
-1.738863 2.979888 -4.138214 -1.483469 1.214024 -1.547809 -0.855643 1.142837 -1.515198 0.900139 0.183133 -0.166999 -0.212349 
-2.448141 2.726203 -3.378068 -1.385386 1.130992 -0.986497 -0.816787 0.939771 -0.954508 0.985116 0.360129 0.142618 -0.050707 
-2.424592 3.017798 -2.751348 -1.841489 0.503480 -1.150135 -1.208781 0.854772 -1.369422 1.320568 0.929947 0.535969 -0.362193 
-2.105733 4.052728 -5.326357 -1.768466 1.673505 -2.291633 -0.739695 1.292122 -2.016051 1.151068 1.714398 0.311894 -0.401017 
-2.335988 3.830206 -5.511333 -1.947278 1.426912 -2.300870 -0.706992 1.210282 -1.687140 0.958238 1.618298 0.448685 -0.479831 
-2.014998 3.971830 -5.203609 -2.158743 1.343304 -2.047292 -0.711805 1.372635 -1.761629 1.111353 1.282959 0.136966 -0.498873 
-1.582442 4.031783 -4.609094 -1.610455 1.785854 -1.813706 -0.637885 1.832844 -1.787263 0.906409 0.828127 -0.264516 -0.462311 
-1.735045 4.157398 -4.355092 -1.482678 1.995703 -1.807418 -0.793292 1.974954 -1.598143 0.862522 0.957001 -0.353242 -0.496998 
-2.179702 4.212149 -4.149938 -2.421588 1.143426 -1.801942 -0.908020 1.748820 -1.910357 1.463834 1.881157 0.163612 -0.850669 
-1.901979 4.840096 -4.235962 -2.458719 1.482048 -1.857337 -1.226656 1.503213 -2.197241 1.460550 1.975113 -0.037229 -0.621431 
-1.398056 4.604657 -4.143759 -1.726317 2.143123 -1.646915 -0.982608 1.837918 -2.370845 1.167325 1.392941 -0.430543 -0.493505 
-1.004134 4.583343 -3.666934 -1.496882 2.232455 -1.807992 -1.386435 2.144994 -2.897505 1.397230 1.211165 -0.557098 -0.187716 
-1.818068 4.870156 -1.314503 -1.120929 1.695199 -1.575748 -2.728969 0.945783 -2.460410 1.919206 1.428817 -1.302086 -0.219806 
-2.780855 4.333220 0.099487 -0.202618 2.312201 -0.674987 -2.904804 0.761955 -1.688004 1.229662 1.408604 -2.118319 -0.473621 
-3.523703 2.981043 1.679049 -1.242465 0.786832 0.343901 -2.488807 1.305317 -1.197976 0.670407 0.630429 -0.918806 -0.073295 
-4.568498 2.077895 1.718611 -1.781347 0.064548 -0.034535 -2.881468 1.505607 -1.279213 0.250876 0.658231 -0.780949 0.243957 
-4.859146 1.725203 1.706784 -1.498391 1.216521 1.361637 -2.075247 2.276724 -1.149423 -0.058187 2.155274 -0.739326 -0.590312 
-3.801630 1.746618 1.119956 -1.012182 1.067925 1.110175 -0.818980 2.370550 -1.342832 0.185215 1.423356 -0.883095 -0.288721 
-2.723355 2.282136 1.574287 -1.446696 0.942081 0.988719 -2.002488 2.245213 -1.544825 0.085260 0.573905 -0.823248 0.056945 
-2.911511 2.155900 1.464813 -1.529437 1.111587 1.030027 -2.257860 2.051401 -1.456060 0.008680 0.652843 -1.101195 -0.162153 
-3.581645 1.927068 1.379215 -1.452525 1.079237 0.813207 -2.205131 2.024921 -1.459470 0.038821 1.125241 -1.324276 -0.309438 
-3.070871 2.035364 0.874773 -1.708561 1.111501 0.852822 -1.941255 2.270140 -1.550668 -0.089150 1.169550 -0.933761 -0.250361 
-2.859645 2.039606 0.898838 -1.678825 1.042022 0.777314 -2.015037 2.290334 -1.493824 -0.053224 0.995126 -0.803583 -0.165737 
-2.901273 1.937807 1.130476 -1.660649 0.913808 0.743971 -2.055291 2.422373 -1.473048 -0.020051 0.942105 -0.840040 -0.136493 
-2.912851 1.907044 1.034384 -1.691444 0.959077 0.776245 -2.039810 2.417808 -1.465279 -0.055248 0.945425 -0.885385 -0.136117 
-2.870516 2.044487 1.167395 -1.575522 0.994219 0.756129 -2.039800 2.413784 -1.429954 -0.029414 0.852319 -0.866645 -0.102111 
-2.777796 1.879277 1.357143 -1.402751 0.956693 0.842115 -2.030451 2.269697 -1.561130 -0.191398 0.691162 -0.894199 -0.208926 
-2.842342 1.904286 1.436480 -1.333639 1.022356 0.853054 -2.107549 2.245287 -1.530624 -0.211489 0.708441 -0.909786 -0.227106 
-2.966067 1.910364 1.182960 -1.589410 0.982426 0.811531 -2.094277 2.254881 -1.562241 -0.261645 0.878630 -0.795160 -0.185162 
-2.892210 1.889609 1.177824 -1.641304 1.004191 0.912233 -2.020226 2.335859 -1.618365 -0.337746 0.907212 -0.858159 -0.307877 
-2.759897 1.948007 1.217113 -1.723331 0.996255 0.840193 -2.254103 2.336476 -1.524344 -0.098211 0.939595 -0.908689 -0.192692 
-2.875247 2.060856 1.358206 -1.613702 0.981008 0.817129 -2.118201 2.413280 -1.559469 -0.026253 0.947250 -0.873575 -0.138489 
-2.859462 2.067113 1.348555 -1.651836 0.979015 0.830374 -2.085905 2.447516 -1.571653 -0.063319 0.958950 -0.899672 -0.168476 
-2.856073 2.023811 1.289729 -1.721601 1.046010 0.863846 -2.179552 2.419872 -1.618127 -0.185834 0.982100 -0.926612 -0.183584 
-2.944980 2.017065 1.265474 -1.738993 1.021063 0.773823 -2.268948 2.398875 -1.522722 -0.089401 0.987415 -0.959917 -0.191195 
-3.065231 2.047532 1.452184 -1.791879 0.992145 0.881021 -2.285540 2.582591 -1.561533 -0.108604 0.991232 -0.937458 -0.206510 
-3.836651 1.308304 0.665096 -1.303444 1.203587 0.397259 -2.200180 2.366330 -0.503489 -0.843570 0.481287 -0.713232 -0.256276 
-3.826523 1.402506 0.726061 -1.222169 1.182851 0.368920 -2.123508 2.294785 -0.464823 -0.704582 0.596725 -0.692385 -0.227760 
-3.146069 2.001312 1.235849 -1.775970 1.004609 0.890501 -2.005167 2.473083 -1.455246 -0.170570 1.102358 -0.807673 -0.117989 
-2.990960 2.048169 1.334550 -1.670576 1.088417 0.807133 -2.226580 2.635985 -1.509241 -0.109616 1.007456 -0.966545 -0.210182 
