-2.861284 1.873844 1.323729 -1.715362 1.006818 0.850417 -2.268687 2.444098 -1.609492 -0.098166 1.002974 -0.918590 -0.110085 
-2.922620 1.801988 1.226201 -1.727376 0.949214 0.755007 -2.210307 2.555336 -1.386539 -0.062580 0.945731 -1.041494 -0.164357 
-2.924911 1.855066 1.377173 -1.306745 1.062574 0.552083 -2.256008 2.492623 -1.447368 -0.218064 1.090936 -0.965255 -0.105779 
-2.803101 1.856706 1.311621 -1.706440 0.942062 0.818457 -2.268590 2.381335 -1.516520 -0.084895 0.965420 -0.857991 -0.112758 
-2.807815 1.970842 1.321706 -1.680591 0.986315 0.799829 -2.261441 2.428756 -1.548995 -0.055286 1.050282 -0.870319 -0.133688 
-2.846030 2.031192 1.310494 -1.646832 1.051743 0.786402 -2.224409 2.468517 -1.567295 -0.131951 1.002501 -0.885156 -0.128057 
-2.884820 2.001569 1.198270 -1.719570 1.076619 0.812118 -2.206758 2.413955 -1.553335 -0.181083 1.083501 -0.823577 -0.132001 
-2.990220 1.991036 1.230807 -1.760870 1.069119 0.869892 -2.162754 2.480265 -1.585219 -0.158962 1.073280 -0.896809 -0.194607 
-2.991318 2.094024 1.233018 -1.726929 1.139445 0.775748 -2.219905 2.555646 -1.487861 -0.147238 1.051666 -0.951684 -0.168287 
-3.055886 2.345037 1.368933 -1.698188 1.208504 0.832748 -2.212052 2.497937 -1.473191 -0.069910 1.173034 -0.904524 -0.114575 
-2.859592 2.247546 1.410072 -1.868989 0.967760 0.850075 -2.311552 2.430799 -1.330256 -0.136051 1.115960 -0.890254 -0.165517 
-2.965736 2.029303 1.332124 -1.926199 0.966823 1.037115 -2.205130 2.408347 -1.404888 0.051244 1.029917 -0.768927 -0.333161 
-3.346936 1.713986 0.966470 -1.861674 0.717941 0.745932 -2.103973 2.100841 -1.096336 -0.198210 0.957069 -0.897288 -0.314138 
-3.136866 1.698387 0.585009 -1.531721 0.875515 0.480820 -2.060515 1.697083 -0.660841 0.576985 1.357015 -0.726037 -0.272901 
-3.202687 1.971300 0.155671 -1.441815 0.961656 0.621529 -1.593562 0.788816 -1.339317 0.353293 1.439110 -0.605434 -0.305300 
-3.291646 1.690775 -0.651775 -1.764234 0.757944 0.602640 -1.181484 0.621247 -1.498951 0.251597 0.978819 -0.333552 -0.405357 
-4.070231 1.635864 -1.460208 -1.763124 0.805908 0.149252 -1.456457 -0.222626 -1.518540 0.125041 1.041522 -0.189603 -0.398422 
-4.145559 1.549755 -1.563046 -1.813874 0.573458 -0.201420 -1.781316 0.104611 -0.745436 0.259768 0.295628 -0.730838 -0.590410 
-3.902536 1.832940 -0.231587 -1.159107 0.590285 -0.262167 -2.055254 0.512979 -0.398749 0.358806 0.119492 -1.249331 -0.920827 
-3.644334 2.659013 0.054859 -0.959709 0.882877 -0.272078 -2.237151 -0.015989 -0.928961 0.293812 0.856686 -0.835629 -0.922425 
-3.324942 2.620246 -0.685292 -1.221842 0.640252 -0.250505 -1.253784 0.426600 -0.990404 0.425804 0.496992 -1.036686 -0.823819 
-3.408635 1.753458 -0.817318 -0.870997 0.806180 -0.110897 -0.870834 0.908763 -0.768792 0.052289 1.089552 -0.194916 -0.249362 
-3.969470 1.669187 -1.093116 -0.837190 0.877923 -0.634666 -1.460208 0.508733 -1.295466 -0.049168 2.058027 0.472638 0.119962 
-3.849190 1.580094 -1.056202 -1.033083 0.036262 -1.139414 -1.120309 0.788730 -1.161818 -0.232133 0.804924 -0.700803 -0.131428 
-3.496894 1.374585 -1.823599 -0.943486 0.758970 -0.084788 -0.115174 0.382792 -0.788897 -0.442324 1.047917 -0.876264 -0.432683 
-3.768112 1.708207 -1.665451 -0.949931 0.984046 0.180027 -0.032269 0.504629 -0.893397 -0.216466 1.702521 0.014980 -0.553260 
-3.604947 1.770658 -0.988021 -1.374511 0.288299 -0.076038 -0.657835 0.892036 -0.854955 0.536211 1.135262 0.189721 -0.892468 
-2.852159 3.151534 -0.007138 -1.570807 1.061242 0.651397 -1.235001 1.519837 -1.143619 0.949463 1.031448 -0.431334 -1.293208 
-1.140580 4.768438 -0.969124 -0.387934 2.180252 -0.310520 -1.572974 0.897933 -3.253067 0.614058 0.488571 0.030282 -0.157924 
-1.090617 4.897612 -2.121201 -0.290798 2.329589 -0.967105 -1.560014 0.494615 -3.389121 0.612226 0.585596 -0.156912 -0.308683 
-2.049742 4.280019 -3.047879 -0.658151 1.816811 -1.729918 -1.740560 -0.053636 -2.870735 0.745930 1.145749 -0.264277 -0.014244 
-2.389980 3.528913 -4.014084 -1.193303 1.429992 -1.933993 -1.506277 -0.020875 -1.961787 0.824281 1.223283 -0.146284 -0.245602 
-1.887477 3.579505 -4.823866 -1.301203 1.383854 -2.345783 -1.181127 0.394759 -2.130804 1.096777 1.236572 0.034588 -0.419388 
-2.092004 3.574184 -5.760446 -1.118696 1.539550 -3.079200 -0.817531 0.721282 -2.220135 1.328966 1.826006 -0.227354 -0.142781 
-2.596536 3.411057 -5.566902 -1.213705 1.316667 -2.895261 -0.837662 0.665845 -1.543012 1.378101 1.881004 0.338431 0.024109 
-2.656051 3.255000 -5.224422 -1.031750 1.343018 -2.553885 -0.573397 0.715694 -1.234194 1.289256 1.589827 0.114681 -0.317311 
-2.688175 3.016022 -5.235346 -1.440632 0.799993 -2.634189 -0.648395 0.655679 -1.426895 1.193204 1.346300 0.214690 -0.521324 
-2.638602 2.692776 -5.531197 -1.949959 0.635543 -2.398597 -0.718316 0.464613 -1.531936 1.302398 1.347610 0.216091 -0.596329 
-2.174394 3.320216 -5.313171 -1.927533 0.954301 -2.440915 -1.126884 0.600595 -1.877898 1.616661 1.303902 0.242180 -0.497546 
-2.475796 3.662002 -5.686353 -2.012357 1.262352 -2.372293 -0.785191 0.702628 -2.008842 1.420852 1.696756 0.316911 -0.414172 
-2.355931 4.305310 -5.811260 -2.349128 1.646357 -2.383739 -0.953331 0.927236 -2.458943 1.139541 1.917372 -0.159248 -0.704422 
-2.441722 3.980510 -4.601492 -2.675990 1.123338 -1.776395 -1.275662 0.814128 -2.283498 0.720732 1.359127 -0.219277 -0.867655 
-2.816057 3.021816 -2.923168 -2.361848 0.518362 -1.141862 -1.247054 0.935167 -1.619252 0.618752 0.785520 -0.384873 -0.611758 
-2.985214 2.721260 -2.327863 -1.967019 0.680694 -0.979721 -1.670113 0.621715 -1.447555 1.084876 1.329914 0.043942 -0.384927 
-2.571709 3.087711 -2.787287 -1.600353 1.024287 -1.510064 -1.871983 0.472916 -1.884447 0.985673 1.357399 -0.271884 -0.356726 
-2.294106 3.560070 -1.769760 -1.024580 1.459083 -1.125147 -1.802489 0.561712 -2.542540 1.158659 1.476954 -1.178700 -0.744601 
-2.503932 3.596208 -0.336839 -0.714898 1.490149 -0.389017 -1.821463 0.625862 -2.627189 0.914524 1.244487 -1.589211 -0.688595 
-2.695667 2.740238 0.956048 -0.988110 1.411169 0.700185 -1.963790 1.810685 -1.600577 0.384436 1.010361 -0.942209 -0.003567 
-2.788398 1.895126 0.687656 -1.199975 0.931551 0.723702 -1.493888 1.818588 -1.203308 -0.013424 0.594312 -0.759556 -0.401047 
-2.829650 2.075473 0.972352 -1.305153 0.878251 0.838378 -1.660792 1.870974 -1.297602 0.087200 0.624115 -0.606208 -0.337369 
-3.489695 2.008735 1.032513 -1.643040 0.912168 1.183847 -1.876042 1.424731 -1.616460 0.466864 1.442904 -0.928172 -0.554702 
-4.165582 1.269870 0.758158 -0.528892 1.064203 0.433989 -1.729645 1.291346 -0.415498 0.356084 1.350103 -1.703754 -0.571383 
-4.078364 1.297529 -0.225114 -0.786161 1.655606 0.767760 -1.683662 0.768684 -0.504345 0.243333 1.607077 -1.322640 -0.454632 
-3.828667 1.678102 -0.810365 -1.571314 1.636711 0.867852 -1.566449 0.597401 -0.972065 0.150440 1.695895 -1.252281 -0.590677 
-3.178572 2.031509 0.432886 -1.881598 1.138326 1.010029 -1.747110 1.732060 -1.305738 0.331760 1.233377 -0.813335 -0.350523 
-2.802230 1.958896 1.054457 -1.714046 1.096325 1.005865 -2.105101 2.044499 -1.529345 -0.082752 1.026676 -0.747390 -0.043494 
-3.018356 1.931029 1.352778 -1.753099 0.952833 0.852169 -2.368380 2.181555 -1.474248 -0.123051 1.062005 -0.761657 -0.041666 
-2.921565 2.014304 1.254764 -1.801273 1.072021 0.943291 -2.165153 2.486259 -1.529473 -0.082559 1.048339 -0.852368 -0.177556 
-2.929847 2.071849 1.258979 -1.833008 0.992582 0.851723 -2.074295 2.595098 -1.584543 -0.137898 0.968147 -0.874961 -0.187199 
-2.875390 2.027397 1.342184 -1.756630 1.037803 0.846419 -2.191493 2.562155 -1.589233 -0.071841 1.032715 -0.883239 -0.198543 
-2.904049 2.069466 1.489863 -1.681943 1.084741 0.870071 -2.228113 2.661613 -1.499181 -0.109385 1.087585 -0.879064 -0.125802 
-2.834237 2.114272 1.550496 -1.684687 1.086374 0.891496 -2.261650 2.673639 -1.587885 -0.098631 1.012155 -0.897189 -0.197729 
-2.944107 2.027150 1.294521 -1.816816 0.990743 0.828782 -2.242159 2.595362 -1.625986 -0.102580 1.014196 -0.947175 -0.219657 
-3.024786 1.886221 1.308285 -1.657505 1.051320 0.903339 -2.178958 2.571968 -1.486478 -0.055754 1.142400 -0.878304 -0.019642 
-2.850091 2.122196 1.399002 -1.561925 1.121118 0.975384 -2.062183 2.558925 -1.447804 0.077519 0.898715 -0.971361 -0.149982 
-2.695330 2.074139 1.395674 -1.523146 1.026213 0.796023 -2.195267 2.414766 -1.559307 0.085675 0.824158 -0.950668 -0.185135 
-2.788167 1.894545 1.228915 -1.604987 0.937304 0.705255 -2.242164 2.306328 -1.548177 -0.028330 0.835718 -1.006306 -0.203716 
-2.944716 1.718917 1.064379 -1.594759 1.018671 0.746089 -2.123781 2.323226 -1.536422 -0.121355 0.944757 -0.887000 -0.098964 
-2.888076 1.955448 1.280411 -1.689949 0.988838 0.843403 -2.131126 2.450949 -1.599420 -0.102681 0.964052 -0.837289 -0.099963 
-2.986091 1.982322 1.259135 -1.617747 0.929145 0.744383 -2.091274 2.381333 -1.474901 -0.125160 0.923049 -0.899827 -0.121303 
-2.983151 1.895686 1.147490 -1.635831 0.943775 0.767125 -2.074237 2.352184 -1.528131 -0.159160 0.914632 -0.889674 -0.123621 
-2.900411 1.807488 1.084795 -1.611966 0.923623 0.747185 -2.033517 2.412401 -1.496255 -0.093417 0.852200 -0.845119 -0.071024 
-2.868762 1.941473 1.103177 -1.550875 0.956493 0.710669 -2.008489 2.391089 -1.456429 -0.054484 0.864672 -0.929265 -0.082305 
-2.901746 2.085032 1.083033 -1.528663 1.046964 0.739595 -2.013128 2.313313 -1.372615 -0.066308 0.847692 -0.880108 -0.095735 
-2.831652 1.864016 1.115436 -1.602456 0.852598 0.706985 -1.999911 2.341258 -1.500015 -0.147482 0.767220 -0.808321 -0.140402 
