-2.908509 1.853771 1.338811 -1.660868 1.071549 0.852834 -2.301220 2.471488 -1.481797 -0.076724 1.108083 -0.924346 -0.148816 
-2.767345 2.062577 1.386007 -1.771925 0.963222 0.840581 -2.223238 2.568209 -1.631231 -0.054922 0.932574 -0.805955 -0.058039 
-2.932955 1.903892 1.117630 -1.634123 1.064385 0.793497 -2.115835 2.361947 -1.528487 -0.136579 1.025942 -0.968793 -0.166173 
-3.028778 1.943632 1.007868 -1.683382 0.993612 0.713686 -2.120713 2.273256 -1.546747 -0.169657 0.921844 -0.875049 -0.037955 
-2.796254 1.869820 1.120297 -1.477743 0.968301 0.629823 -2.097979 2.372422 -1.522158 -0.069381 0.909340 -0.923479 -0.168257 
-2.823614 2.005970 1.120962 -1.495156 0.901302 0.615315 -1.952554 2.403578 -1.457342 -0.073911 0.943113 -0.905332 -0.099545 
-2.835781 2.044653 1.108520 -1.510886 0.946880 0.596850 -2.055773 2.307102 -1.461204 -0.063489 0.840294 -0.934721 -0.110739 
-2.817119 1.854649 1.105767 -1.615859 0.876160 0.638690 -2.083105 2.318508 -1.562995 -0.048244 0.857776 -0.941616 -0.192601 
-3.020051 1.854836 1.043202 -1.539158 0.999118 0.552197 -2.156963 2.454086 -1.128498 -0.196990 1.021065 -1.051413 -0.196879 
-2.980386 1.774638 1.108324 -1.473865 1.092815 0.692622 -2.240881 2.225627 -1.374136 -0.293585 0.987347 -0.995647 -0.142640 
-3.038745 1.902133 1.087562 -1.577184 1.051589 0.826302 -2.089306 2.075761 -1.398944 -0.273091 0.979985 -0.856872 -0.185631 
-2.974763 2.660363 1.358526 -1.693489 1.006088 1.070746 -1.669116 2.127255 -1.457850 -0.274289 0.884793 -0.970710 -0.351529 
-2.673940 2.310152 1.522745 -1.730622 0.512738 0.916508 -1.816475 1.708286 -1.534320 -0.226075 0.753064 -0.253756 -0.074027 
-2.534931 2.720022 0.662615 -2.794034 -0.463246 0.302940 -1.610499 2.112155 -1.368453 1.031167 0.074077 -0.611885 -0.571195 
-3.240381 4.159698 0.156795 -3.328878 0.123848 0.752032 -2.468442 0.239372 -1.766421 0.615811 0.586771 -0.400628 -0.894808 
-3.105440 3.698740 -0.919640 -3.396308 0.074811 0.345439 -2.116932 0.516991 -1.598798 0.349262 -0.257865 -0.291552 -0.600476 
-3.212531 2.647637 -1.499478 -2.563773 0.482716 0.218606 -1.323183 1.042071 -0.758535 0.551306 -0.081185 -0.301770 0.100666 
-3.381504 2.101863 -2.432340 -1.596160 1.676280 0.256154 -1.191381 0.672634 -0.050892 0.612830 0.766566 -0.360631 0.010166 
-3.203592 2.227520 -3.271659 -2.181457 1.165986 0.100598 -0.592906 0.542926 -0.284170 0.508296 0.616125 -0.502931 -0.595891 
-3.527704 2.054531 -3.128910 -2.809646 0.150642 -0.048075 -0.274796 0.752628 -0.617774 0.547849 0.397907 -0.221783 -0.849452 
-3.441009 1.790663 -2.712336 -2.391085 0.363784 -0.128461 -0.820695 0.613226 -0.215124 0.319102 0.143414 -0.366745 -0.818934 
-3.662532 1.315660 -2.936465 -2.036798 0.550491 -0.126037 -0.510206 0.832726 -0.242245 0.073174 0.209622 -0.135749 -0.316787 
-4.337752 0.906684 -3.529928 -2.140477 0.428378 -0.219517 -0.352454 -0.045388 -0.742669 -0.025913 0.476861 -0.361235 -0.143845 
-3.872547 1.383785 -2.960725 -1.619351 1.117807 0.727523 0.071268 -0.618898 -0.654085 0.283197 0.828826 -0.706223 -0.081287 
-3.418756 1.910937 -2.647907 -2.140885 0.042251 -0.111498 -0.575162 -0.243003 -0.594594 1.013434 0.282854 -0.467835 -0.609233 
-3.944103 1.422441 -3.190518 -2.285642 0.094794 -0.235976 -0.972835 -0.721735 -0.274117 0.938637 0.145513 -0.615068 -0.768005 
-4.198740 0.729786 -3.744315 -2.097043 1.026627 0.612968 -0.460878 -0.547604 0.398000 -0.086221 0.256598 -0.459865 -0.904696 
-3.919277 0.795418 -3.001584 -1.779980 0.673341 0.603242 -0.129043 -0.417918 0.228328 0.396776 0.163795 -0.538198 -0.282922 
-3.436376 1.871095 -2.552813 -1.738323 0.427858 0.019463 -0.486701 -0.435846 -0.463487 0.822436 0.266511 -0.761413 0.038131 
-3.878029 1.975529 -2.283378 -1.753958 0.523146 -0.455014 -1.218223 0.103490 -0.424035 0.394674 0.217171 -0.471545 0.198731 
-3.439247 2.072539 -1.011095 -1.436100 0.822408 0.230397 -1.087422 1.039059 -0.201977 0.594502 0.466099 -0.586194 -0.229881 
-1.849771 5.353878 0.488501 -0.172051 1.988988 0.265875 -0.968611 1.426211 -2.974494 0.060328 0.327112 -0.191099 -0.538673 
-0.588357 5.451221 -2.287129 -0.517559 2.217473 -1.328291 -1.017020 1.745423 -3.124222 0.556554 0.145888 -0.351855 -0.488743 
-1.121293 5.366491 -3.881830 -0.695453 2.347481 -2.006666 -1.123546 0.886786 -2.826020 0.694774 0.895514 -0.302155 -0.227465 
-1.371646 4.792649 -4.799952 -0.605419 2.212279 -2.675172 -1.277809 0.450983 -2.972183 0.752063 1.226418 -0.225854 -0.038786 
-1.916429 3.876951 -4.829832 -0.831451 1.581861 -2.484820 -1.117893 0.114861 -2.209461 1.242918 1.295191 0.185477 0.180349 
-2.827772 3.082006 -3.493174 -1.301279 0.708045 -1.674299 -1.175745 -0.053291 -1.462492 1.092693 1.123380 0.540699 0.059303 
-3.052044 2.070103 -3.527378 -0.727784 0.519638 -1.615846 -0.455332 0.039504 -1.080421 0.819332 0.490021 0.048198 0.227094 
-2.616322 2.245405 -4.103565 -0.825845 0.528466 -1.812846 -0.196691 0.324438 -1.189606 0.819079 0.199547 0.048340 0.073830 
-2.214900 2.840524 -4.947471 -0.750763 1.183393 -2.340315 -0.345290 0.776501 -1.284256 0.518315 0.466011 -0.100235 -0.199503 
-1.948476 2.866073 -5.118870 -0.488045 1.526378 -2.405594 -0.321687 0.849725 -1.643790 0.477690 0.376567 -0.223320 -0.081599 
-1.750031 2.767102 -3.792243 -1.014275 1.153161 -1.640327 -0.838348 0.974895 -1.624103 1.036681 0.435212 0.230718 -0.218030 
-2.644028 2.745304 -3.588234 -2.118405 0.347688 -1.159585 -0.757064 0.602466 -1.276752 1.218023 0.865056 0.499349 -0.481043 
-2.470297 3.875474 -4.668156 -2.419996 0.799505 -1.866646 -0.787257 1.079148 -1.894222 1.303271 1.436266 0.670377 -0.437564 
-2.255487 3.990082 -4.534505 -2.504619 1.016907 -1.856684 -1.181523 1.099339 -2.176898 1.441881 1.614220 0.579042 -0.608573 
-2.232323 4.171883 -3.887177 -2.096230 1.379001 -2.015973 -1.713226 1.122288 -2.281494 1.068491 1.756239 0.082589 -0.447727 
-2.568842 3.373969 -2.473707 -1.781696 0.940759 -1.289950 -1.682230 0.928361 -1.492156 0.888812 0.875614 -0.452335 -0.216447 
-2.571247 2.925161 -1.464839 -1.625728 0.668691 -0.897528 -1.777853 1.055270 -1.455221 0.750511 0.450331 -0.740314 0.070219 
-2.685106 2.757367 -0.285547 -1.317378 0.866535 -0.230901 -2.207501 0.674552 -2.044923 0.601699 0.719751 -0.657712 0.125742 
-2.873851 2.968193 0.588364 -1.513106 1.587514 0.789280 -1.901881 2.193299 -1.951536 0.109463 0.995008 -1.085261 -0.272440 
-2.509466 2.332471 0.922681 -1.285002 0.637206 0.492744 -1.670333 1.658168 -1.752483 0.343162 0.227264 -0.834944 0.040836 
-2.793072 2.275556 0.862669 -1.428139 0.731477 0.542778 -1.864494 1.520965 -1.790403 0.327812 0.474849 -1.046662 -0.129955 
-4.637671 1.942099 0.610283 -0.627512 2.224615 1.300305 -1.947159 1.042975 -1.107277 0.989731 1.959239 -2.292687 -0.932272 
-3.575926 2.047754 0.116102 -1.027774 1.692714 0.995637 -1.591085 0.868816 -1.359451 0.408276 1.269257 -1.354428 -0.499961 
-3.246782 1.880982 0.245866 -1.488081 1.088261 0.882335 -1.337762 1.507794 -1.564439 0.288554 1.261659 -0.994207 -0.559139 
-3.169783 1.848212 0.251926 -1.339990 1.284807 0.838112 -1.490016 1.651171 -1.289061 0.091654 1.136801 -0.908549 -0.308797 
-3.166835 1.716228 0.457508 -1.280162 1.471166 0.969296 -1.735002 1.753897 -1.254444 -0.178611 1.100800 -0.671220 -0.019258 
-2.916995 2.083794 0.673506 -1.800636 1.228411 1.035660 -1.752278 2.361946 -1.613063 -0.376271 0.768636 -0.833081 -0.012068 
-2.861778 2.087809 1.066618 -1.471225 0.926538 0.520676 -1.925045 2.408155 -1.730380 -0.395905 0.970333 -0.855302 -0.032958 
-2.864598 1.853746 1.093846 -1.540845 0.928985 0.682218 -2.021702 2.293299 -1.603596 -0.296199 1.018940 -0.852492 -0.052996 
-2.798578 1.930499 1.296490 -1.639062 0.993770 0.859972 -2.171893 2.358414 -1.530569 -0.119533 0.951026 -0.892634 -0.137539 
-2.800603 1.989439 1.303131 -1.637855 1.037149 0.885007 -2.144298 2.423652 -1.518249 -0.149119 0.997609 -0.880673 -0.151395 
-2.836166 1.973836 1.283948 -1.671665 1.055970 0.896409 -2.137708 2.435438 -1.553905 -0.179799 0.976851 -0.918235 -0.125058 
-2.949454 2.217604 1.366717 -1.790001 0.970466 0.720820 -2.334928 2.392961 -1.586754 -0.132090 1.034394 -0.960109 -0.123798 
-2.999129 2.106592 1.476315 -1.654401 1.014191 0.787536 -2.266724 2.410293 -1.619963 -0.213446 1.032478 -0.992296 -0.198455 
-2.886615 2.230137 1.112294 -1.887261 0.903249 0.612318 -2.153558 2.569902 -1.444561 0.120537 1.118430 -0.724040 -0.180549 
-2.843142 2.377634 1.200961 -1.893479 0.972100 0.644560 -2.180045 2.660636 -1.470420 0.098565 1.075567 -0.709304 -0.150726 
-2.595739 0.489351 1.141263 -1.100137 1.105639 0.815113 -2.120784 2.643077 -1.601905 0.046616 1.135444 -0.824697 -0.022510 
-3.340811 0.716071 0.989527 -1.293823 0.896139 0.735032 -1.923738 2.503860 -1.213947 -0.103369 1.085748 -0.749257 -0.287055 
-3.832584 1.620797 1.536666 -1.721992 0.393455 0.754346 -1.890283 2.102997 -1.331110 -0.450859 0.975125 -0.667130 -0.309697 
-3.420033 1.613060 1.550243 -1.490031 0.662748 0.832968 -1.928878 2.126961 -1.495078 -0.210569 0.872555 -0.795666 -0.208164 
-3.104939 2.129287 1.456823 -1.442420 0.869441 0.897448 -1.707994 2.375178 -1.433144 0.110249 0.927722 -0.858988 -0.216149 
-2.835151 2.217490 1.439603 -1.439871 1.038626 0.833437 -1.991807 2.420207 -1.463778 0.043893 0.824158 -0.832880 -0.129369 
-2.862204 1.868121 1.132925 -1.539791 0.974415 0.728696 -2.086063 2.293555 -1.461994 -0.049084 0.934339 -0.824914 -0.072281 
-2.993409 1.708082 1.040878 -1.623975 0.963550 0.749050 -2.086560 2.268886 -1.420520 -0.118987 0.953981 -0.877523 -0.137485 
