-2.845351 1.933693 1.315827 -1.668852 1.036610 0.872288 -2.204207 2.459567 -1.487382 -0.027184 1.044779 -0.879128 -0.146797 
-2.923527 1.844620 1.270071 -1.692644 0.989503 0.798973 -2.223477 2.421555 -1.543238 -0.152855 0.946999 -0.962325 -0.097994 
-2.797642 1.841758 1.184643 -1.573165 0.943249 0.556719 -2.214787 2.598752 -1.388597 -0.087395 0.923006 -1.012133 -0.169479 
-2.839042 1.939054 1.394604 -1.390605 1.017684 0.518139 -2.315118 2.584706 -1.503828 -0.176706 1.123556 -0.966192 -0.179211 
-2.781349 1.776220 1.423207 -1.696323 1.003688 0.941165 -2.324540 2.444296 -1.655888 -0.114071 0.991507 -0.881080 -0.111596 
-2.735894 1.935822 1.296415 -1.576719 0.999812 0.814606 -2.135053 2.440812 -1.475018 -0.023094 0.847366 -0.891097 -0.114429 
-2.824274 1.904685 1.339031 -1.682127 0.999475 0.882878 -2.215666 2.451411 -1.546209 -0.084831 0.913460 -0.935800 -0.127326 
-2.847089 1.867287 1.368096 -1.697988 1.032499 0.911007 -2.234112 2.459086 -1.608987 -0.073218 1.016447 -0.928975 -0.189627 
-2.888753 1.988081 1.335931 -1.751635 0.963241 0.820950 -2.212710 2.440941 -1.649083 -0.114074 0.929906 -0.963986 -0.179724 
-2.853806 2.096872 1.402517 -1.713538 0.997846 0.813765 -2.218917 2.497551 -1.606300 -0.056818 0.992258 -0.901188 -0.131505 
-2.896360 2.000029 1.384492 -1.752177 0.996869 0.808790 -2.316185 2.485181 -1.552350 -0.135345 1.074145 -0.941213 -0.162348 
-2.896812 2.004377 1.466541 -1.766513 1.005058 0.850238 -2.308424 2.555478 -1.550902 -0.080971 1.144804 -0.910321 -0.123531 
-2.912410 2.080420 1.465677 -1.714696 1.059886 0.849297 -2.366421 2.523305 -1.592783 -0.043904 1.063965 -0.989388 -0.172223 
-3.021955 2.038922 1.358850 -1.741323 1.029828 0.765357 -2.391221 2.505612 -1.617683 -0.181717 0.962732 -1.069639 -0.207364 
-3.046207 1.975334 1.349389 -1.720048 0.942976 0.809616 -2.301020 2.366868 -1.513135 0.010304 1.093446 -1.015846 -0.144792 
-3.066165 2.128511 1.195054 -1.639466 1.091570 0.934873 -1.898767 2.560971 -1.570492 0.143578 1.139687 -0.883616 -0.311193 
-2.334978 2.484153 1.214467 -1.737853 0.639072 0.574398 -1.871364 2.242960 -1.489464 -0.300030 0.931607 -0.935453 -0.374669 
-2.262824 1.947751 1.225601 -1.877266 0.159061 0.311992 -2.602930 1.997430 -1.608363 0.151866 0.644913 -0.614885 -0.204663 
-3.129975 2.461350 0.762799 -2.085483 0.317708 0.319606 -2.322253 1.567899 -1.674135 0.145872 0.950352 -0.058929 -0.160912 
-2.706106 3.965859 0.151457 -2.736569 0.471998 0.754978 -1.399309 1.480071 -1.694526 -0.006728 0.767125 -0.278172 -0.172469 
-2.668341 3.791538 -1.157682 -2.284639 1.186286 0.683924 -0.975025 1.076272 -0.964888 0.855633 1.103237 -0.405898 -0.420444 
-3.129753 2.906603 -1.454190 -1.598764 0.718293 -0.392527 -1.170169 0.589777 -1.184461 0.502100 1.302112 -0.073709 -0.054855 
-3.657956 1.975823 -1.401943 -1.197944 0.446598 -0.604655 -1.166694 0.317632 -0.855410 0.135316 0.855511 0.027135 -0.187003 
-4.131889 1.599993 -1.341405 -1.044474 0.906586 -0.199479 -1.344849 0.176549 0.102157 -0.145629 0.990613 -0.282800 -0.447506 
-4.332205 1.468147 -1.573377 -0.910980 1.033341 -0.009568 -1.328915 -0.804111 -1.013359 0.140218 1.331808 -0.184445 -0.274144 
-3.743314 1.808176 -2.410127 -1.940974 0.767031 0.681901 -0.242380 -0.581092 -1.173657 0.278703 1.239878 -0.099987 -0.336578 
-3.622468 1.722393 -1.643387 -1.495638 0.888099 0.658798 -0.232912 0.350252 -1.872103 -1.166000 0.030649 -0.053303 -0.302009 
-4.215262 1.008645 -1.621373 -0.410364 1.544601 0.521622 -0.834535 -0.788373 -1.470467 -0.990581 0.344727 0.062614 -0.207809 
-4.615573 0.342473 -2.603264 -0.359852 2.122652 1.061699 -0.189619 -0.540729 0.063912 -0.688619 0.637312 0.283234 0.102649 
-4.573403 0.177913 -2.297021 -0.332684 1.995206 1.092014 -0.068016 -0.100211 -0.166585 -0.168224 1.154281 0.421106 0.085312 
-4.418849 0.643319 -1.336597 0.046899 2.211248 0.892028 -0.540812 0.335653 -0.595435 0.004992 1.641718 -0.023010 -0.144324 
-4.467577 0.914828 -1.014046 0.201974 2.316783 1.284556 -0.175128 0.527565 0.079148 0.106908 1.273782 -0.483845 0.044833 
-4.277835 0.941914 -1.365409 -0.200651 2.085067 1.115350 -0.503783 0.109406 -0.145673 0.456561 1.762014 -0.291513 0.175274 
-2.868192 1.941965 -0.148041 -0.684387 1.075513 0.317895 -1.409832 0.876645 -1.393024 0.167433 0.594116 -0.394038 -0.189101 
-1.309697 4.533119 -0.022705 -0.174659 2.232391 0.414646 -1.565320 0.906581 -3.078305 0.887193 0.281275 -0.742181 -0.602268 
-1.045978 5.835541 -1.767859 -0.255660 2.763214 -0.580880 -1.366984 0.640962 -3.550249 1.009809 0.573008 -0.867755 -0.488293 
-1.743434 4.173197 -3.513255 -0.682913 1.968537 -1.554991 -1.331262 0.379674 -2.223340 0.250494 0.142073 -0.147600 0.088958 
-1.984885 3.631499 -3.883890 -1.144183 1.321634 -1.573524 -0.866270 0.368888 -1.692840 0.591826 0.319295 -0.228680 -0.219342 
-2.152401 3.774365 -4.276183 -1.548146 1.097949 -1.712876 -0.792716 0.426420 -1.659661 0.979767 0.745309 0.194723 -0.159790 
-2.261389 3.794925 -4.740565 -1.627392 1.167556 -1.964784 -0.736473 0.667025 -1.487938 1.302148 1.341346 0.652477 0.040248 
-1.912864 3.391003 -4.457083 -1.617964 0.796054 -1.959724 -0.661736 0.830729 -1.672955 1.200277 1.149872 0.805379 -0.164646 
-1.745087 3.208278 -4.648592 -1.741032 0.859180 -1.929654 -0.653671 1.016992 -1.844974 1.091604 0.903876 0.737390 -0.184976 
-1.812566 4.036147 -6.015402 -1.527608 1.256093 -3.035956 -0.661070 0.893270 -2.146426 1.243813 1.280473 0.381088 -0.015519 
-2.158558 3.838428 -6.463920 -1.763584 1.116145 -2.845561 -0.334037 0.634732 -2.204596 1.136274 1.205048 0.575324 -0.108052 
-2.527823 3.443372 -6.199416 -1.577366 0.966694 -2.997332 -0.357748 0.656403 -2.376671 1.000402 1.460933 0.612400 -0.180945 
-1.927218 4.142723 -5.928189 -1.720319 1.045775 -3.122950 -0.596947 1.100881 -2.470887 1.201674 1.409509 0.477823 -0.247440 
-1.527344 3.990939 -5.825428 -2.226505 1.372235 -2.501740 -0.713965 1.560753 -2.573869 1.487260 1.437141 0.374060 -0.489665 
-1.459898 4.830064 -5.415110 -2.557535 1.567102 -2.354757 -1.076937 1.654831 -2.816062 1.605959 1.724746 0.548719 -0.355873 
-1.873150 4.728000 -4.093232 -2.493975 1.320978 -1.956172 -1.540503 1.462748 -2.444215 1.093537 1.317784 0.154871 -0.400311 
-1.596723 4.356294 -3.264742 -1.669397 1.514430 -1.979022 -1.737348 1.526784 -2.608134 0.840710 0.766210 -0.528671 -0.319216 
-1.778441 3.744394 -2.626615 -1.400127 1.291897 -1.453495 -1.537982 1.080566 -2.524246 1.418635 0.845547 -0.634607 -0.113895 
-2.874763 3.754938 -0.525366 -0.655529 1.486432 -0.521614 -2.079120 0.045226 -2.638828 1.357075 1.539450 -1.484527 -0.172275 
-3.767687 3.283973 0.962046 -0.949992 1.822146 1.403925 -1.599443 0.695784 -1.611245 0.785968 1.504926 -1.360235 -0.134169 
-2.175419 2.068612 0.854624 -1.141161 0.833889 0.805377 -1.537623 2.128615 -1.339504 0.431780 0.572714 -0.495327 0.056493 
-2.498089 2.072084 0.842868 -1.048826 0.968373 0.868666 -1.458683 1.995880 -1.331938 0.499998 0.776058 -0.682912 -0.062388 
-4.274338 2.296352 1.061378 -0.050894 1.941367 1.134590 -1.249398 0.969286 -1.063471 1.066722 1.311832 -2.270135 -1.011397 
-3.323370 2.475135 0.476095 -0.270406 2.044477 0.897132 -1.705601 0.878524 -0.910190 0.722229 1.339309 -1.807024 -0.537632 
-3.750262 2.514856 -0.462115 -2.007212 1.690933 1.050972 -2.048705 0.340522 -1.530785 0.297523 1.793380 -1.182050 -0.393420 
-3.602612 2.486619 -0.004681 -1.996118 1.744507 1.322878 -1.997260 0.989803 -1.588890 0.012089 1.496163 -0.569484 -0.143906 
-3.362649 1.786623 0.664431 -1.739018 1.282584 1.487527 -1.549640 1.662428 -1.327177 0.465605 1.337579 -0.782323 -0.162805 
-3.032870 1.965913 0.969869 -1.639173 1.226156 1.079818 -1.886419 1.865257 -1.792859 0.080968 1.202875 -1.035390 -0.284984 
-2.765700 2.308185 1.182244 -2.011184 0.913283 0.796440 -2.120021 2.556460 -1.778802 -0.112467 0.839447 -0.720285 0.000818 
-2.969472 2.036454 1.175986 -1.858900 1.034831 0.884052 -2.195314 2.435965 -1.678981 -0.098109 0.996448 -0.815699 -0.229897 
-3.021026 1.974917 1.248212 -1.836731 1.005615 0.893649 -2.314009 2.341217 -1.669368 -0.244832 1.025984 -0.917720 -0.211397 
-3.010168 1.934625 1.353561 -1.746315 0.925966 0.828150 -2.279250 2.446764 -1.597980 -0.145352 1.092236 -0.914595 -0.121206 
-2.890997 2.085722 1.384858 -1.561486 1.041927 0.832912 -2.120035 2.591960 -1.470896 0.022857 1.009564 -0.913164 -0.138417 
-2.815337 2.208659 1.273564 -1.521722 1.014410 0.674232 -2.143237 2.387929 -1.522957 -0.036958 0.996753 -0.925854 -0.152163 
-2.822968 2.053427 1.042773 -1.595243 0.967066 0.597998 -2.126379 2.275118 -1.514847 -0.109072 0.995231 -0.898493 -0.168555 
-2.955351 1.798918 0.947644 -1.615885 1.004129 0.683599 -2.042900 2.295130 -1.448390 -0.146381 0.978387 -0.901928 -0.135260 
-2.952075 1.884993 1.243262 -1.626371 0.921953 0.771902 -2.082542 2.447757 -1.512617 -0.114103 0.946122 -0.885609 -0.092205 
-2.947991 1.910503 1.163665 -1.688609 0.919777 0.691823 -2.143430 2.516216 -1.416888 -0.051619 0.949791 -0.894870 -0.168703 
-2.909879 1.813080 1.104697 -1.739245 0.860904 0.692774 -2.117451 2.515821 -1.376986 -0.059713 0.957907 -0.902323 -0.120583 
-2.979579 1.893038 1.045581 -1.666924 0.859734 0.756615 -1.897619 2.354119 -1.406168 -0.164195 1.017393 -0.910088 -0.027466 
-3.045769 1.934380 1.097821 -1.572785 0.954331 0.696947 -2.023029 2.365827 -1.327743 -0.116926 0.936868 -0.916168 -0.042847 
-2.837253 1.951241 1.152260 -1.543607 0.975676 0.724995 -2.100875 2.325382 -1.468903 -0.017587 0.852488 -0.924626 -0.182368 
