-2.891840 1.835403 1.384016 -1.534729 1.223426 0.929603 -2.397841 2.418227 -1.414589 -0.146534 1.114200 -0.946896 -0.073881 
-2.980252 1.769632 1.266353 -1.630245 0.933533 0.805813 -2.134047 2.366749 -1.418413 -0.101317 0.909748 -0.907259 -0.094407 
-2.853530 1.958213 1.327973 -1.674675 0.983737 0.832766 -2.173890 2.477026 -1.531398 -0.094566 0.950938 -0.936016 -0.101033 
-2.861457 2.005002 1.383894 -1.634003 1.144982 0.912859 -2.279457 2.469578 -1.562652 -0.103190 0.965869 -0.929706 -0.136351 
-2.905163 1.998309 1.359833 -1.700200 1.048603 0.841538 -2.263408 2.428864 -1.577924 -0.109767 1.050366 -0.872278 -0.149495 
-2.967181 1.976945 1.352044 -1.783733 1.013458 0.853466 -2.285989 2.446581 -1.558753 -0.128998 0.981450 -0.925835 -0.186648 
-2.979177 2.058048 1.340845 -1.744006 1.028437 0.759978 -2.306857 2.559357 -1.504762 -0.093652 1.026884 -0.934754 -0.180001 
-2.944884 1.975811 1.443452 -1.696887 1.062536 0.878608 -2.290366 2.522768 -1.554437 -0.048553 1.053295 -0.932211 -0.171116 
-2.868131 2.079538 1.401693 -1.701165 1.100727 0.852773 -2.324659 2.491339 -1.517615 -0.062786 1.105421 -0.878459 -0.128398 
-2.819070 2.007798 1.450190 -1.700808 1.011352 0.829480 -2.258570 2.570874 -1.535749 -0.141564 1.084133 -0.980839 -0.154237 
-2.954383 2.004568 1.531352 -1.766377 0.962428 0.875903 -2.305220 2.619460 -1.702697 -0.146960 0.940227 -1.073692 -0.231883 
-3.009760 2.034978 1.204426 -1.781278 1.017587 0.770908 -2.288909 2.576518 -1.458533 -0.184310 1.108174 -0.995203 -0.069729 
-3.480297 2.459028 1.155487 -1.685556 0.880016 0.688919 -1.957305 2.041930 -0.750905 -0.062881 1.196022 -0.733973 -0.137370 
-3.694792 2.477731 0.595019 -1.977028 0.946814 0.932262 -1.644409 1.656706 -1.050742 -0.203179 1.319893 -0.491736 -0.105516 
-3.473116 2.247142 0.549901 -2.022833 0.927594 1.176206 -1.517588 1.535508 -1.391911 -0.120749 0.919055 -0.798608 -0.425205 
-3.903495 2.277625 -0.333323 -2.436145 1.279641 1.547237 -1.374878 1.016505 -1.619902 0.133902 1.281808 -0.384490 -0.800655 
-4.048666 3.142097 -0.593242 -2.628265 1.515058 1.458192 -1.729553 0.161174 -2.146466 -0.055526 1.451074 0.055641 -1.062557 
-3.903192 1.639250 -1.082498 -1.874297 1.252120 0.780986 -1.520743 0.486752 -1.296428 0.159274 0.893808 -0.371391 -1.417509 
-4.370621 0.806969 -2.145054 -1.865922 0.783377 0.527308 -0.462429 0.346113 -1.150203 0.086083 0.849832 -0.476677 -0.909028 
-4.477350 1.163224 -1.750192 -1.554092 0.190437 0.137327 -0.019582 -0.006090 -1.453023 0.308945 1.568674 -0.180193 -0.833288 
-4.712759 1.163373 -0.540901 -1.020862 0.053769 -0.052794 -1.034387 -0.833992 -1.208365 0.881826 1.540884 -0.862841 -1.347094 
-4.582253 0.720252 -0.215561 -1.117929 -0.084033 0.480483 -0.960704 -0.921538 -0.755161 0.150314 0.802082 -0.979748 -0.963500 
-4.782656 -0.038540 -1.154514 -0.798224 0.147578 0.121658 -0.451372 -0.157003 -0.084838 -0.141452 0.778527 -0.648112 -0.622011 
-4.907256 0.024954 -1.512709 -1.023077 -0.055487 -0.311912 -0.779778 -0.380720 -0.812127 -0.027081 1.029148 -0.089520 -0.421360 
-4.756247 -0.071200 -1.451215 0.056126 0.730957 -0.715993 -1.400720 -0.638873 -0.957623 -0.050725 0.971690 -0.075183 -0.717538 
-4.420857 -0.082928 -1.480802 0.181357 0.811594 -0.072141 -0.154032 -0.065681 -0.673729 0.003004 1.048763 -0.154017 -0.707302 
-4.652881 -0.290711 -0.961230 -0.050183 0.442732 0.569006 0.410435 -0.109941 -0.069182 -0.299579 1.238158 -0.380696 -0.636473 
-4.964056 0.022364 -0.870910 -0.253538 0.033257 0.133727 -0.438602 -1.319943 -0.647810 0.316695 1.423364 -0.505412 -0.289694 
-4.930629 -0.083011 -1.341911 -0.828469 -0.530538 -0.329033 -0.340301 -0.895568 -1.028920 -0.095278 0.971350 -0.491093 -0.581643 
-5.785697 -1.300184 -1.491902 -0.716692 -0.584628 -0.545619 -0.496860 -0.520297 -1.071563 -0.537630 0.522722 -0.694037 -0.551962 
-5.579238 -1.309283 -1.816017 -0.928545 -0.664502 -0.636293 -0.585404 -0.524680 -0.698285 0.331434 1.185191 -0.586902 -0.656555 
-4.822767 -0.356335 -1.544703 -0.945455 -0.040926 -0.122695 -0.555553 -0.062806 -0.629381 0.245971 0.715125 -0.450243 -0.437040 
-4.998975 0.192885 -1.304849 -0.897462 0.538332 0.122738 -0.723206 0.201128 -0.586594 -0.289087 0.713197 -0.282616 -0.268237 
-2.874084 4.232192 1.281756 -0.788836 2.135498 1.850880 -1.038329 1.592734 -1.754403 -0.081885 0.532604 -0.146306 -0.352297 
-1.605305 4.960378 -0.899566 -1.004791 2.072205 0.048881 -1.290356 1.225177 -2.959583 0.463830 0.335550 -0.513099 -0.281849 
-1.540792 4.955523 -3.389669 -0.559598 2.615534 -1.515130 -1.496979 0.557539 -2.572117 0.386611 0.875842 -0.423391 -0.366146 
-1.377192 5.140790 -4.916856 -0.547153 2.750454 -2.736665 -1.515116 0.747184 -2.868798 0.433098 1.391136 -0.365111 -0.322639 
-2.125863 4.262755 -5.346652 -1.062208 2.013111 -2.963104 -1.506831 0.503887 -2.400487 0.630749 1.594455 0.084814 0.156162 
-2.174575 3.995422 -5.983173 -1.474412 1.493802 -3.199904 -1.205145 0.619572 -2.130340 1.068571 1.292928 0.076661 0.142291 
-2.353018 3.383515 -5.976062 -1.487424 1.513171 -2.970382 -1.095329 0.747832 -1.918787 0.926087 1.349330 -0.002362 -0.135421 
-1.995302 3.855461 -5.748006 -1.911219 1.635822 -2.592072 -1.469483 0.846002 -1.753161 1.237616 1.132504 0.027477 -0.436010 
-1.858092 4.062048 -5.282463 -1.760918 1.757372 -2.490736 -1.461347 1.115309 -1.778408 1.352748 1.344221 0.028614 -0.455397 
-2.307776 3.275808 -4.694022 -1.850647 1.167539 -1.889287 -0.876017 1.035977 -1.394619 0.771027 0.927177 0.018435 -0.448000 
-2.545175 3.023714 -4.998284 -1.956537 0.971987 -2.126861 -0.918856 0.838387 -1.716617 0.462663 0.634157 -0.210415 -0.673422 
-2.874691 2.210574 -2.671681 -1.390853 0.091159 -1.336758 -0.693370 0.771439 -1.560273 0.741658 0.313422 0.191553 0.115000 
-3.060529 1.975367 -2.573747 -1.132316 0.271617 -1.110910 -0.391028 0.863150 -1.113244 0.900476 0.609753 0.022969 -0.130399 
-2.442224 3.591670 -4.491972 -2.025579 1.151528 -1.686243 -0.631062 1.292889 -1.500080 0.985466 1.334684 0.387174 -0.639936 
-1.902665 4.248146 -5.550102 -2.216547 1.747293 -2.132654 -1.010265 1.405636 -1.746299 1.219772 1.431034 0.243350 -0.608721 
-2.238478 3.977462 -5.139227 -2.562426 1.319808 -1.660341 -0.979799 0.902911 -1.554893 1.137888 1.269684 0.117465 -0.546490 
-2.560599 3.224296 -4.103278 -2.283699 0.607509 -1.533214 -1.044089 0.459070 -1.571948 0.918727 0.689450 -0.263620 -0.719133 
-2.650700 2.876261 -2.851453 -1.747879 0.523668 -1.219991 -1.065195 0.681211 -1.264897 1.149083 0.801435 -0.247757 -0.683343 
-2.397074 2.974649 -1.570120 -1.418834 0.594135 -0.883645 -1.605211 0.629223 -1.443616 1.576795 1.173104 0.029361 -0.330201 
-2.269223 4.282867 -1.922642 -0.843900 1.498442 -1.530537 -2.022313 0.297225 -2.206579 1.515931 1.484623 -0.969392 -0.078094 
-2.396925 4.390408 -1.134618 -0.661511 2.260998 -1.038074 -2.662679 0.533699 -2.358090 1.242229 1.226542 -1.965841 0.065765 
-2.988750 3.316404 0.680600 -1.730509 1.317561 0.674937 -2.381062 1.364178 -1.349312 0.613845 0.679646 -1.259936 -0.628331 
-3.387012 2.905415 0.793441 -1.545001 1.239685 0.818201 -2.177971 1.120478 -1.272694 0.690333 0.913429 -1.687490 -0.648385 
-3.661986 1.830822 1.156070 -0.024486 1.946495 0.849952 -2.126022 1.225310 -1.220024 0.300999 1.205613 -1.960603 -0.405701 
-3.746202 1.503648 0.964615 0.067291 1.692482 0.756202 -1.748845 1.049822 -0.991134 0.389107 0.971011 -1.741982 -0.187040 
-4.640514 1.649916 0.020700 -1.030321 1.784726 1.212786 -1.574951 -0.123378 -1.447678 0.410597 1.548598 -2.139961 -0.708001 
-4.247558 1.479778 -0.357809 -1.160765 1.984303 1.252593 -1.875474 0.283304 -0.521349 0.070953 1.601737 -1.228230 -0.224037 
-4.119273 1.341409 -0.264204 -1.295951 1.975827 1.310648 -1.984571 0.584976 -0.580753 -0.205026 1.461879 -1.055626 -0.065476 
-3.263810 1.791244 0.627382 -1.839337 1.188347 1.089408 -1.997328 1.887336 -1.452137 -0.090092 1.182492 -0.822074 -0.094382 
-3.010347 1.964681 1.064309 -1.764076 1.078449 0.887102 -2.214220 2.330664 -1.559098 -0.143704 1.090315 -0.909142 -0.174103 
-2.752762 2.200922 1.330224 -1.595606 1.166177 0.958543 -2.131536 2.461150 -1.614581 -0.070166 0.850461 -0.854089 -0.021852 
-2.753767 2.112672 1.287789 -1.588961 0.969930 0.754422 -2.088105 2.421453 -1.695829 -0.067809 0.813917 -0.852032 -0.068590 
-2.810927 2.009291 1.162876 -1.646739 0.897507 0.618044 -2.145222 2.426458 -1.543485 -0.066067 0.884958 -0.884406 -0.118317 
-2.850365 1.889722 1.168909 -1.611393 1.061436 0.805006 -2.183400 2.429425 -1.355614 -0.158800 0.997435 -0.929871 -0.099787 
-2.904777 1.897940 1.196998 -1.610061 0.988624 0.734491 -2.188896 2.389217 -1.526157 -0.106717 0.920645 -0.932195 -0.135359 
-2.829008 1.923351 1.056919 -1.703952 0.975463 0.731354 -2.154031 2.385361 -1.547315 -0.120141 0.897723 -0.940935 -0.155452 
-2.903057 1.909415 1.048927 -1.704910 0.926256 0.710419 -2.113800 2.370237 -1.534511 -0.108291 0.927415 -0.896428 -0.136311 
-2.878092 1.931957 1.062305 -1.605800 0.945199 0.665678 -2.097419 2.388737 -1.443473 0.030541 0.853503 -0.853885 -0.110274 
-2.773475 1.968374 1.039342 -1.581516 0.994142 0.705790 -2.049360 2.417938 -1.421156 -0.066990 0.943719 -0.800314 -0.077888 
-2.878629 2.067598 1.075366 -1.571113 0.943095 0.625633 -1.994271 2.352357 -1.422181 -0.131504 0.836293 -0.919448 -0.175306 
-2.831749 1.965223 1.130450 -1.593805 0.930223 0.661750 -2.096437 2.372063 -1.489849 0.052560 0.868469 -0.820941 -0.209450 
-3.340487 1.674444 1.107361 -1.910285 0.707264 1.125913 -1.818529 2.007617 -1.386755 -0.025187 0.891206 -0.552396 -0.396433 
