-2.878458 1.933424 1.370121 -1.730677 1.063340 0.885355 -2.308919 2.472527 -1.573938 -0.103765 1.086911 -0.926669 -0.133220 
-3.018289 1.744583 1.446842 -1.767340 0.984787 0.890545 -2.324721 2.455230 -1.615192 -0.141186 1.084359 -0.995536 -0.169101 
-3.002111 2.005242 1.326450 -1.767426 1.074440 0.877386 -2.226917 2.508212 -1.530452 -0.139855 1.124197 -0.999533 -0.163784 
-2.954486 1.922845 1.424821 -1.686530 1.039502 0.751276 -2.417922 2.439606 -1.609560 -0.137306 1.129166 -1.007939 -0.168925 
-3.007427 2.031357 1.383782 -1.756913 1.061320 0.759698 -2.380582 2.545487 -1.497401 -0.135427 1.083584 -0.935692 -0.172194 
-2.944222 2.058984 1.424631 -1.829779 0.946788 0.879911 -2.237099 2.577119 -1.483820 -0.066222 0.963997 -0.993390 -0.193105 
-2.907423 2.110456 1.482066 -1.796723 0.927979 0.882807 -2.221140 2.548596 -1.613232 -0.043119 0.953948 -0.957399 -0.243318 
-2.987811 2.035054 1.275149 -1.734713 0.992767 0.734277 -2.294483 2.533450 -1.597959 -0.109744 1.115133 -0.901936 -0.124306 
-2.884367 2.118322 1.398234 -1.598001 1.052318 0.859917 -2.144582 2.593349 -1.454201 -0.016520 1.071567 -0.946945 -0.126985 
-2.836930 2.083186 1.447199 -1.535195 1.058242 0.920376 -2.163354 2.422602 -1.555566 -0.004011 0.828079 -0.897900 -0.117282 
-2.795606 2.010397 1.139830 -1.776622 0.962317 0.864893 -2.160637 2.335581 -1.510221 0.006371 0.747232 -0.764711 -0.135624 
-2.992645 1.896669 1.041824 -1.771844 0.908184 0.852992 -2.027152 2.228904 -1.477134 -0.096579 0.912590 -0.709203 -0.135717 
-3.531883 2.011961 1.323880 -1.414114 1.176340 0.940867 -2.040424 1.965101 -1.442379 0.065583 1.168992 -0.638347 -0.475737 
-3.352529 2.036680 1.706172 -1.417998 1.065992 1.325459 -2.058460 1.841252 -1.083081 0.236415 0.931081 -0.426621 -0.414520 
-3.346659 1.693847 1.424634 -1.680076 0.844325 1.496668 -1.788304 1.910539 -0.900669 0.341464 0.145272 -0.358164 -0.450176 
-4.024988 1.854370 -0.483658 -2.177442 0.978651 1.318085 -0.991179 1.058055 -0.871358 0.095742 0.820588 -0.200297 -0.999359 
-3.131021 2.885197 -0.467345 -1.724176 0.934853 0.397574 -1.470970 0.376329 -1.681415 0.412584 1.265238 -0.617693 -0.922511 
-3.070735 2.317303 -0.038986 -1.495875 0.636429 0.423015 -1.655363 0.227765 -1.207767 0.995576 0.945101 -0.948366 -1.050953 
-4.341454 0.629485 -1.233176 -1.240290 0.534297 0.120201 -0.762534 0.656741 -0.495953 0.694127 1.216066 -0.683175 -1.068395 
-4.191494 0.790097 -0.861055 -1.032911 0.440605 0.112830 -0.592360 0.585687 -1.028036 0.479279 1.302242 -0.883823 -1.166752 
-3.566628 1.141874 -0.447923 -0.973475 0.725025 0.883073 -0.118026 0.471139 -1.349286 0.078869 1.441390 -0.306172 -0.576500 
-4.066711 0.268405 -1.596375 -0.948944 0.638299 0.452156 -0.150003 0.345710 -0.286301 0.643599 1.100129 -0.548331 -0.971506 
-3.947964 0.548965 -1.546356 -1.030983 0.355527 0.136450 -0.371239 0.076851 -0.650758 0.617625 1.145966 -0.346998 -0.675345 
-3.952165 1.491630 -1.697035 -1.432880 0.383182 -0.128275 -0.900723 -0.407454 -1.013421 0.999228 1.613346 -0.098955 -0.413430 
-3.777640 1.470233 -1.503773 -0.822303 0.803673 -0.315178 -1.145293 -0.173535 -0.834142 0.647182 1.594899 0.099122 -0.426694 
-4.016446 1.081100 -1.005120 -0.929757 0.301945 -0.416960 -1.058512 0.367658 -0.730320 0.512480 1.330117 -0.782354 -1.283681 
-3.515739 2.048110 -0.941183 -0.635578 0.857267 -0.417854 -1.009948 0.626433 -0.585654 0.995502 1.428699 -1.025333 -0.915172 
-3.382943 1.986274 -0.655421 -0.536940 0.553669 -0.468346 -1.024998 0.185860 -1.008937 0.640448 1.340736 -0.781062 -0.403569 
-4.042209 0.969338 -0.708424 -0.895437 -0.085294 -0.252542 -0.770789 -0.246042 -0.987312 0.157304 1.434792 -0.373044 -0.583803 
-4.619277 0.341532 -0.192366 -0.710884 0.291142 0.426188 -0.744586 0.218593 -0.712480 0.425413 1.560667 -0.030055 -0.615093 
-4.423015 0.492884 -0.122897 -0.873597 0.739590 0.842220 -1.075891 -0.066860 -1.330334 0.024912 1.292543 0.031813 -0.521161 
-4.450356 0.926841 -0.440372 -0.866495 1.130745 0.860885 -0.856676 0.130769 -1.835047 -0.204822 0.837288 -0.011938 -0.461385 
-2.550508 4.072608 0.678118 0.072330 3.048986 1.587897 -0.760542 1.774009 -2.636114 0.451512 0.874264 -0.487328 -0.608299 
-1.788639 4.332582 -0.050445 -0.004839 2.132721 0.177508 -1.498971 0.813437 -2.461277 0.668644 0.731963 -0.481604 -0.473320 
-1.888048 4.148307 -1.644850 -0.308830 1.491951 -0.988954 -1.440639 0.051775 -2.403792 0.751001 0.445444 -0.513708 -0.537862 
-1.940508 3.409803 -3.062412 -0.635589 1.522281 -1.447793 -1.379645 0.134741 -2.336293 0.439058 0.500193 -0.129922 -0.245619 
-2.147813 3.478503 -4.152632 -0.855618 1.753427 -1.901974 -1.281793 0.311034 -1.789791 0.735022 1.173795 0.058189 -0.221650 
-1.987062 3.802723 -4.958273 -1.055229 1.838449 -2.549238 -1.154548 0.925436 -1.820018 1.047908 1.457152 -0.296209 -0.225620 
-2.267466 3.203129 -4.418630 -1.345408 0.821855 -2.536681 -1.325880 0.515050 -1.705348 1.226966 1.069112 0.222405 -0.237063 
-2.527335 3.172230 -4.946210 -1.812457 0.806644 -2.305566 -1.085549 0.473909 -1.535248 1.081388 1.024299 0.349782 -0.198527 
-2.713082 3.151858 -5.359663 -1.280708 1.061841 -2.862648 -0.766853 0.669673 -1.848743 1.004569 1.340034 0.134496 -0.267298 
-2.892916 2.642209 -5.310173 -1.347247 0.894154 -2.613631 -0.830181 0.444419 -1.580412 1.056627 1.091636 0.263710 -0.292637 
-2.167405 3.015135 -5.023884 -1.745369 0.655243 -2.621243 -1.035992 0.862926 -1.727995 1.264179 0.851010 0.130740 -0.434166 
-2.317921 3.420489 -5.409228 -1.633360 1.072991 -2.478574 -0.396616 1.080949 -1.411844 1.356578 1.371495 -0.116306 -0.452093 
-2.340525 3.387621 -5.641850 -1.663628 1.216950 -2.761845 -0.689849 1.367154 -1.763389 1.403078 1.483761 0.249264 -0.209387 
-2.194542 3.340644 -5.484276 -1.866671 1.184932 -2.377652 -0.648571 1.197601 -1.993708 0.975270 0.852961 -0.124202 -0.077919 
-2.541680 3.247136 -4.812788 -2.252272 1.002592 -1.684299 -0.859707 0.933862 -1.256344 0.673573 0.374386 -0.366751 -0.250066 
-2.866384 3.384388 -4.395605 -1.985029 1.136718 -1.555284 -0.694351 1.044470 -0.980558 1.203869 1.514717 -0.112029 -1.043466 
-2.344831 3.901042 -5.437345 -1.777054 1.435648 -2.469047 -0.565158 1.269081 -1.770396 1.179305 1.785768 -0.241715 -0.874723 
-1.913055 3.972221 -4.995542 -2.235067 1.292636 -2.197165 -0.881613 1.434594 -2.311756 1.252548 1.679089 -0.116319 -0.861890 
-1.869119 4.242050 -4.316087 -2.036900 1.477063 -1.915780 -1.348804 0.902634 -2.129972 1.093181 1.146224 -0.975655 -0.766790 
-2.426677 3.890163 -2.982214 -1.971097 1.246146 -1.229298 -1.858121 0.388772 -1.662579 1.002831 1.008495 -0.861969 -0.647446 
-2.304132 4.027551 -1.287261 -1.745954 1.435407 -0.414106 -2.275954 0.750817 -1.831462 0.774350 0.902849 -0.402063 -0.209712 
-2.054635 5.329133 -0.470291 -1.567468 2.508656 -0.020052 -2.700418 1.492470 -2.136987 0.911206 0.825149 -1.807697 -0.534965 
-3.266445 2.200373 1.886937 -0.481362 1.647325 1.207092 -2.000818 2.189537 -1.206772 0.574559 1.538642 -0.823085 -0.422061 
-4.155471 2.094069 1.176332 -0.046474 2.420949 1.257811 -2.272878 1.276721 -0.719282 0.366184 1.854750 -1.552639 -0.446275 
-5.516913 1.465934 0.791334 0.080843 2.339716 0.696033 -2.503356 0.401633 -1.192805 0.316200 2.140442 -2.607896 -0.837529 
-4.604174 1.201380 0.649434 -0.358902 1.492631 0.719243 -1.545566 0.725883 -1.154186 0.262415 1.448523 -1.714995 -0.388545 
-3.393473 1.925506 0.668231 -1.042499 1.320677 0.972782 -1.611756 1.390888 -0.952180 0.394589 1.007364 -1.192612 -0.224940 
-3.272344 2.062792 0.486612 -1.244987 1.461778 1.021080 -1.761992 1.315791 -1.339517 0.254865 1.074080 -1.053562 -0.211526 
-2.994408 2.402377 0.798309 -1.837979 1.088737 1.025745 -1.842374 1.651244 -2.101135 -0.151260 0.720458 -0.630698 -0.024886 
-2.927597 2.114123 1.135907 -1.799825 0.985137 0.801052 -2.243765 2.115319 -1.785520 -0.103485 0.892015 -0.775528 -0.154309 
-2.868352 2.106790 1.116651 -1.743834 1.109484 0.825250 -2.179137 2.361362 -1.635409 -0.245395 0.999498 -0.854749 -0.118185 
-2.934870 2.033929 1.118540 -1.654988 1.066329 0.773706 -2.068353 2.450022 -1.382863 -0.089839 1.116629 -0.893588 -0.070712 
-2.911595 1.945464 1.124943 -1.583580 1.067199 0.711642 -2.181465 2.380851 -1.464225 -0.074996 0.926384 -0.943815 -0.148764 
-2.849002 1.840827 1.111812 -1.688435 0.902557 0.758562 -2.079078 2.404499 -1.532406 -0.128982 0.881703 -0.904095 -0.121586 
-2.979691 2.006390 1.144644 -1.589067 0.996090 0.749695 -2.038836 2.395577 -1.452027 -0.072441 0.950334 -0.847636 -0.057015 
-2.916749 2.091474 1.168893 -1.580703 1.027805 0.743351 -2.064411 2.435138 -1.418720 0.011851 0.886559 -0.807056 -0.056935 
-2.724860 2.029969 1.040355 -1.570403 0.931526 0.631155 -2.000172 2.360076 -1.395264 -0.082740 0.767221 -0.932785 -0.134301 
-2.835812 2.054353 0.975585 -1.593911 0.984255 0.641668 -2.041076 2.244093 -1.414789 -0.037557 0.837615 -0.886731 -0.175145 
-2.963763 1.978619 0.991740 -1.596326 1.062162 0.688679 -2.179957 2.154825 -1.430875 0.093331 0.921221 -0.829589 -0.183336 
-2.899177 1.902646 0.891146 -1.530497 1.145953 0.767222 -2.040742 2.170653 -1.443579 -0.118510 0.973926 -0.959624 -0.176691 
-2.850479 1.956650 0.949759 -1.562523 1.072500 0.710126 -1.991008 2.307743 -1.401270 -0.118946 0.917866 -0.922285 -0.163872 
-2.884592 1.982955 1.354595 -1.596424 1.002379 0.825898 -2.136967 2.448272 -1.570471 -0.033261 0.995749 -0.868008 -0.160168 
-2.796880 1.948275 1.377094 -1.714729 0.972922 0.852308 -2.234498 2.462281 -1.670015 -0.001254 0.988667 -0.819369 -0.228440 
