-2.915869 1.854585 1.399129 -1.612804 1.106961 0.934587 -2.347362 2.319316 -1.480340 -0.077372 1.121039 -0.990460 -0.084247 
-2.897054 1.802565 1.139413 -1.586181 1.036228 0.778943 -2.108291 2.345773 -1.488267 -0.099671 1.039966 -0.939616 -0.135541 
-2.831305 1.836574 1.312544 -1.655313 1.021550 0.880937 -2.192031 2.494301 -1.541064 -0.127615 0.995028 -0.865961 -0.110744 
-2.796126 1.848565 1.368188 -1.625351 1.008977 0.852332 -2.215882 2.453840 -1.526562 -0.117866 1.000275 -0.854707 -0.124052 
-2.895209 1.882318 1.318169 -1.652116 1.048195 0.826338 -2.205814 2.490870 -1.502903 -0.189230 1.029228 -0.920106 -0.146910 
-2.942450 1.881494 1.391479 -1.643863 1.034224 0.770990 -2.343506 2.477019 -1.495656 -0.184976 1.029269 -0.981929 -0.207244 
-2.895171 2.014388 1.391067 -1.733126 0.992370 0.780894 -2.265229 2.516318 -1.530443 -0.163026 1.007190 -1.033826 -0.204361 
-2.953211 1.951288 1.415281 -1.623663 1.114912 0.895622 -2.200261 2.543467 -1.512339 -0.199098 1.023772 -0.965335 -0.170896 
-2.888976 2.034648 1.511762 -1.671203 1.077569 0.847529 -2.315543 2.568895 -1.523364 -0.195448 1.053029 -0.914814 -0.139931 
-2.882999 1.979438 1.477268 -1.711090 1.048283 0.853045 -2.301762 2.661682 -1.544301 -0.168741 1.153907 -0.944514 -0.174478 
-2.967106 2.073170 1.398669 -1.724877 1.077413 0.857362 -2.304112 2.543043 -1.628964 -0.114966 1.150681 -0.932218 -0.211915 
-3.410223 2.031203 1.126075 -1.799932 1.016915 0.739132 -2.266303 2.224609 -1.561232 -0.181371 1.126486 -0.913369 -0.231154 
-4.146801 1.911561 0.775596 -2.329436 0.982368 1.231190 -2.117014 2.228696 -1.225317 0.044769 0.808928 -0.423224 -0.278885 
-3.307772 1.267845 0.978427 -2.093854 0.453238 1.154740 -1.753226 2.346525 -1.489115 -0.112054 0.146725 -0.360596 -0.250292 
-1.797119 2.456869 0.587718 -2.018169 0.693347 0.760522 -1.866171 1.898391 -0.916872 0.153203 0.505154 -0.485868 -0.604644 
-2.002101 3.924803 1.186790 -2.108502 0.509444 0.437820 -2.684040 1.227603 -1.462109 0.368248 -0.038661 0.010521 -0.151864 
-2.368093 3.512772 0.117860 -2.119964 0.689504 0.173472 -2.629878 0.859009 -0.984666 0.431650 -0.020872 -0.188995 -0.561611 
-3.044414 2.772871 -0.861621 -2.008809 1.118244 0.257066 -2.131748 0.712722 -0.339764 0.926731 0.624387 -0.825624 -0.576898 
-3.944767 2.381999 -0.596805 -1.972358 1.045428 0.640130 -1.850237 0.703475 -0.190314 0.790959 0.594993 -0.590928 -0.449450 
-3.715050 2.668482 -0.930501 -1.382370 1.610477 0.590978 -1.788134 0.200708 -0.771294 0.445309 0.421370 0.007317 -0.141711 
-3.465395 2.348954 -1.089495 -0.963742 1.405308 -0.047432 -1.893680 0.058412 -0.747993 -0.270387 0.200441 0.103199 -0.321824 
-3.248016 2.049061 -0.829288 -0.769301 1.299889 0.321483 -1.355693 0.224035 -0.593838 -0.170487 0.137820 -0.102839 0.072484 
-3.190466 2.672224 -0.501069 -0.635145 1.563084 0.525064 -1.443855 0.195113 -1.003985 -0.345310 -0.353423 -0.515139 0.227864 
-2.937693 2.897008 -0.337970 -0.477317 1.565824 0.206603 -1.693399 0.420987 -0.957336 -0.369064 -0.061436 -0.099614 0.108529 
-2.550545 2.843993 -0.192247 -0.665879 0.966959 -0.108498 -1.649207 0.519387 -0.563714 -0.198575 0.263266 -0.184305 -0.184963 
-3.203211 2.333668 -1.066332 -1.463465 0.084152 -0.527076 -1.616234 -0.012167 -0.872409 0.334276 -0.089478 -0.038802 0.385436 
-3.385907 1.916751 -1.446821 -1.571617 -0.337855 -1.100987 -1.775579 -0.180663 -1.432359 0.364117 -0.440804 -0.307467 0.009756 
-3.406669 1.222817 -1.047940 -1.165577 0.138171 -0.758896 -1.760302 0.539427 -0.613818 0.317383 0.389225 -0.134643 -0.370091 
-3.635752 1.694150 -0.768119 -1.235761 0.854374 -0.381221 -2.053568 1.169776 -0.108669 0.165869 0.675369 -0.205565 -0.528145 
-1.311686 5.297870 -0.740064 -1.858582 2.028355 0.188298 -2.096302 2.021220 -2.100155 0.314802 -0.248045 -0.128874 -0.017179 
-0.620479 5.922182 -2.610421 -0.949684 3.085681 -1.047580 -2.034734 1.615009 -3.080972 0.436553 0.603895 -0.317757 -0.679515 
-0.405481 5.643446 -4.523641 -0.571824 3.191456 -2.346868 -1.543063 1.434241 -3.378205 0.790403 1.276728 -0.385764 -0.462974 
-0.853332 4.668439 -5.527667 -0.859129 2.476646 -3.153297 -1.569144 1.215961 -3.064024 0.981514 1.228939 -0.278362 -0.346195 
-1.684556 3.989133 -6.029454 -1.166901 1.681042 -3.452205 -1.399138 0.850508 -2.376300 1.156143 1.272796 0.135280 -0.068076 
-2.372005 3.553287 -5.860247 -1.358396 0.911692 -3.434638 -0.929595 0.654255 -2.121741 1.081102 1.282999 0.252410 0.054543 
-2.317749 2.809646 -6.234770 -1.212163 0.886573 -3.379177 -0.681748 0.569551 -2.125866 1.164230 1.111045 0.132888 0.019603 
-2.495656 2.700788 -6.175490 -1.496709 0.784410 -3.004496 -0.691854 0.398027 -1.873053 1.114722 1.011265 0.323642 -0.250608 
-2.709217 2.471488 -5.899579 -1.406838 0.691855 -2.813748 -0.499893 0.336992 -1.865412 0.966870 1.082957 0.315969 -0.369984 
-2.151194 2.839798 -5.970456 -2.073677 0.601289 -2.662219 -0.776540 0.660120 -2.227515 1.292805 0.821905 0.448122 -0.599199 
-2.246165 3.161405 -6.024324 -1.584610 1.106734 -2.847025 -0.552735 0.879822 -2.181127 1.023803 1.277087 0.335783 -0.618951 
-2.256048 3.387548 -6.005979 -1.701488 1.210657 -2.750283 -0.356310 1.373339 -1.790261 1.104285 1.336774 0.118317 -0.891055 
-2.563490 2.852342 -5.039592 -2.146814 0.498559 -1.980786 -0.648847 0.669406 -1.571994 1.091865 0.914517 0.569950 -0.594586 
-2.123366 3.249996 -4.315765 -1.894045 0.948206 -1.401971 -0.518236 0.900426 -1.608301 0.959064 0.539334 0.046712 -0.556027 
-1.239626 4.009607 -4.749162 -1.586176 1.566408 -2.054130 -0.379701 1.927138 -2.469985 1.299894 0.578610 -0.518256 -0.281252 
-1.621533 4.281105 -4.746652 -2.534429 1.183341 -1.904146 -0.827212 1.782513 -2.269025 1.741512 1.404582 0.170897 -0.705017 
-1.723337 4.477141 -4.266583 -2.244388 1.328514 -2.097529 -1.475886 1.472720 -2.204310 1.720964 1.540627 0.270183 -0.699636 
-2.597324 2.598810 -2.454020 -1.623277 0.089450 -1.451452 -1.462229 0.376921 -1.336459 1.573350 0.418979 -0.410662 -0.412056 
-2.674421 2.552074 -2.118525 -1.557902 0.159291 -1.319560 -1.467005 0.524141 -1.267640 1.429545 0.317650 -0.815178 -0.319383 
-2.892766 3.294866 -1.540938 -1.802821 0.821755 -0.861077 -2.090252 0.292555 -2.533245 0.872820 1.308238 -0.686190 -0.358237 
-4.568734 2.011742 0.400891 -0.671133 0.967089 -0.398860 -2.056302 1.030435 -1.411081 0.481214 1.565935 -1.010044 -0.113190 
-3.097568 2.116883 0.848307 -1.020382 1.015668 0.904052 -1.419867 1.506016 -1.514494 -0.000694 0.402389 -0.607174 -0.050250 
-2.996221 2.077645 0.895683 -1.214503 1.147891 1.154666 -1.644792 1.445265 -1.533778 0.308519 0.480288 -0.794327 -0.088373 
-4.114686 1.793910 0.728318 -0.668481 1.485942 0.842276 -1.611990 1.239994 -1.048140 0.755188 1.685416 -1.494535 -0.007494 
-3.626471 1.851743 0.827416 -1.121761 0.817348 0.619469 -1.497885 1.245448 -1.568037 0.453949 1.203294 -0.997822 -0.163393 
-3.665696 2.017948 0.671901 -1.430105 1.020862 0.975547 -1.300817 1.297605 -1.463618 0.430362 1.014550 -1.112870 -0.141385 
-3.704582 2.100596 0.691594 -1.801758 1.073007 1.115570 -1.577172 1.628729 -1.078140 0.406397 0.797508 -0.952487 0.143300 
-3.384861 2.181828 0.586121 -2.039229 1.166861 0.982757 -1.986699 1.718963 -1.323878 0.032559 0.930610 -1.244032 -0.367532 
-3.021628 2.238541 1.204345 -1.896661 1.082457 0.912438 -2.195611 2.325264 -1.629661 -0.065630 1.129459 -0.792955 0.008552 
-2.995707 2.274538 1.252241 -1.828050 1.252302 1.036316 -2.168488 2.454686 -1.677474 -0.164768 1.141858 -0.880858 -0.197057 
-2.971743 2.068297 1.445678 -1.730679 1.118932 0.964940 -2.216278 2.588642 -1.477998 -0.148571 1.115049 -0.957180 -0.157910 
-3.050502 2.025820 1.401110 -1.787168 0.983742 0.809777 -2.366395 2.433585 -1.631210 -0.180396 0.989848 -1.094570 -0.283870 
-3.075398 2.107166 1.319498 -1.722102 1.052069 0.816471 -2.232372 2.545730 -1.510492 -0.167676 1.073363 -0.965901 -0.154214 
-2.918614 2.113221 1.420281 -1.554710 1.066197 0.861644 -2.097233 2.663311 -1.423170 0.026512 1.092618 -0.933753 -0.164206 
-2.857216 2.125840 1.368258 -1.502129 1.138017 0.899445 -2.112677 2.468217 -1.533953 -0.061305 0.918007 -0.875113 -0.149289 
-2.813547 2.042911 1.116442 -1.688480 1.024818 0.787437 -2.167322 2.320646 -1.493975 -0.036681 0.817258 -0.814889 -0.128929 
-2.906213 1.881871 1.021164 -1.745951 0.958829 0.765030 -2.140788 2.310449 -1.423956 -0.005143 0.842204 -0.833531 -0.131199 
-2.867130 1.896283 1.164069 -1.639275 0.984670 0.716099 -2.150755 2.486300 -1.453883 -0.057545 0.906132 -0.815724 -0.096082 
-2.787838 1.945889 1.177876 -1.653042 0.960793 0.700670 -2.150394 2.500389 -1.448734 -0.127096 0.970440 -0.859654 -0.127039 
-2.933025 1.994777 1.131178 -1.656007 1.031114 0.689280 -2.209018 2.444444 -1.443748 -0.098893 0.932305 -0.935136 -0.147173 
-2.945026 1.918448 1.095396 -1.700593 0.953582 0.686740 -2.217971 2.375820 -1.513985 -0.034864 0.882929 -0.854902 -0.104495 
-2.771564 1.950065 1.112827 -1.628783 0.991668 0.802435 -2.076129 2.411061 -1.443992 -0.052047 0.872068 -0.837111 -0.077554 
-2.838156 2.040799 1.082357 -1.517009 1.045198 0.736363 -1.996000 2.366460 -1.430433 -0.036259 0.818919 -0.849199 -0.113048 
-2.833754 2.077934 1.063111 -1.543091 1.064960 0.712917 -1.992593 2.422207 -1.483729 -0.050444 0.796947 -0.819004 -0.126837 
-2.840955 1.985736 1.026953 -1.760910 0.856275 0.635883 -2.074100 2.381229 -1.352440 -0.091264 0.905998 -0.932468 -0.233336 
-3.013849 1.965800 0.979545 -1.596169 1.003505 0.589724 -2.192753 2.248696 -1.142438 -0.015321 1.039885 -1.059852 -0.210848 
