-2.925545 1.891697 1.373085 -1.759164 1.038134 0.895874 -2.266979 2.554962 -1.511848 -0.104578 1.122050 -0.926597 -0.147759 
-2.894535 1.928576 1.398346 -1.770412 1.059443 0.913414 -2.333123 2.528598 -1.646017 -0.117836 1.033901 -0.980052 -0.200535 
-2.974504 1.834304 1.281897 -1.840609 0.931969 0.813809 -2.402563 2.428636 -1.603916 -0.134788 0.942012 -0.996165 -0.126188 
-2.860847 2.082022 1.374930 -1.631158 1.011241 0.836810 -2.119149 2.585399 -1.585394 -0.014118 0.929435 -0.912001 -0.175444 
-2.839349 2.168101 1.291669 -1.601955 1.021337 0.776102 -2.116778 2.414140 -1.537553 -0.107857 0.989331 -0.886189 -0.201108 
-2.942754 1.976921 1.335021 -1.455860 0.921513 0.614433 -2.247678 2.102228 -1.576037 -0.191524 0.999898 -0.889677 -0.229813 
-2.917442 2.162090 1.339883 -1.368520 0.908053 0.598453 -2.148766 1.858684 -1.215857 -0.427204 0.865890 -1.012087 -0.267505 
-2.913303 2.400131 0.884840 -1.865762 0.468342 0.536064 -1.650129 1.799037 -1.227224 -0.179955 1.030579 -0.561568 -0.472558 
-3.433685 2.098249 -0.069610 -1.737800 0.792232 0.678949 -1.580405 0.397572 -1.347504 0.092101 1.802870 -0.608223 -1.069761 
-3.438624 2.094225 -0.239897 -1.843841 0.610836 0.565068 -1.492155 0.296145 -1.315263 0.137222 1.740540 -0.586595 -0.862630 
-4.384388 2.265678 0.762807 -1.466877 -0.581493 -0.031998 -0.690070 0.739820 -1.212780 0.252982 0.572689 -0.287887 -0.108851 
-4.582563 1.758181 0.187048 -1.115309 -0.472571 -0.611171 -0.899131 0.834897 -0.647129 0.440926 0.586190 -0.464234 -0.319900 
-4.125156 1.715284 -0.273417 -1.235253 0.115245 -0.308768 -1.277083 0.861372 -0.580923 0.499808 0.772479 -0.244742 -0.886868 
-4.055428 1.871450 -0.169803 -1.309807 -0.059680 -0.116924 -1.144536 0.280582 -0.672306 0.859400 0.996525 -0.454288 -0.912449 
-4.572036 1.441647 -0.331909 -1.662107 -0.743918 -0.510565 -0.956136 0.401367 -1.326069 0.558919 0.943938 -0.491820 -0.649573 
-3.793396 2.809880 0.198033 -1.005138 -1.028937 -1.243628 -0.404874 0.798125 -1.618568 -0.061296 0.442302 -0.355958 -0.714817 
-4.160309 2.009411 0.149506 0.079218 -0.712010 -1.599853 -0.258090 0.556199 -1.288639 0.052544 0.907523 -0.703413 -1.185911 
-4.260532 1.075377 -0.754752 -0.477971 -0.114854 -0.907453 -0.444302 0.622061 -1.064665 -0.033029 1.432973 -0.331416 -1.177544 
-4.400959 0.805087 -1.610813 -1.321463 -0.572160 -1.320680 -1.162484 0.042334 -1.299863 -0.046397 1.075722 -0.397430 -1.190575 
-4.522488 0.300520 -1.669634 -1.560961 -0.600096 -0.470957 -0.615870 -0.562155 -1.595281 0.102115 1.370313 0.070454 -0.496826 
-4.816425 0.018149 -1.577672 -0.909135 0.212661 0.034976 -0.384591 -0.754865 -1.620733 -0.501078 1.442122 -0.131210 -0.403107 
-4.919432 0.446734 -1.379147 -1.336709 -0.230965 -0.467094 -1.154212 -0.854995 -1.293374 -0.387769 1.607194 0.174122 -0.302436 
-3.090309 2.658488 0.760369 -1.366445 0.917018 0.827380 -1.910890 0.821992 -1.425025 -0.148173 1.105380 0.125494 -0.073247 
-1.518148 5.186815 -0.311296 -0.852640 2.592291 0.196236 -2.164665 1.277767 -3.425764 0.054134 0.941813 -0.316559 -0.728917 
-1.528960 4.912418 -1.173813 -0.742378 1.985131 -0.412862 -1.750674 0.484569 -3.358732 0.394051 0.458677 -0.370958 -0.569917 
-2.478402 3.236829 -2.797089 -0.734469 1.365205 -1.183618 -1.132909 0.042743 -2.201735 0.160098 0.167603 -0.496576 -0.042283 
-2.357630 3.185154 -3.825494 -1.241984 1.084553 -1.529933 -0.712031 0.468081 -1.739518 0.650171 0.525371 -0.028592 -0.023302 
-1.927330 3.388334 -4.693178 -1.728997 1.300879 -1.572401 -0.990255 0.541774 -1.292150 0.887137 0.070484 -0.035658 0.116357 
-1.831884 3.058290 -4.695738 -1.942471 1.216021 -1.378582 -1.063677 0.623553 -1.371738 0.874933 -0.289589 0.078187 0.104241 
-1.483810 2.901373 -4.519200 -1.366837 1.228667 -1.692245 -0.709826 1.023823 -1.874819 0.879632 -0.149499 -0.037226 -0.103036 
-2.166977 2.310794 -2.532562 -1.369748 0.361206 -1.127398 -0.873147 1.118260 -1.418338 1.154527 0.159145 0.092812 -0.330943 
-3.008535 2.019101 -2.848597 -1.724157 -0.077986 -1.352104 -0.854698 0.708568 -1.233460 1.174355 0.675084 0.264236 -0.550113 
-3.012317 2.505953 -3.982008 -1.773964 0.406317 -1.619154 -0.581460 0.645633 -1.204471 0.923504 1.036026 0.460779 -0.412320 
-2.712898 3.322615 -5.322767 -1.776829 1.098194 -2.220125 -0.375754 1.179507 -1.496783 1.025401 1.331591 0.295217 -0.461001 
-2.730971 3.428519 -5.411187 -1.801571 0.953696 -2.246653 -0.344427 0.872711 -1.425066 1.391893 1.678228 0.696868 -0.354922 
-2.501775 3.498377 -5.861592 -2.012454 1.316718 -2.206552 -0.430679 0.923577 -1.702831 0.976246 1.492599 0.299933 -0.302898 
-2.179589 3.871159 -5.799158 -2.195814 1.482428 -1.994271 -0.268571 1.186688 -1.980024 0.977054 1.485777 -0.015707 -0.593754 
-1.970760 3.625709 -5.746583 -2.387184 1.403261 -1.866257 -0.419445 1.130116 -2.294812 0.844990 1.085802 -0.278276 -0.681710 
-2.261589 3.446566 -4.824549 -2.512250 1.080331 -1.318626 -0.524337 0.946078 -2.033653 0.764642 0.766158 -0.156563 -0.565732 
-2.403300 4.034145 -4.450851 -2.622422 1.150745 -1.262929 -0.639698 1.320717 -1.526527 1.127742 1.331326 0.399893 -0.405981 
-1.910526 4.681796 -4.927390 -2.878931 1.246293 -1.629556 -0.958988 1.249975 -1.969592 1.403892 1.374051 0.495034 -0.328031 
-1.399178 4.867643 -4.319738 -2.265829 1.613841 -2.172430 -1.424814 1.563118 -3.216982 1.535428 2.032627 -0.110494 -0.545401 
-1.893998 4.325836 -2.579226 -1.708022 1.487130 -1.487225 -2.067889 0.866314 -2.607954 1.328939 1.756747 -0.345834 -0.663295 
-2.492682 4.288914 -1.027838 -0.913009 1.840919 -0.750202 -2.437726 0.383756 -1.853050 1.256266 1.576203 -1.258221 -0.937306 
-2.903188 3.008211 0.524912 -0.500524 1.640913 0.626357 -1.465159 0.995960 -1.509376 1.028953 0.492991 -1.575365 -0.057191 
-3.562966 1.491164 0.344316 -0.836382 0.934823 0.570003 -1.184942 1.726753 -0.682589 0.694420 0.952148 -0.822707 0.143744 
-3.246521 1.561848 0.864011 -1.148268 0.721663 0.760387 -1.362177 2.179035 -1.199007 0.547225 1.229753 -0.627526 -0.084574 
-5.039463 2.070536 1.234487 -0.280245 1.277048 -0.046841 -2.303741 0.571042 -1.155804 0.754565 1.876133 -2.548189 -1.414667 
-3.804479 1.857962 0.833124 -0.772358 1.595008 0.903962 -1.835992 1.348305 -0.758964 0.389833 1.122984 -1.539178 -0.659341 
-3.371805 1.854483 0.830957 -1.181494 1.339872 0.876140 -1.900512 1.520693 -1.217270 0.095805 1.195478 -1.097286 -0.288426 
-3.030077 1.927274 0.683945 -1.722561 1.172133 0.693555 -2.156960 2.046204 -1.356179 -0.229840 1.144442 -0.987673 -0.211827 
-3.071217 2.082263 0.953097 -1.881886 1.069223 0.828047 -2.195997 2.222917 -1.619746 -0.116432 1.006393 -1.077306 -0.315331 
-2.922498 2.078110 1.234026 -1.678240 1.047598 0.790406 -2.162978 2.464295 -1.635414 -0.122990 1.035442 -0.906097 -0.102143 
-2.824164 2.084468 1.281824 -1.597464 1.085593 0.854424 -2.121379 2.587569 -1.421124 0.007254 1.034694 -0.860413 -0.144319 
-2.739119 1.944218 1.309094 -1.416174 1.039167 0.835444 -2.121407 2.209898 -1.567538 0.027829 0.831555 -0.838938 -0.117202 
-2.852334 1.858816 1.256239 -1.514915 0.884882 0.785815 -2.060153 2.166569 -1.537985 0.017086 0.734320 -0.820487 -0.095603 
-2.912953 1.761920 1.104811 -1.715282 0.907466 0.818249 -2.135227 2.284161 -1.474578 -0.049495 0.796282 -0.828035 -0.122726 
-2.888277 1.877050 1.306104 -1.726966 0.890488 0.782835 -2.198462 2.409351 -1.528294 -0.109895 0.951735 -0.860023 -0.121630 
-2.829652 1.890208 1.228316 -1.680822 0.953721 0.770811 -2.199974 2.411768 -1.526727 -0.103456 0.943311 -0.883874 -0.150299 
-2.882814 1.954426 1.237275 -1.691299 0.966835 0.810665 -2.142235 2.426380 -1.506807 -0.145071 0.920491 -0.893336 -0.148797 
-2.940255 1.915880 1.234149 -1.596733 0.986611 0.712854 -2.268651 2.341915 -1.463969 -0.017445 1.027117 -0.777509 -0.092879 
-2.824176 1.823249 1.218582 -1.652719 0.870826 0.696134 -2.252263 2.346845 -1.524815 -0.051835 0.988318 -0.847861 -0.101440 
-2.805037 1.989484 1.262262 -1.489588 0.945086 0.633858 -2.088788 2.452992 -1.579869 -0.102368 0.890813 -0.882962 -0.133529 
-2.885810 1.941854 1.232806 -1.464590 0.992052 0.662948 -2.092154 2.391927 -1.580983 -0.103532 0.846977 -0.829587 -0.105952 
-2.840510 1.925624 1.300115 -1.519356 1.028501 0.789062 -2.173082 2.371408 -1.531518 -0.179361 0.911362 -0.794256 -0.141074 
-2.951991 1.853313 1.125889 -1.807954 0.791721 0.704987 -2.092215 2.357858 -1.571828 -0.275287 0.961270 -0.728041 -0.088803 
-2.835271 1.918168 1.131839 -1.846030 0.852754 0.754033 -2.114307 2.448269 -1.659544 -0.238213 0.939619 -0.836644 -0.271534 
-2.846018 2.076515 1.391960 -1.655539 1.027262 0.813397 -2.259137 2.374337 -1.650804 0.020600 0.966827 -0.906506 -0.192932 
-3.053814 1.900785 1.270128 -1.546065 0.968147 0.711403 -2.110615 2.337212 -1.449605 -0.012370 1.015242 -0.867508 -0.159311 
-2.972161 1.868571 1.216965 -1.604635 0.960793 0.719930 -2.110623 2.362518 -1.520419 -0.014545 1.034302 -0.817607 -0.087742 
-3.295759 1.664102 0.700675 -1.526699 1.055872 0.741722 -1.781836 2.155578 -1.228777 -0.518456 1.223265 -0.904073 -0.147143 
-3.442768 1.552174 0.749927 -1.518344 0.991521 0.745077 -1.730451 2.107936 -1.198088 -0.625006 1.172957 -1.013947 -0.242319 
-2.924129 2.069127 1.443343 -1.663826 1.014084 0.863086 -2.145570 2.516722 -1.561354 -0.104937 0.950168 -0.910394 -0.145152 
-3.042944 1.962965 1.375103 -1.755167 0.963221 0.797697 -2.244176 2.453756 -1.625587 -0.158151 0.994677 -0.956353 -0.148071 
-2.993672 2.026559 1.473003 -1.770124 0.978176 0.822819 -2.283874 2.504740 -1.532714 -0.125449 1.062062 -0.951285 -0.074440 
