-2.825876 1.844456 1.269543 -1.769821 1.005437 0.863520 -2.253571 2.472150 -1.504527 -0.112115 1.019538 -0.916888 -0.133034 
-2.930509 1.885732 1.252511 -1.672596 1.059588 0.848351 -2.188499 2.450806 -1.486570 -0.127704 1.027391 -0.936343 -0.103303 
-2.846729 1.920570 1.328609 -1.633224 1.009337 0.830076 -2.203011 2.472441 -1.467263 -0.077202 0.993259 -0.926730 -0.115084 
-3.010898 1.918974 1.230666 -1.616866 0.964735 0.717846 -2.159833 2.439670 -1.445797 -0.143804 0.946407 -0.947629 -0.147175 
-2.981637 1.869156 1.194898 -1.633002 0.921890 0.720009 -2.153330 2.386796 -1.452432 -0.192254 0.931719 -0.898438 -0.112546 
-2.838776 1.852796 1.188783 -1.593668 0.980596 0.800748 -2.115530 2.404275 -1.456303 -0.099658 0.920682 -0.869525 -0.129095 
-2.959837 1.929335 1.158020 -1.544868 1.006285 0.770880 -2.032845 2.387036 -1.414196 -0.149153 0.938575 -0.903375 -0.126968 
-2.940258 1.877146 1.112862 -1.477127 0.993818 0.678442 -2.037765 2.329134 -1.398936 -0.223488 0.957703 -0.897059 -0.135781 
-2.848343 1.810681 1.125134 -1.577388 0.913538 0.675092 -2.082398 2.374728 -1.486834 -0.125057 0.886172 -0.896153 -0.210075 
-2.944552 1.849829 1.225159 -1.561629 0.963058 0.681947 -2.284133 2.291562 -1.242978 -0.109671 0.971922 -0.958470 -0.215230 
-2.953192 1.752964 1.265857 -1.480073 1.040857 0.840529 -2.234373 2.169561 -1.325681 -0.140118 0.997176 -0.966492 -0.119177 
-2.727339 1.706315 1.156475 -1.573242 0.975355 0.742102 -2.276673 2.154289 -1.542779 -0.062679 1.073678 -0.738703 -0.059155 
-3.085000 1.913929 0.945661 -1.893014 0.803420 0.701771 -2.098193 2.253927 -1.501532 -0.379392 1.050239 -0.551131 -0.060137 
-3.161998 2.112774 0.531367 -1.706965 1.107631 0.858293 -1.699823 1.778898 -0.972872 0.199864 0.998028 -0.765650 -0.265566 
-3.441855 2.453060 0.620502 -2.424782 0.435411 0.921114 -1.641705 1.915150 -1.046856 0.776327 0.495679 -0.477299 -0.333077 
-3.401950 2.322232 -0.191556 -2.613183 0.396739 1.002936 -1.057925 1.513780 -1.397797 0.261132 0.653997 -0.157252 -0.629100 
-3.399774 2.339642 -1.239516 -2.285233 1.066437 1.080273 -0.804293 0.474487 -1.182647 0.304897 1.404578 0.340265 -0.645679 
-3.656135 1.825188 -1.098774 -2.150593 0.469065 0.914782 -0.357928 0.581882 -1.147188 0.350136 1.135101 -0.092037 -0.816484 
-3.900753 1.227907 -1.427909 -1.696378 0.589221 0.730931 -0.333070 0.504079 -0.845245 -0.449286 -0.143674 -0.672464 -0.202055 
-3.917431 0.951880 -2.031998 -2.125803 0.027639 0.026495 -0.606337 0.422393 -0.753202 -0.311662 -0.147206 -0.578685 -0.110032 
-3.718400 0.957868 -1.178239 -2.477139 -0.656603 0.148419 -0.538622 0.815398 -1.007671 -0.012277 0.339221 -0.085732 -0.234953 
-3.881031 1.097803 -1.178071 -2.202816 -0.285642 0.514852 0.033260 1.103514 -0.883235 -0.489501 0.522625 0.176657 -0.276547 
-4.343378 0.285262 -1.493111 -1.596998 -0.259336 0.509367 0.464461 0.640432 0.035599 -0.276199 0.299593 -0.757736 -0.595480 
-4.271345 0.613259 -0.580659 -1.091041 -0.318869 0.272145 0.148267 0.571494 -0.075398 -0.286739 0.183081 -1.018246 -0.722518 
-3.656098 1.058338 -0.691889 -1.641863 -0.433862 0.061139 -0.490654 0.774752 -0.783718 -0.058186 0.234816 -0.212657 -0.568176 
-4.330573 1.223374 -1.488216 -2.117685 -0.345091 -0.020561 -0.552172 0.231799 -1.254242 -0.142130 0.700593 -0.356436 -1.019841 
-4.453519 0.796957 -1.945329 -2.142374 -0.537259 -0.264853 -0.384960 0.290859 -1.140738 -0.491731 0.575740 -0.223724 -1.013348 
-4.886024 -0.096528 -1.783885 -2.169040 -0.557999 0.210951 -0.341486 0.544518 -0.694437 -0.180803 0.103552 -0.087172 -0.307359 
-4.283825 0.525698 -0.782249 -1.583741 0.365627 0.956993 -0.740717 0.359095 -0.351709 0.457327 0.402544 -0.431095 -0.438280 
-3.755729 1.685573 -1.087125 -1.840815 0.748061 0.854671 -0.464588 1.210328 -0.435005 0.216972 0.046681 -0.801344 -0.586835 
-1.992027 3.822506 0.179118 -1.278962 1.503263 0.498320 -1.905801 1.456098 -1.925961 0.699404 -0.284838 -0.828472 0.066994 
-1.466509 5.533204 -1.061748 -0.616396 2.374013 -0.361680 -1.600179 1.004191 -3.274538 0.290915 0.423647 -0.251482 -0.188627 
-1.856490 4.254985 -2.133185 -0.190273 1.940546 -0.840436 -0.925250 0.467399 -2.439931 0.077716 -0.245296 -0.409085 0.120781 
-1.854344 3.883180 -3.232296 -0.837983 1.441061 -1.489926 -1.151393 0.280394 -2.233137 0.503947 0.233169 0.033516 0.181911 
-1.436152 4.599069 -4.322613 -0.911778 1.881493 -2.089646 -1.176458 0.278641 -2.640139 0.745338 0.900528 0.003788 -0.242627 
-1.466856 4.478271 -5.619123 -0.927561 1.966460 -3.282470 -0.985954 1.170265 -2.797319 1.210770 1.813091 -0.077983 -0.037705 
-1.351040 3.830897 -5.772527 -1.199028 1.567212 -3.158498 -1.003345 0.986010 -2.616465 1.360403 1.432241 -0.110991 -0.044254 
-1.942803 3.558064 -6.153380 -1.431506 1.210328 -3.161216 -0.568118 0.849380 -2.176284 1.203000 1.406128 -0.100660 -0.256145 
-2.054781 3.971966 -5.948548 -1.612053 1.309776 -3.146066 -0.958012 1.060933 -1.925428 1.475099 1.296955 0.130390 -0.191876 
-1.973959 3.800211 -5.685046 -1.635927 1.454790 -2.657457 -0.770835 1.095682 -2.089277 1.099100 1.322832 0.383805 -0.428676 
-2.354490 4.093594 -5.886241 -1.615396 1.427476 -2.844253 -0.466472 1.231606 -1.825879 1.405935 1.641928 0.116079 -0.493618 
-2.703344 3.202512 -4.730450 -2.017568 0.604629 -2.068254 -0.871977 0.644050 -1.510402 1.172368 1.042314 0.467898 -0.387982 
-2.602669 2.341150 -4.163768 -1.903592 0.673332 -1.147263 -0.648978 0.420062 -1.362162 0.988979 0.192174 -0.157100 -0.118871 
-2.494956 2.331747 -3.821421 -2.066429 0.674299 -0.775009 -0.630645 0.661104 -1.242923 1.386853 0.306905 0.104147 -0.050931 
-2.672135 3.448061 -4.043345 -2.524507 0.619316 -1.226686 -0.584692 0.890591 -1.736766 1.309412 1.463582 0.459911 -0.836194 
-2.299637 4.058627 -4.457349 -2.662350 1.219727 -1.271744 -0.858316 1.158813 -1.599101 1.392368 1.456570 0.310105 -0.583475 
-2.112152 4.285007 -3.969446 -2.831773 1.161572 -1.237708 -1.297462 1.098548 -1.948110 1.201147 1.145889 -0.173995 -0.434368 
-2.539648 3.311059 -2.175183 -2.456337 0.368953 -0.766304 -1.405043 0.796702 -1.995497 1.428940 0.934741 -0.300430 -0.456940 
-2.362763 3.347974 -1.093565 -1.539636 0.840871 -0.547322 -1.887516 0.421725 -1.954172 1.670620 1.355391 -0.725787 -0.438857 
-2.356777 3.995368 -0.894540 -1.537662 1.552539 -0.601982 -2.610966 0.711215 -2.046855 1.523281 1.664238 -0.902725 -0.385032 
-4.169865 2.108480 -0.467592 -1.599220 0.825450 0.097905 -1.325687 1.050786 -1.584678 -0.188005 0.960250 -0.946860 0.051325 
-4.244008 2.012391 0.070096 -1.710692 0.721097 0.369094 -1.419585 1.437187 -1.437363 -0.242672 0.993991 -0.785177 -0.158916 
-3.558944 1.818168 1.138757 -1.272671 1.049992 0.776043 -2.133404 1.885134 -1.129702 0.419062 1.348430 -1.128859 -0.290343 
-3.392741 1.814129 0.416800 -1.131787 0.937575 0.534499 -1.545395 1.448854 -0.902400 0.712954 1.170549 -0.879435 0.375880 
-3.717139 2.163601 0.240320 -1.303245 1.494576 1.153253 -1.441064 0.926616 -1.379668 0.416255 1.669535 -1.221064 -0.664580 
-3.330656 1.939437 -0.023811 -1.228544 1.590454 0.938010 -1.438138 1.373395 -1.161557 0.214127 1.531712 -1.178487 -0.559666 
-3.219476 1.946947 0.477409 -1.352222 1.331350 0.909372 -1.579457 1.690674 -1.386930 0.186558 1.255914 -1.012219 -0.389826 
-3.068405 1.934666 0.710405 -1.564385 1.164703 0.854029 -1.828788 1.987070 -1.391881 0.021048 1.180931 -0.740929 -0.088004 
-2.969652 1.907300 1.009389 -1.600948 0.992397 0.759496 -2.063371 2.122259 -1.461888 -0.088921 1.028182 -0.738150 -0.171263 
-2.874920 1.805892 1.192691 -1.617030 0.870282 0.732950 -2.155496 2.228450 -1.583110 -0.025464 1.038095 -0.830643 -0.211210 
-3.211881 1.992211 0.936137 -1.559061 1.082767 0.705456 -1.914307 2.170135 -1.554674 -0.134883 1.095442 -1.042491 -0.168751 
-3.137241 2.070948 0.987530 -1.603303 1.090100 0.676080 -2.039600 2.268053 -1.471407 -0.169046 0.999990 -1.003886 -0.126117 
-2.916436 1.909144 1.322982 -1.632439 1.018605 0.852268 -2.152063 2.450476 -1.517187 -0.050173 0.954255 -0.902695 -0.170434 
-2.915510 1.963539 1.372058 -1.615954 0.999638 0.795493 -2.193336 2.407896 -1.596978 -0.103141 0.994987 -0.900256 -0.176152 
-2.942099 1.993676 1.258416 -1.746699 0.959233 0.737974 -2.186427 2.432992 -1.571663 -0.146185 0.997262 -0.892201 -0.187161 
-3.293441 1.750782 1.251719 -1.632007 0.849334 0.816420 -1.967494 2.180998 -1.430049 -0.134536 0.977953 -0.926471 -0.037698 
-3.663484 1.545276 1.094761 -1.796173 0.867439 0.937855 -2.155546 1.928772 -1.303023 -0.199834 1.204664 -0.676153 -0.176480 
-3.201863 1.668616 1.151765 -1.719904 1.166403 1.027718 -2.337006 2.202588 -1.264436 -0.323969 1.189072 -0.661548 -0.248143 
-2.968913 1.809540 1.405996 -1.674518 1.084269 0.918065 -2.313216 2.512077 -1.423674 -0.218121 1.020627 -0.938805 -0.189259 
-3.117332 2.114630 1.495986 -1.700673 1.010333 0.919773 -2.138955 2.400257 -1.508928 -0.196950 1.127408 -1.082911 -0.230330 
-3.069933 2.076547 1.336700 -1.719837 1.014085 0.773896 -2.255093 2.501923 -1.566649 -0.298917 0.963768 -1.086501 -0.258795 
-2.994339 1.939026 1.341330 -1.829121 0.911889 0.835251 -2.341433 2.489028 -1.617207 -0.089086 0.920710 -0.965606 -0.167860 
-2.957225 2.027348 1.394177 -1.728347 1.013134 0.917306 -2.258744 2.537108 -1.567774 -0.031656 1.030751 -0.889084 -0.155678 
-2.806349 2.059219 1.350478 -1.555583 1.117157 0.987346 -2.020991 2.508716 -1.581589 -0.120445 0.909610 -0.970148 -0.064129 
-2.748327 2.167146 1.295244 -1.630053 0.969336 0.788207 -2.055321 2.459954 -1.585431 -0.021987 0.816642 -0.892946 -0.109007 
