-2.866791 1.811923 1.397830 -1.642363 1.095008 0.863190 -2.391120 2.551914 -1.456608 -0.216609 1.088644 -0.943056 -0.118080 
-2.786182 1.841348 1.342480 -1.706434 0.957949 0.812396 -2.263723 2.525465 -1.499740 -0.035809 0.981447 -0.921582 -0.129472 
-2.847370 1.931932 1.300406 -1.667856 0.989578 0.804210 -2.235605 2.408350 -1.528479 -0.023491 1.002854 -0.908142 -0.122175 
-2.847565 2.033015 1.249776 -1.678666 1.035824 0.782936 -2.216801 2.398877 -1.537149 -0.105344 0.972844 -0.904659 -0.108059 
-2.996886 1.968186 1.206807 -1.715369 1.019547 0.752303 -2.175172 2.423255 -1.552312 -0.162237 1.045556 -0.893241 -0.144104 
-2.958342 1.958796 1.239625 -1.742832 1.023918 0.793284 -2.198013 2.466892 -1.627274 -0.180065 1.087077 -0.871986 -0.148405 
-2.949106 1.962835 1.363470 -1.659727 1.115913 0.841314 -2.273738 2.515059 -1.495575 -0.155073 1.091672 -0.965515 -0.171977 
-2.900163 1.964970 1.404823 -1.676296 1.034348 0.843813 -2.211764 2.549096 -1.476289 -0.139676 1.087012 -0.967998 -0.136358 
-2.934789 2.134172 1.355825 -1.676749 1.060834 0.861649 -2.061752 2.540427 -1.535637 -0.105328 1.102320 -0.926688 -0.181646 
-2.981401 2.054632 1.280364 -1.598116 1.098327 0.838130 -2.104320 2.428826 -1.489977 -0.173958 0.924386 -1.141702 -0.325475 
-3.405427 1.974624 0.792014 -1.598590 1.284245 0.598265 -2.377166 2.091304 -1.189043 -0.070760 0.769882 -1.209649 -0.401555 
-2.998630 1.694191 1.133722 -2.040228 0.263533 0.276783 -2.830906 1.685064 -0.718524 0.206017 0.877501 -0.794483 -0.473578 
-3.098354 2.576243 1.613350 -2.129010 0.143713 0.969610 -2.037185 1.671272 -1.012974 0.335698 0.327770 -0.594854 -0.577729 
-2.754265 3.357327 1.364823 -2.259159 0.591322 1.005019 -2.353786 1.468573 -1.401530 0.357645 0.210180 -0.585946 -0.747931 
-2.775865 3.598406 0.772332 -2.143709 0.765440 0.845788 -1.945822 1.259716 -1.074494 0.409425 0.615541 -0.307398 -0.542549 
-2.914451 2.916085 0.045357 -1.916599 0.416743 0.391696 -1.357480 1.109294 -1.000391 0.600961 0.622447 -0.204500 -0.376358 
-3.333687 2.871833 -0.670674 -2.446693 0.050121 0.037295 -1.146734 1.286235 -1.622782 0.461131 0.632272 -0.118454 -0.087750 
-3.200534 2.142565 -1.281746 -2.425883 0.297112 0.066934 -1.284242 1.298508 -1.208786 0.347843 0.742081 0.013662 -0.188169 
-2.661003 2.091330 -1.289268 -1.594354 0.976489 0.234599 -0.952996 1.396600 -0.713222 0.114345 0.488044 -0.322090 -0.315243 
-3.196717 2.239574 -1.153090 -1.772421 0.807463 -0.263773 -1.338579 2.035831 -0.657599 0.639635 0.798910 -0.376194 -0.406962 
-3.422521 2.683929 -0.782678 -1.612398 0.497497 -0.347781 -1.315547 1.091824 -1.383924 0.433577 1.367081 0.212009 -0.630808 
-3.422893 2.478689 -0.309085 -1.318579 0.067798 -0.212747 -0.769482 0.645940 -1.548147 -0.076737 1.195426 0.119071 -0.424168 
-3.671797 0.809096 -1.233295 -1.237705 0.318073 -0.059745 -0.669642 0.640904 -0.835961 -0.659946 0.524579 -0.470110 -0.286176 
-3.739419 0.898267 -1.674274 -1.166014 0.620880 -0.213443 -0.771451 0.558929 -1.094795 -0.924709 0.197150 -0.517060 -0.325555 
-3.540214 1.573892 -1.655723 -1.506500 0.256988 -0.500458 -0.537231 1.157468 -0.864249 -0.589990 -0.103081 -0.846139 -0.622910 
-4.027437 1.139166 -2.880882 -2.369355 0.099391 0.088270 -0.100942 0.391208 -0.668864 -0.400011 -0.034919 -0.544461 -0.618887 
-3.911728 1.610123 -2.228398 -2.324501 0.342558 0.082142 -0.598669 0.736642 -1.035012 -0.672004 -0.241160 -0.717471 -0.511554 
-1.981734 3.603264 0.372231 0.843833 2.172543 0.011042 -1.957656 0.109023 -1.875435 1.377431 0.360703 -0.990541 0.654751 
-2.019249 3.215344 -0.694805 0.903049 1.878257 -0.382012 -1.147027 0.070429 -1.838915 0.696741 0.455824 -0.933238 -0.240034 
-2.278241 3.239260 -1.329137 0.810745 1.748949 -0.859673 -1.303536 -0.347956 -1.847292 0.411059 0.511741 -1.030082 -0.445793 
-2.328288 3.988086 -1.737323 1.299135 2.448653 -1.541172 -1.925755 -0.602816 -2.319884 0.341616 0.748100 -1.434749 -0.496967 
-3.100395 3.230310 -1.748894 1.017770 2.002339 -1.643858 -2.169909 -0.898869 -2.336612 -0.111214 0.684436 -1.541900 -0.705457 
-3.381608 2.780903 -1.101370 0.915079 1.702054 -1.740947 -2.689294 -0.606147 -1.626283 0.149574 0.726490 -1.272686 -0.510321 
-3.540703 2.698049 -1.035724 0.511119 1.578353 -1.940031 -3.064980 -0.173537 -1.759419 -0.377582 0.455733 -1.337191 -0.473739 
-4.297107 1.330000 0.069325 -0.288023 1.042971 -0.619820 -2.434301 0.837078 -0.036297 -0.385580 0.715220 -1.017750 -0.574123 
-4.954800 0.468230 0.298555 0.033453 1.492442 0.251759 -2.042400 0.914602 0.630905 -0.593515 0.973157 -1.102442 -0.398833 
-4.292889 1.032420 0.751979 -0.958580 0.825976 0.277871 -1.709088 1.906620 -0.911615 -0.388797 0.962255 -1.016347 -0.145537 
-3.392338 1.754668 1.453659 -1.227695 0.772599 0.637436 -1.889271 2.170424 -1.381042 0.263407 1.153032 -0.846308 -0.131125 
-2.859119 2.269681 1.307842 -1.574961 1.052971 0.799037 -2.160879 2.353870 -1.576260 0.017150 1.055323 -0.715609 -0.017360 
-2.847135 2.005605 1.244772 -1.638307 0.850449 0.785162 -2.041505 2.252825 -1.545322 -0.101482 0.829627 -0.802737 -0.087498 
-2.881324 1.954996 1.284498 -1.750604 0.871654 0.866530 -2.082641 2.371335 -1.581998 -0.051466 0.856854 -0.805197 -0.123141 
-4.938286 0.676685 -1.033146 -0.090683 1.035994 -1.134222 -2.131710 0.719334 0.093733 -0.634490 1.649867 0.255034 0.505673 
-4.779558 0.803407 -0.855656 0.001440 1.069390 -1.102315 -2.218462 0.599587 0.008049 -0.651727 1.455721 0.015106 0.209857 
-4.363609 0.920849 0.364399 0.147435 1.900445 0.256064 -1.948054 1.370452 -0.695426 -0.429492 0.831422 -1.184186 -0.635194 
-4.666020 0.995611 0.679658 0.704115 2.221162 0.768815 -1.219103 1.662032 -0.568706 -0.886157 0.866963 -1.080462 -0.637862 
-4.626442 1.149065 0.881287 0.774916 2.041617 0.516248 -1.339691 1.763828 -0.493287 -0.592830 1.180787 -0.623612 -0.578580 
-5.063452 1.096494 0.246534 -0.173101 1.455602 0.187436 -1.832324 0.838241 -1.338583 -0.407123 1.180781 -0.655500 -0.137928 
-4.502945 1.502792 1.037449 -0.584116 0.530128 0.459198 -1.143579 0.885481 -1.433541 -0.553236 1.147056 -0.308077 -0.552191 
-3.553348 1.352544 1.042634 -1.189485 0.897695 0.770992 -1.914052 1.794328 -1.002968 -0.454250 0.774893 -0.575339 -0.733952 
-3.393135 1.580393 0.968346 -1.141757 1.075491 0.907003 -1.579086 1.877621 -1.187860 0.103014 1.386255 -0.762006 -0.433190 
-3.485124 1.674668 0.821860 -1.301695 1.209412 0.941610 -1.638453 1.813488 -1.543790 0.029960 1.604692 -0.739543 -0.387900 
-3.078627 2.111677 0.923720 -1.736322 1.197786 0.885061 -2.057156 2.156186 -1.519585 -0.063324 1.107957 -0.828861 -0.335503 
-2.845243 2.030766 1.132437 -1.675547 1.067017 0.913877 -2.091815 2.229288 -1.510516 0.019162 1.006058 -0.843308 -0.205188 
-2.838005 1.969814 1.330277 -1.666062 1.049212 0.851111 -2.279816 2.361067 -1.557035 -0.015337 1.101783 -0.854675 -0.158084 
-2.913654 1.952344 1.314350 -1.633785 1.061166 0.781674 -2.287913 2.364369 -1.371507 -0.036816 1.110739 -0.947971 -0.227260 
-2.900235 1.931252 1.307747 -1.709734 1.102834 0.927961 -2.231183 2.413213 -1.522415 -0.034972 1.147242 -0.971758 -0.275568 
-2.933141 1.853832 1.357329 -1.704617 1.149363 1.018216 -2.303820 2.409955 -1.508940 -0.114830 1.111767 -0.931589 -0.221820 
-3.048492 1.962805 1.267273 -1.693270 1.160744 0.919788 -2.191287 2.445563 -1.531093 -0.137721 1.074313 -0.892829 -0.181606 
-2.978601 2.042531 1.366593 -1.645826 1.144883 0.890963 -2.198436 2.476335 -1.607194 -0.092645 1.131759 -0.857229 -0.199193 
-2.943609 1.968832 1.424421 -1.618131 1.162274 0.984815 -2.215230 2.469256 -1.567499 -0.181499 1.146382 -0.915451 -0.063555 
-3.104753 1.981526 1.347635 -1.605138 1.134067 0.881439 -2.231483 2.417672 -1.515856 -0.381053 1.092813 -0.988300 -0.190920 
-3.012989 1.963624 1.315377 -1.757680 0.886584 0.745096 -2.314538 2.441759 -1.590192 -0.145204 1.063485 -0.857781 -0.111683 
-2.798859 2.066885 1.469176 -1.581865 1.053147 0.900982 -2.215206 2.591075 -1.491242 0.030394 0.971824 -0.830347 -0.100842 
-2.712326 2.082974 1.305497 -1.496119 1.159398 0.899241 -2.130201 2.427067 -1.546486 -0.035862 0.829487 -0.882727 -0.074123 
-2.778533 1.971644 1.237629 -1.555944 0.979544 0.705535 -2.136846 2.394588 -1.601779 0.011057 0.829999 -0.901983 -0.144876 
-2.867667 1.845653 1.201727 -1.681598 0.831128 0.651181 -2.138726 2.396439 -1.533777 0.001241 0.833300 -0.934317 -0.125410 
-2.921380 1.887516 1.207510 -1.687217 0.928429 0.753997 -2.140799 2.427866 -1.341184 -0.063716 1.004638 -0.889629 -0.079309 
-2.802712 1.869126 1.212237 -1.712475 0.919609 0.772883 -2.132095 2.475924 -1.450608 -0.035270 0.997919 -0.776648 -0.162277 
-2.838254 2.009201 1.271455 -1.628865 0.982836 0.788658 -2.153652 2.440179 -1.538561 -0.082235 0.909139 -0.831602 -0.122374 
-3.011559 1.939142 1.052911 -1.654029 1.004432 0.792073 -2.142309 2.169765 -1.481510 -0.072537 0.994951 -0.887720 -0.134142 
-2.823819 1.931161 1.103787 -1.606860 1.026373 0.803342 -2.100938 2.348455 -1.474200 0.037650 1.016461 -0.821259 -0.103197 
-2.794978 2.057037 1.161632 -1.628253 0.968790 0.745700 -2.074672 2.413219 -1.498398 -0.018670 0.988877 -0.783434 -0.116521 
-2.773820 2.055971 1.087208 -1.672074 0.921684 0.745512 -1.983066 2.377079 -1.483844 -0.075994 0.890934 -0.831220 -0.166892 
-2.737427 1.902036 1.133101 -1.697477 0.890461 0.793900 -1.994030 2.398962 -1.550914 -0.131032 0.789397 -0.852904 -0.153689 
-3.010939 1.900514 1.191376 -1.701951 0.896304 0.703522 -2.152887 2.333269 -1.687246 -0.204047 1.124438 -0.684223 -0.176886 
