-2.927356 1.883438 1.196091 -1.782743 1.033797 0.892798 -2.200399 2.481820 -1.539960 -0.155170 1.022323 -0.904668 -0.125441 
-2.849269 1.851121 1.420074 -1.651120 0.956351 0.794790 -2.330285 2.531737 -1.404681 -0.067659 0.863943 -1.023471 -0.173861 
-2.973195 2.070922 1.001754 -1.633585 1.042369 0.829177 -1.882184 2.337927 -1.384255 -0.030226 0.935285 -0.848976 -0.062597 
-2.872640 2.052229 0.782664 -1.695247 1.087894 0.850768 -1.767855 2.262038 -1.663108 -0.150339 0.847939 -0.727630 -0.054178 
-2.792010 1.956969 0.775905 -1.757594 0.993431 0.702332 -1.936655 2.361177 -1.559818 -0.163748 0.826661 -0.806139 -0.129299 
-2.990164 1.835895 0.859392 -1.603429 1.057212 0.756321 -2.095075 2.069663 -1.286542 -0.009672 1.139517 -0.920288 -0.141324 
-3.138828 1.798909 1.042730 -1.435690 1.056545 0.697623 -2.093544 2.107559 -1.359946 -0.221759 0.978345 -0.890986 -0.100670 
-3.041376 1.814275 1.141119 -1.563914 0.990788 0.823803 -2.012084 2.254994 -1.512256 -0.121217 0.976354 -0.720465 -0.142718 
-2.902556 2.015180 1.135993 -1.747088 1.028415 0.886382 -2.075598 2.385695 -1.538401 -0.024000 1.060199 -0.722289 -0.145630 
-2.846502 1.947034 1.244165 -1.699268 1.021149 0.916307 -2.093881 2.395880 -1.541737 -0.022708 1.068777 -0.804326 -0.156483 
-2.975533 1.976469 1.229429 -1.757726 1.044096 0.868853 -2.139901 2.411222 -1.632225 -0.162386 1.086389 -0.879405 -0.139148 
-2.915272 2.021053 1.291380 -1.758254 1.031096 0.804585 -2.216502 2.528542 -1.532770 -0.174153 1.006184 -0.957384 -0.218403 
-2.911405 1.967207 1.367817 -1.788340 0.940913 0.774092 -2.216428 2.624976 -1.640038 -0.156977 1.008467 -0.945551 -0.203795 
-3.469449 1.820870 1.745838 -1.898046 0.784894 1.147317 -2.247973 2.297291 -1.507956 0.052636 0.699924 -0.767010 -0.143599 
-3.412139 2.031784 1.620024 -1.570309 1.063264 1.058718 -2.107084 2.247752 -1.286139 -0.052046 0.915882 -0.716219 -0.008195 
-3.621451 2.074617 1.155190 -1.767962 0.981519 1.132069 -1.683051 2.124709 -1.552957 -0.353389 0.239964 -0.534154 -0.073370 
-4.023866 2.246533 0.553943 -2.051760 0.941803 0.982612 -1.578533 2.163852 -0.974790 -0.126835 0.087128 -0.504177 0.005693 
-3.638355 3.033035 -1.341065 -2.849184 1.263095 1.115962 -0.726904 1.619702 -0.728578 0.024344 0.707022 -0.629983 -0.267239 
-3.884893 2.374363 -1.075667 -2.517047 1.030628 1.207012 -0.482002 1.747626 -0.703517 0.595692 0.639213 -0.629925 -0.183763 
-3.578079 1.900186 -0.137896 -1.583224 0.429173 0.451120 -0.663960 1.538567 -0.965580 0.555205 0.682439 -0.947259 -0.677467 
-3.565558 1.418250 0.207646 -1.491026 0.039213 0.308087 -1.097057 1.052253 -0.795920 0.720339 0.634295 -0.707026 -0.463853 
-4.104523 0.744285 -0.723734 -1.934675 0.339454 1.054851 -0.464112 1.468679 -0.372622 0.664224 0.509867 -0.219105 0.314817 
-3.876671 1.066510 -0.855563 -1.858875 0.206246 0.682621 -0.587729 0.880763 -0.693422 -0.462679 -0.417844 -1.043526 -0.208878 
-3.556658 1.285335 -0.645882 -1.287673 0.559869 0.170311 -1.193549 0.711204 -0.510273 -0.491518 0.425422 -0.764756 -0.164534 
-4.226840 1.534909 -1.272996 -1.378586 0.717886 -0.290734 -1.487057 0.975932 -0.134858 0.132965 0.411107 -0.142475 -0.210881 
-3.982467 1.463189 -1.381032 -1.399371 0.328023 -0.347884 -1.185030 0.320035 -0.891096 -0.180590 0.421425 -0.085180 -0.404402 
-3.688967 1.035808 -1.217528 -0.571118 0.758759 -0.113319 -0.626692 0.047025 -0.840431 -0.978549 0.552640 -0.272728 0.113991 
-4.097808 0.710567 -0.976073 -0.547760 0.347807 -0.038343 -0.518282 0.216604 -1.066484 -0.327350 -0.330266 -0.227337 0.503567 
-3.810018 1.030345 0.054400 -0.435193 0.144414 0.284655 -0.653975 0.146288 -1.127089 -0.074321 -0.295896 -0.225471 0.105590 
-3.932731 1.090880 -0.049466 -1.110160 -0.419565 0.290201 -0.117099 0.771484 -0.534558 -0.195232 -0.053575 -0.156312 -0.004926 
-2.114517 4.173574 0.466774 0.725257 2.095119 0.376731 -0.354031 1.388414 -1.667743 1.442189 0.599620 -2.087098 0.011849 
-2.579123 3.965603 0.231648 1.362248 1.823117 -0.580133 -1.038818 -0.119798 -1.998492 1.765126 0.229325 -2.205368 0.361730 
-2.995060 3.533364 0.492914 1.629242 1.549081 -0.897741 -1.357499 -0.440208 -1.890174 1.457932 0.037011 -2.209738 0.254990 
-3.163389 3.174888 0.740802 1.840395 1.465716 -1.232220 -2.051654 -0.470212 -1.728204 0.756449 -0.062511 -2.047124 0.266740 
-3.795556 2.230544 0.137548 1.647843 1.292743 -1.461907 -2.204633 -0.914641 -2.122760 0.378449 0.048163 -1.906222 0.204193 
-3.612488 2.572637 -0.386719 0.818292 0.675081 -2.212623 -2.196492 -0.154679 -1.565908 0.565119 0.566698 -1.652559 0.043155 
-3.379705 2.500801 -0.179162 0.419642 0.636141 -2.084384 -2.544213 0.163004 -1.908401 0.694933 0.961524 -1.182498 0.409383 
-3.125699 3.372434 0.425519 -0.029763 1.326252 -1.620823 -3.284918 1.103194 -1.123382 0.667926 0.925526 -1.328787 0.279472 
-3.261641 2.597007 0.854467 -0.650959 1.124417 -0.303175 -2.140552 2.053991 -0.715081 0.429027 0.987922 -0.898283 -0.127801 
-3.966017 2.359573 0.357608 -0.876200 1.799223 0.314760 -2.233773 1.661409 -0.316170 -0.112432 0.336996 -1.678732 -0.144756 
-3.045225 1.698367 0.970275 -0.696470 1.512908 0.247512 -2.244929 2.357907 -1.147334 -0.551644 0.625452 -1.402999 0.283209 
-2.930762 2.075949 1.378019 -1.531973 1.065800 0.687352 -2.356191 2.482084 -1.411886 -0.075399 0.869735 -1.069791 -0.146384 
-2.995849 1.881269 1.304771 -1.690372 0.961372 0.837616 -2.227701 2.485664 -1.563620 -0.042096 0.922437 -0.955154 -0.167568 
-2.897067 1.972531 1.278877 -1.584831 1.020000 0.870409 -2.074084 2.530272 -1.445510 0.072492 1.060289 -0.853146 -0.053953 
-4.105822 0.167234 -0.650381 0.498801 1.930458 0.303104 -0.835191 1.205359 -0.322877 -1.064264 1.080657 -1.454768 -0.691431 
-4.052327 0.446821 -0.734512 0.242232 1.626194 -0.090742 -1.222057 0.851566 -0.703872 -1.230004 0.862000 -1.331257 -0.671890 
-3.650458 2.155225 0.436732 -0.165424 1.355364 -0.236105 -1.792303 1.223834 -1.111333 -1.038852 0.873493 -1.026063 -0.187498 
-3.771703 1.980473 1.084504 0.109843 1.727436 0.432383 -2.007911 0.886519 -0.831096 -0.864634 1.068353 -1.453503 -0.102472 
-4.059329 1.533385 0.778032 -0.425972 1.810617 1.211374 -1.793122 0.893756 -0.343410 -0.147191 1.989367 -1.087008 -0.336345 
-3.611380 1.253236 0.653682 -0.682898 1.341326 0.734747 -2.034500 1.049413 -0.115378 -0.011773 1.161367 -1.374499 -0.469615 
-3.448980 1.405042 0.947715 -1.049029 0.974266 0.657632 -2.011833 1.587842 -0.940109 -0.155148 1.079808 -0.973396 -0.602357 
-3.104312 1.795914 0.804060 -1.413334 1.079279 0.721441 -1.823705 2.074234 -1.655585 -0.100563 1.210892 -0.829713 -0.531358 
-2.896998 2.151338 1.110962 -1.566077 1.060629 0.820715 -2.013764 2.233222 -1.561328 -0.012712 0.903619 -0.760212 -0.082879 
-2.782358 2.002257 1.036778 -1.587061 0.962712 0.682349 -1.999494 2.391944 -1.464620 -0.056828 0.794005 -0.854256 -0.067868 
-2.945173 1.975132 0.891787 -1.540399 1.041652 0.563666 -2.052090 2.339964 -1.368544 -0.167356 0.932609 -0.916592 -0.089733 
-2.986812 1.933442 0.985959 -1.645741 0.940657 0.589922 -2.119349 2.329435 -1.532611 -0.234983 0.933759 -0.786782 0.022494 
-2.784601 2.184790 1.218984 -1.945995 0.715496 0.856292 -1.831259 2.556404 -1.740877 -0.124236 0.772232 -0.700706 -0.078749 
-2.707019 2.216547 1.324610 -1.773714 0.855132 0.776162 -2.051836 2.499222 -1.761271 0.118684 0.784251 -0.829941 -0.135190 
-2.827976 2.031166 1.297725 -1.500146 1.087914 0.868470 -1.971155 2.466281 -1.471749 -0.064280 0.971225 -0.920371 -0.122450 
-3.100029 1.584187 1.609441 -1.188912 0.706698 1.102875 -1.543265 1.845611 -1.122882 0.106300 0.767677 -1.169753 0.094778 
-2.947055 1.647368 1.620426 -1.200694 0.668694 0.985293 -1.675391 1.761669 -1.120056 0.148226 0.803178 -1.203708 0.057667 
-2.913396 1.909304 1.232297 -1.611431 0.993938 0.657240 -2.180871 2.498294 -1.513710 -0.141637 1.105975 -0.795865 -0.141568 
-2.964374 1.974597 1.338807 -1.655331 1.000692 0.680757 -2.269172 2.520797 -1.607507 -0.280420 1.019422 -0.836760 -0.089630 
-2.942482 1.956948 1.375904 -1.764294 0.968363 0.722733 -2.340633 2.586767 -1.576126 -0.211701 0.978824 -0.999020 -0.141138 
-3.060081 2.049790 1.358904 -1.773776 1.047433 0.773767 -2.239366 2.615358 -1.576575 -0.253171 1.141033 -1.014870 -0.131051 
-3.101074 2.098321 1.413643 -1.674703 1.130725 0.808619 -2.256940 2.559349 -1.491390 -0.089994 1.059046 -0.863881 -0.151132 
-3.150063 2.101654 1.437866 -1.674440 1.081124 0.837945 -2.256192 2.526017 -1.625585 -0.119209 1.039422 -1.005934 -0.271317 
-3.224449 2.033915 1.140549 -1.723802 0.937954 0.664680 -2.159118 2.378839 -1.529474 -0.175941 1.036269 -1.096845 -0.169964 
-3.054143 2.075350 1.253481 -1.661712 0.994885 0.782312 -2.160850 2.474306 -1.375675 -0.076779 1.012685 -0.856842 0.019075 
-2.722381 2.088418 1.311826 -1.538449 1.098405 0.890164 -2.048368 2.577678 -1.433877 -0.005226 0.832586 -0.924790 -0.114202 
-2.680235 2.110320 1.298350 -1.570161 0.997969 0.757840 -2.158751 2.384106 -1.658567 0.060520 0.772900 -0.831178 -0.126348 
-2.891523 1.896760 1.099757 -1.566738 0.904397 0.586538 -2.138400 2.232983 -1.551004 -0.045824 0.899636 -0.875497 -0.129537 
-3.048736 1.659760 1.114932 -1.513747 0.940016 0.703336 -2.055486 2.254490 -1.441225 -0.139682 0.949309 -0.901177 -0.156893 
-2.785375 1.903068 1.189926 -1.678465 1.025705 0.806278 -2.149378 2.537942 -1.527636 -0.071760 0.930086 -0.865615 -0.124332 
-2.845907 1.922075 0.990961 -1.685944 0.962824 0.716035 -2.035275 2.429227 -1.484795 -0.124430 0.869306 -0.940543 -0.183164 
