-2.857767 1.894881 1.396911 -1.710627 1.075309 0.919290 -2.270671 2.520165 -1.581665 -0.136881 1.038407 -0.974362 -0.159047 
-2.899634 1.908678 1.330942 -1.741906 1.032132 0.876502 -2.255910 2.439366 -1.598437 -0.119601 1.029024 -0.902642 -0.129987 
-2.956658 1.929597 1.395918 -1.735023 1.003215 0.865469 -2.279232 2.469007 -1.563064 -0.166228 1.046550 -0.945893 -0.178957 
-2.985270 1.982973 1.427451 -1.785171 0.943763 0.805220 -2.277177 2.533442 -1.559044 -0.138790 1.054002 -0.975253 -0.187146 
-2.875773 1.968825 1.422543 -1.737083 1.044143 0.848013 -2.318004 2.530448 -1.552592 -0.123730 1.071184 -0.972110 -0.151159 
-2.904704 1.970894 1.406595 -1.602463 1.091223 0.828917 -2.236051 2.524836 -1.516454 -0.141346 1.120993 -0.941959 -0.158247 
-2.973968 1.897982 1.420745 -1.604960 1.001399 0.842437 -2.110364 2.603562 -1.531355 -0.110507 1.044950 -0.987086 -0.263107 
-3.398848 1.902118 0.966228 -1.494177 1.306219 0.856567 -2.105961 2.108030 -1.355438 -0.259655 1.220498 -1.148216 -0.506984 
-3.284810 1.753652 0.830056 -1.834594 0.678810 0.561968 -2.306117 1.840067 -0.840424 -0.557614 0.791653 -0.914928 -0.166945 
-3.630842 2.567560 1.226045 -1.571734 0.676917 0.563837 -1.911147 1.761478 -0.910340 -0.502688 0.312618 -0.719721 0.084996 
-3.084519 4.026147 -0.488706 -2.717070 0.806805 0.715767 -0.951848 2.038037 -0.659325 0.117017 0.669100 0.166486 0.530598 
-2.730854 4.027185 -0.852555 -2.555279 1.576881 1.169308 -1.444270 1.199822 -0.637197 0.262296 0.241096 -0.589280 -0.216550 
-2.717716 3.449903 -1.534661 -2.387317 1.310388 0.768500 -1.397483 0.359046 -0.448905 0.678991 0.454608 -0.853799 -0.298535 
-2.932966 2.578277 -1.464665 -1.508997 0.906966 -0.098849 -0.938294 0.907759 -0.613261 0.610485 0.536510 -0.794717 -0.362751 
-3.472227 1.660089 -1.884147 -1.861107 0.337570 -0.344815 -0.812262 1.213041 -0.636825 0.247811 0.217957 -0.537883 -0.374636 
-3.567638 1.157524 -2.613829 -1.980962 0.563933 -0.012947 -0.652991 1.029547 -0.075935 -0.186874 -0.173334 -0.269953 -0.173057 
-4.426867 0.842366 -2.797689 -1.441359 0.451104 -0.778327 -0.218123 2.281411 0.454298 0.354304 -0.001609 -0.060089 -0.137904 
-4.115461 1.136655 -1.902363 -1.085515 0.054097 -1.337530 -0.654452 2.282850 0.158045 0.254753 -0.333500 -0.377999 -0.097984 
-3.783358 0.886971 -1.706559 -1.488503 -0.133185 -0.632585 -0.740719 1.358522 0.061954 -0.026664 -0.688790 -0.577989 0.371187 
-4.452537 0.308708 -2.381551 -1.606256 -0.042867 -0.708595 -0.842499 0.756347 -0.349208 -0.077162 -0.373715 -0.590060 0.266235 
-4.199892 0.668009 -2.280361 -1.545921 0.000716 -0.655260 -0.746562 0.537720 -0.852231 -0.231695 -0.335187 -0.495729 0.083713 
-4.249916 0.382625 -2.392638 -1.700480 -0.378654 -0.759269 -0.764922 0.297507 -0.617257 -0.907458 -0.953323 -0.677587 0.049864 
-3.902653 0.772060 -2.168107 -1.115963 0.178955 -0.396297 0.074647 1.580800 -0.072244 -0.278513 -0.593541 -0.294347 -0.257473 
-2.886047 2.396992 -0.467906 0.178826 1.640870 0.535465 0.134499 1.745192 -1.178504 0.761189 0.043231 -0.706763 -0.477931 
-2.135297 3.852885 -0.163135 1.514893 2.736897 0.241936 -0.654844 0.080807 -2.512047 1.810171 1.375015 -1.594297 -0.660305 
-2.234204 3.729587 -0.230891 1.584090 1.698975 -0.755704 -1.133687 -0.690497 -2.378933 1.178369 0.405025 -1.507681 -0.343379 
-2.307518 3.490234 -0.353007 1.469692 1.536438 -0.999052 -1.362507 -0.581981 -2.132971 0.965649 0.218244 -1.265798 -0.288444 
-2.214004 2.846398 -0.182552 1.295903 1.509418 -0.908418 -1.863815 -0.410254 -1.793180 0.917614 0.450794 -0.771617 -0.288304 
-2.833855 2.467497 -0.321477 1.583156 1.455240 -1.216333 -2.059504 -0.950116 -1.957396 0.646845 0.652653 -0.589019 -0.195713 
-3.544171 2.562265 -0.793221 1.456485 1.470905 -1.532132 -2.210414 -1.289904 -1.715531 0.305870 0.671660 -0.750334 -0.271001 
-3.323908 2.877546 -0.286043 0.996274 1.419596 -2.141408 -3.137434 -0.023726 -0.983965 0.470579 0.735649 -1.342093 -0.510165 
-4.273404 1.096038 -0.255756 0.865247 0.742948 -1.654852 -2.032200 0.415222 0.732026 -0.029780 1.074671 -0.823212 -0.110086 
-6.238421 -1.017206 -0.306165 1.419889 1.169348 -0.727308 -1.098577 0.446610 0.943232 -1.012257 1.059251 -0.690308 -0.236071 
-4.983326 1.251283 0.292888 0.005947 0.764574 -0.534120 -0.961811 1.324384 -0.427985 -1.098408 1.483324 -0.021340 -0.140434 
-3.398308 1.818277 0.768410 -1.229836 1.039007 0.468015 -1.798735 2.202786 -0.960732 -0.340945 1.566973 -0.556260 -0.256480 
-2.729213 2.044993 1.256343 -1.442457 1.129222 0.771525 -2.267704 2.285532 -1.515837 0.002830 0.967022 -0.825813 -0.245140 
-2.745469 2.053931 1.250539 -1.481002 1.080253 0.730404 -2.217454 2.264403 -1.512232 -0.033962 0.953084 -0.862943 -0.211298 
-2.762268 1.866677 1.095294 -1.675541 0.937067 0.720077 -2.155639 2.258934 -1.409149 -0.113472 0.933487 -0.948971 -0.182014 
-5.820239 -1.275673 -1.945778 0.609679 0.547520 -1.075263 -0.292340 0.072800 -0.169788 -1.948499 0.860820 0.132420 0.146435 
-5.602171 -1.044640 -1.687709 0.741676 0.832092 -0.880199 -0.334569 0.249218 -0.081764 -2.011022 0.839324 -0.030993 -0.003556 
-5.130958 0.336282 0.165892 0.563110 1.157261 -0.685053 -1.606776 1.280825 0.538989 -0.863745 0.904049 -1.045774 -0.133881 
-4.670692 0.359324 0.292253 0.459271 0.891357 -0.671539 -1.872762 0.651287 -0.005291 -0.820749 0.575475 -0.786833 -0.262120 
-4.281448 1.297684 1.014533 -0.000402 1.033309 0.063107 -2.052712 0.967338 -0.591572 -0.221940 0.150331 -1.019148 -0.623796 
-4.461233 1.486277 0.654638 -0.389657 1.368843 0.613527 -1.930056 0.798295 -1.040433 -0.062067 0.496159 -1.232113 -1.019008 
-4.446019 0.762735 -0.044132 -0.861090 1.079377 0.830675 -1.878876 0.302484 -0.261739 0.118060 0.817178 -0.588873 -0.351253 
-3.595464 1.764334 0.335603 -1.419940 1.280206 1.126946 -1.910705 0.767017 -0.724905 -0.069201 0.948062 -1.393052 -0.579554 
-3.066350 2.064619 0.897005 -1.432887 1.406226 1.112270 -2.231858 1.407025 -1.350099 -0.018927 0.776421 -1.016129 -0.377079 
-3.323042 1.977602 0.690698 -1.245811 1.392275 0.505827 -2.461926 1.534123 -1.469471 -0.109968 1.141824 -0.976610 -0.191975 
-4.497039 1.550920 0.749792 -0.104596 1.218833 0.221879 -1.219804 0.970892 -1.250643 -1.290161 1.698165 -0.428778 -0.653251 
-4.469377 1.620322 0.764483 -0.144831 1.193304 0.231189 -1.136624 1.020977 -1.183133 -1.249527 1.708763 -0.350420 -0.501161 
-3.101106 1.862825 1.194817 -1.610909 0.968288 0.826673 -2.121423 2.252709 -1.362733 -0.131340 0.972086 -0.846004 -0.272173 
-3.113280 1.972256 1.319087 -1.493328 0.950082 0.669361 -2.050335 2.420072 -1.383752 -0.165338 1.100940 -0.807850 -0.245262 
-3.179628 1.988698 1.339257 -1.688211 0.899331 0.687653 -2.163236 2.359326 -1.543908 -0.266088 1.019737 -0.980287 -0.204356 
-3.018956 2.027618 1.330413 -1.734626 1.062780 0.840940 -2.226685 2.563032 -1.515643 -0.215814 0.986649 -0.985614 -0.155736 
-2.816312 1.959574 1.461613 -1.658429 1.108602 0.863412 -2.284908 2.605490 -1.673994 -0.191881 0.969678 -0.992625 -0.204946 
-2.944198 2.060571 1.411551 -1.713767 1.029997 0.831579 -2.259901 2.446277 -1.577130 -0.055010 1.061882 -0.952095 -0.199239 
-2.981956 1.949118 1.374813 -1.676266 1.051723 0.840269 -2.250090 2.521586 -1.484997 -0.142093 1.103491 -0.952792 -0.192279 
-2.946680 1.977043 1.387560 -1.742665 0.931189 0.820389 -2.306591 2.460515 -1.707018 -0.096392 0.953137 -1.005810 -0.225580 
-2.935518 2.051233 1.276252 -1.712665 1.021375 0.810266 -2.238623 2.483017 -1.601097 -0.143917 0.983307 -0.994790 -0.160266 
-2.900390 1.909746 1.283996 -1.669566 1.006781 0.821745 -2.193275 2.646722 -1.475187 -0.072749 1.109965 -0.913963 -0.163949 
-2.855098 2.143550 1.401991 -1.486029 1.118048 0.870078 -2.173340 2.361163 -1.552453 -0.076833 0.980507 -0.913741 -0.151032 
-2.881197 2.117793 1.087574 -1.754123 0.949903 0.783161 -2.105917 2.214671 -1.521679 -0.059171 0.838407 -0.870442 -0.152018 
-2.915162 1.941057 1.027605 -1.847368 0.922131 0.842261 -2.129089 2.235668 -1.455359 -0.001804 0.802569 -0.861844 -0.116702 
-2.799630 1.862481 1.213377 -1.605411 1.021202 0.740719 -2.160575 2.535998 -1.540989 -0.048648 0.949572 -0.893457 -0.136894 
-2.859909 1.906428 1.145070 -1.585585 0.986237 0.715326 -2.073037 2.448029 -1.444385 -0.128034 1.004081 -0.881466 -0.104872 
-2.952482 1.897112 1.091362 -1.636365 0.980460 0.724281 -2.105140 2.411399 -1.443822 -0.076065 0.896483 -0.922933 -0.164969 
-2.864734 1.842628 1.093148 -1.702548 0.929341 0.761253 -2.107634 2.468038 -1.449967 -0.041024 0.826210 -0.927728 -0.140045 
-2.987260 1.874478 0.974923 -1.660623 0.953433 0.718161 -2.041661 2.328189 -1.362610 -0.171207 0.937920 -0.947407 -0.050862 
-2.954942 2.015205 1.084344 -1.585513 0.955929 0.693165 -2.011070 2.339859 -1.362821 -0.095779 0.871757 -0.853425 -0.001813 
-2.787485 1.979599 1.139720 -1.596947 0.951948 0.759420 -1.983010 2.418827 -1.453489 -0.028622 0.831983 -0.850909 -0.033342 
-2.925827 1.857939 0.968857 -1.661714 0.873237 0.597670 -2.052906 2.282820 -1.375458 -0.027653 0.987328 -0.924098 -0.180525 
-2.881023 1.986415 1.084157 -1.596074 1.037127 0.692920 -2.201988 2.239141 -1.416681 0.033903 0.901735 -0.897607 -0.203806 
-2.795607 1.853303 1.062671 -1.511566 1.071043 0.768438 -2.134487 2.201278 -1.484001 -0.068526 0.935497 -0.939195 -0.135554 
-2.848213 1.774621 0.990798 -1.593915 1.037189 0.766537 -2.100354 2.223597 -1.459461 -0.055814 0.986443 -0.892707 -0.105557 
-2.861105 2.003959 1.275081 -1.649542 1.022490 0.807430 -2.162499 2.435257 -1.517478 -0.046346 0.993122 -0.906156 -0.113521 
