-2.920797 1.915284 1.378840 -1.700487 1.086750 0.903359 -2.294941 2.472636 -1.544697 -0.143237 1.117007 -0.917915 -0.140759 
-2.959894 1.854665 1.366351 -1.704328 1.048430 0.834083 -2.285188 2.521408 -1.575588 -0.230540 1.087498 -0.938282 -0.176582 
-2.950482 1.971128 1.430994 -1.782780 1.034397 0.914108 -2.278493 2.561907 -1.496436 -0.212960 1.002515 -1.016931 -0.142358 
-2.919565 1.921821 1.367835 -1.811464 1.041737 0.898620 -2.349514 2.501974 -1.595334 -0.091851 1.014210 -0.956691 -0.164381 
-2.963739 1.990218 1.349822 -1.714674 1.086459 0.867642 -2.251500 2.451507 -1.596902 -0.153338 1.091194 -0.930864 -0.146535 
-2.967421 1.938864 1.357696 -1.732306 1.011010 0.870568 -2.224771 2.514605 -1.595424 -0.154633 1.001660 -1.005081 -0.250637 
-3.017445 1.916113 1.284405 -1.665842 0.994532 0.779146 -2.267962 2.402282 -1.534301 -0.197902 1.018445 -0.989698 -0.190058 
-2.930012 2.012528 1.364867 -1.654162 1.014624 0.889494 -2.223412 2.428325 -1.498403 -0.057720 1.021839 -0.846715 -0.063829 
-2.834198 2.084785 1.357729 -1.622829 1.010957 0.907879 -2.052691 2.542180 -1.461847 0.011170 0.936498 -0.934996 -0.139422 
-2.735072 2.030609 1.368424 -1.577955 0.951035 0.791137 -2.135690 2.399648 -1.582671 -0.023306 0.864728 -0.935075 -0.179162 
-2.797198 1.898081 1.212051 -1.553757 0.963757 0.708521 -2.186850 2.265345 -1.574645 -0.027600 0.906724 -0.830800 -0.130938 
-2.944641 1.802912 1.096043 -1.550270 1.045346 0.785146 -2.128933 2.140921 -1.486166 -0.049372 1.018376 -0.886895 -0.152223 
-2.863069 2.052560 1.246839 -1.618559 0.927711 0.702921 -2.223971 2.098128 -1.500964 -0.011483 0.993212 -0.935511 -0.117936 
-2.727634 2.214231 1.464383 -1.734788 0.601875 0.640929 -2.145938 2.308800 -1.096517 0.038289 1.084911 -0.770415 -0.423892 
-3.086140 2.946975 1.264768 -2.320082 0.085168 0.669915 -1.703330 1.884425 -1.785399 -0.157964 0.885879 -0.570506 -0.011594 
-3.489590 2.169365 1.415380 -2.071873 -0.456009 0.220480 -1.828766 1.597429 -1.680491 0.368674 1.068962 -0.345981 0.066379 
-3.638329 1.829458 0.887514 -1.454891 0.197161 0.092342 -1.938491 1.359396 -1.304436 0.769032 1.150465 -0.540547 -0.323183 
-3.126741 2.044660 0.756856 -1.326627 -0.113465 -0.745228 -2.302050 1.370667 -1.697491 0.479895 0.640260 -0.662747 -0.529161 
-3.747033 1.711770 0.198810 -1.179833 -0.249034 -0.500811 -1.184344 0.781612 -1.803565 0.355353 0.845708 -0.785094 -0.506762 
-3.934860 1.640739 -0.010067 -0.955860 -0.064736 0.190106 -0.036196 0.551675 -1.121534 0.329503 1.254258 -1.079417 -0.565828 
-3.889810 0.678781 -0.144615 -0.044372 0.473748 -0.146700 -0.336748 0.708545 -0.863178 0.040073 1.160306 -1.035467 -0.470999 
-5.030267 -0.051226 -0.447219 0.558636 0.618870 -0.613422 -0.454715 0.153874 -1.339569 -0.622632 1.222623 -0.905556 -0.283324 
-5.441379 0.103455 -0.388893 0.119853 0.190153 -0.701908 -0.648808 0.032428 -0.902133 -0.521540 1.253450 -0.335094 0.034462 
-5.125599 0.177993 -1.004624 -0.542541 0.631660 -0.283271 -1.236854 -0.097614 -0.927885 -0.202838 1.297678 0.001511 -0.481951 
-4.645444 0.013268 -1.105318 0.064438 0.413078 -0.654690 -0.670538 -0.124982 -0.314216 0.664201 1.638733 -0.566544 -0.267865 
-4.613822 -0.233636 -0.786024 -0.273764 -0.370267 -0.598620 -0.554428 -0.189116 0.206248 0.856844 0.610953 -0.893961 -0.021502 
-5.779164 -0.984208 -0.968676 -0.205091 -0.553531 -0.326536 0.352315 0.087016 0.091787 0.152405 0.762930 -0.627528 -0.297648 
-5.856830 -0.708202 -0.601209 0.590907 -0.257699 -0.578545 0.359653 -0.225136 -0.053275 0.208883 1.199599 -0.818934 -0.426949 
-5.768909 -0.772409 -0.735756 0.386934 -0.134563 -0.413435 -0.085452 -0.684498 -0.196740 0.238132 1.269132 -0.323531 -0.287098 
-5.383391 -0.156384 -0.743109 -0.141720 -0.189381 -0.295935 -0.281134 -0.639850 -0.504985 0.186422 1.069571 -0.051131 0.020185 
-3.374179 1.090925 0.107303 -0.953674 -0.153301 -0.092889 -1.181717 1.150486 -0.809926 0.513822 0.406329 -0.020764 0.372032 
-2.540699 3.340211 0.172549 1.110316 2.470232 0.584115 -1.127253 0.081464 -1.378478 1.396544 0.990129 -1.572477 -0.689419 
-2.654201 3.791505 0.228154 1.747249 2.137198 -0.264512 -1.350005 -0.932374 -2.102899 1.463005 0.347918 -1.852870 -0.533849 
-2.849100 3.100676 0.051775 1.303042 1.458090 -0.686112 -1.316028 -0.500050 -2.041907 0.844673 -0.084186 -1.530038 -0.342250 
-3.655560 2.334483 -0.207719 1.319489 1.363334 -0.831566 -1.386934 -0.657866 -1.624503 0.181354 -0.385611 -1.508620 -0.191724 
-4.294968 1.668651 -0.654685 1.266186 1.158897 -0.971737 -1.567015 -1.336049 -1.556411 -0.220188 -0.339840 -1.006598 0.057440 
-3.620263 2.193733 -0.467283 0.805498 1.218994 -1.100042 -2.159228 -0.997187 -1.453379 0.282513 0.598726 -1.053486 -0.236490 
-3.229011 2.296060 0.329353 0.916469 1.555558 -1.167470 -2.300938 0.765140 -0.468559 0.598277 0.868614 -1.150544 -0.168227 
-3.487765 1.977882 0.574601 0.521198 1.585566 -0.385228 -2.096198 1.243029 0.539090 -0.118789 0.870467 -1.188376 -0.236867 
-4.303413 0.938076 0.246908 0.737415 2.018930 -0.109636 -1.981463 1.009718 0.414843 -1.326838 0.459732 -1.441110 -0.325200 
-4.620214 0.065282 -0.434348 0.667073 1.752447 -0.651924 -1.943077 0.833033 0.268819 -1.131908 1.117234 -1.104301 0.601996 
-2.884457 2.094518 1.187444 -1.468188 0.977931 0.694985 -2.021710 2.190833 -1.494483 0.020843 0.912586 -1.067856 -0.203663 
-2.898416 2.018096 1.151834 -1.408309 1.113390 0.715187 -2.048645 2.248362 -1.545189 -0.110230 0.921753 -1.117123 -0.224299 
-2.927225 1.902968 1.151501 -1.522527 1.076432 0.817708 -2.122355 2.229671 -1.403314 -0.091814 0.923586 -0.989456 0.019106 
-3.178415 -0.087157 -0.155256 0.633237 1.778442 -0.383784 -2.031353 1.439768 0.223795 -0.570187 1.492361 -1.421731 0.039239 
-3.375689 0.922613 -0.406610 0.941207 2.232678 -0.560825 -1.840060 1.339663 0.100347 -0.542953 1.203820 -1.232602 -0.183217 
-3.896708 1.376384 -0.459434 0.201516 1.524004 -0.476602 -1.404749 1.147893 -0.526890 -0.415033 0.584396 -0.693596 0.144444 
-4.216985 1.198809 -0.153978 -0.551479 0.730945 -0.462802 -1.852211 0.672832 -0.886496 -0.474988 0.103492 -1.285876 -0.185793 
-4.309361 1.305651 0.239210 -0.447920 1.103727 -0.188338 -2.427892 0.547430 -0.448968 -0.348409 0.322228 -1.488022 -0.179132 
-4.590849 1.039675 0.491478 -0.096505 1.623966 0.504972 -2.084300 0.214300 -0.239184 -0.465567 0.671438 -1.523591 -0.570318 
-4.169899 0.879728 0.909602 -0.175025 1.477736 0.784993 -1.985491 0.514997 -1.177682 -0.637724 0.879530 -0.643925 -0.441620 
-3.466196 1.590385 0.994121 -1.322296 1.013270 0.790642 -1.980831 1.687586 -1.101827 -0.401966 0.995623 -0.819993 -0.287545 
-3.302741 1.999698 0.997448 -1.365218 1.438301 0.851264 -2.257594 1.944933 -1.273151 -0.220716 1.083664 -1.013203 -0.244592 
-3.225644 1.687956 1.020326 -1.622592 1.200692 0.918722 -2.240300 2.114755 -1.279996 -0.213967 1.095720 -1.168694 -0.199492 
-3.110718 1.656223 1.161039 -1.791103 1.005269 0.947622 -2.214730 2.386867 -1.317759 -0.130937 1.026684 -1.046067 -0.221801 
-3.139316 2.046971 1.477915 -1.739576 1.103047 0.914995 -2.328408 2.549334 -1.489878 -0.132139 1.081366 -1.036132 -0.288236 
-2.966076 1.917995 1.299424 -1.796202 0.992592 0.891198 -2.332047 2.405993 -1.617150 -0.198318 0.951419 -0.987303 -0.159190 
-3.026753 1.962156 1.311552 -1.683794 0.987250 0.910956 -2.168059 2.371264 -1.467994 -0.131438 0.928684 -0.973658 -0.067100 
-2.895374 2.159780 1.284023 -1.505053 0.975780 0.805046 -1.867729 2.464609 -1.405803 -0.120526 0.996816 -0.932422 -0.170284 
-2.878024 1.853521 1.190782 -1.341458 1.024927 0.703439 -2.022315 2.270766 -1.438871 -0.227307 0.881638 -0.840407 -0.115899 
-2.966117 1.632146 1.053946 -1.515673 0.887617 0.674515 -2.077104 2.182637 -1.406137 -0.143345 0.915816 -0.807634 -0.072121 
-2.919156 1.722318 1.095800 -1.707407 0.923368 0.832190 -2.105418 2.282602 -1.442592 -0.116402 0.966710 -0.880582 -0.150891 
-2.959898 1.798854 1.234735 -1.697828 0.990073 0.868843 -2.202060 2.389843 -1.469653 -0.121696 0.971170 -0.932781 -0.177535 
-2.864438 1.838279 1.244720 -1.679057 0.958910 0.831535 -2.197307 2.378740 -1.531272 -0.105211 1.018641 -0.844624 -0.064570 
-2.940706 1.954269 1.288148 -1.726285 0.994950 0.845479 -2.256140 2.410439 -1.587241 -0.157269 0.992739 -0.936515 -0.156119 
-3.018587 1.977188 1.179216 -1.682761 0.940620 0.729176 -2.167127 2.337065 -1.478571 -0.099217 0.956775 -0.857158 -0.100479 
-2.871139 1.878083 1.235964 -1.651348 0.885390 0.729270 -2.154228 2.365960 -1.536000 -0.091580 0.964685 -0.917597 -0.114545 
-2.802433 1.920070 1.181432 -1.656056 0.954732 0.840065 -2.100408 2.290426 -1.551765 -0.015673 0.925362 -0.821837 -0.072091 
-2.856603 1.964092 1.162557 -1.594646 0.977341 0.798957 -2.021673 2.268164 -1.540867 -0.035576 0.939874 -0.877874 -0.143302 
-2.825484 1.935773 1.150358 -1.643579 0.956161 0.774170 -2.071498 2.297801 -1.614305 -0.102194 0.967410 -0.916615 -0.209769 
-2.890852 1.877858 1.184351 -1.609913 1.029109 0.743237 -2.294471 2.252314 -1.472368 -0.142244 1.028182 -0.940173 -0.201332 
-2.947016 1.823754 1.250402 -1.640076 0.934318 0.751945 -2.276912 2.259159 -1.402515 -0.282059 0.982422 -0.923470 -0.097102 
-2.874829 1.820679 1.340881 -1.570484 0.942838 0.777092 -2.168874 2.376974 -1.577337 -0.132352 0.954637 -0.871728 -0.183977 
-2.902910 1.967957 1.207052 -1.632940 1.054507 0.759764 -2.198856 2.437515 -1.430761 -0.132149 0.996905 -0.899971 -0.217561 
-2.863615 1.937590 1.316168 -1.570482 0.980083 0.776074 -2.166185 2.310421 -1.540173 -0.121174 0.999359 -0.967154 -0.142740 
