-2.867261 1.878390 1.313696 -1.715554 0.994776 0.833724 -2.274072 2.408257 -1.571962 -0.084027 0.989923 -0.935685 -0.111326 
-2.910275 1.898634 1.171349 -1.715207 0.935627 0.698183 -2.180019 2.480115 -1.315924 0.005963 1.007359 -1.029195 -0.208055 
-2.957500 1.959570 1.369455 -1.273181 1.145752 0.622900 -2.282026 2.296205 -1.414489 -0.196928 1.074795 -1.023957 -0.116707 
-2.931873 1.794048 1.271338 -1.538972 0.995777 0.828720 -2.166622 2.276180 -1.481335 -0.112921 0.990174 -0.836835 -0.120144 
-2.833083 2.021502 1.344690 -1.656157 0.972796 0.815142 -2.199431 2.374229 -1.528046 -0.085569 0.965404 -0.896305 -0.109595 
-2.839129 2.133698 1.313388 -1.661507 1.033945 0.795612 -2.161266 2.388242 -1.610421 -0.139078 0.922232 -0.942498 -0.140463 
-2.865643 2.051451 1.312480 -1.632933 1.012648 0.711474 -2.230685 2.425203 -1.614102 -0.056303 1.029830 -0.887428 -0.175817 
-2.976563 1.976906 1.325133 -1.753420 0.950921 0.764742 -2.219627 2.548706 -1.559581 -0.081554 0.998389 -0.983114 -0.182716 
-2.935475 2.021041 1.427985 -1.718095 1.000632 0.766936 -2.332686 2.531721 -1.511803 -0.163522 0.932971 -0.983796 -0.176837 
-2.968040 1.964003 1.440162 -1.674172 1.039704 0.790033 -2.348262 2.494781 -1.574840 -0.178363 1.017792 -0.976107 -0.186455 
-2.986158 2.060483 1.481864 -1.780952 1.047913 0.939504 -2.234396 2.558544 -1.693071 -0.052626 1.100144 -0.960861 -0.200910 
-2.986706 2.098386 1.430918 -1.707570 1.125797 0.850607 -2.320976 2.550591 -1.665977 -0.206269 1.065298 -0.985234 -0.193799 
-2.997813 2.070227 1.411606 -1.753836 0.979223 0.769718 -2.340738 2.485830 -1.679038 -0.181864 0.939191 -1.060946 -0.235984 
-3.009126 2.019534 1.303869 -1.719217 1.008224 0.796474 -2.301787 2.503089 -1.587572 -0.067913 0.998176 -0.886803 -0.123313 
-2.766520 2.227522 1.362267 -1.627130 1.103636 0.888183 -2.170678 2.606992 -1.387729 0.052580 0.978722 -0.880430 -0.151548 
-2.682321 2.154275 1.195347 -1.619095 1.095547 1.016194 -2.034952 2.240834 -1.620737 -0.107039 0.979640 -0.598170 -0.246284 
-2.848927 2.111768 1.322902 -1.813501 0.980469 1.190746 -2.108390 2.140675 -1.446617 -0.236797 0.976318 -0.407965 -0.310017 
-4.291442 2.088958 1.019690 -2.194699 0.552970 1.164655 -1.951797 1.471975 -0.658011 0.341942 0.714594 -0.663758 -0.546355 
-2.886711 3.795686 1.762484 -1.866932 1.057910 1.724304 -1.753104 1.177307 -1.145841 0.463866 0.451387 -0.588670 -0.858112 
-3.532929 2.759508 1.627938 -1.140087 0.688766 1.656191 -0.834588 0.751094 -1.162946 0.049952 0.414483 -0.258697 -0.757163 
-3.501740 1.820439 0.440436 -1.104604 0.804001 1.179774 -1.389122 0.001194 -1.271876 0.514723 0.827211 0.066578 -0.279401 
-4.123764 1.185210 -0.918725 -2.191313 0.162012 0.358406 -1.377575 0.506286 -1.461003 0.478721 0.868073 -0.154004 -0.459932 
-4.125585 1.514361 -1.379833 -2.102205 0.071477 0.248931 -0.848828 0.033202 -0.829389 0.359047 0.915128 -0.775659 -1.065368 
-4.249390 1.410893 -1.609906 -1.448312 0.912377 0.395731 -1.110816 -0.231259 -0.828358 0.208381 0.673312 -0.571803 -0.901211 
-4.362112 1.206000 -1.140823 -0.627762 1.563323 0.835745 -0.733949 0.135811 -0.886865 0.098045 0.580667 -0.306254 -0.240448 
-3.668687 1.306046 -0.821434 -0.589706 0.855095 0.318894 -0.626101 0.158218 -0.418447 0.049252 0.738697 -0.855608 -0.345289 
-3.288996 1.457730 -0.275354 -0.685847 0.447651 0.093444 -0.803407 0.607589 -0.458254 0.240406 0.504529 -0.667493 0.022810 
-3.291709 0.948452 -0.226429 -0.460845 0.479728 0.254711 -0.482269 1.070152 -0.715524 0.320181 0.310117 -0.392949 0.168539 
-3.534558 1.415219 -0.741722 -0.154753 0.986758 0.130151 -0.466838 0.751535 -0.784840 -0.337587 -0.117948 -0.602905 0.040348 
-3.759099 1.630200 -1.183260 -0.579600 1.024084 0.476992 -0.064201 0.747064 -0.845230 -0.478725 -0.533979 -0.518915 0.118968 
-3.991930 1.100624 -1.902008 -1.168056 1.131917 0.837291 0.135381 0.537565 -0.814981 0.208829 0.754897 -0.329307 -0.178748 
-3.463417 1.350935 -1.457425 -1.048335 0.972827 0.482300 -0.556454 0.290184 -0.723173 0.395042 0.842132 -0.328233 -0.313548 
-3.139550 2.701395 0.107748 -0.678455 1.403374 0.385480 -1.577621 1.020880 -1.201434 0.565120 0.952171 -0.638091 -0.308233 
-2.721840 4.255537 0.653101 1.841680 2.939047 -0.064435 -1.399769 0.594393 -1.835921 1.069467 0.837639 -2.479941 -0.558729 
-2.707701 3.579978 0.012361 2.282729 2.273287 -1.318021 -1.652274 0.161447 -1.086989 0.683036 0.586048 -1.283216 -0.156745 
-2.575612 3.165551 -0.544965 1.928244 2.043319 -1.644766 -1.890113 -0.036567 -1.565927 0.453341 0.210483 -1.462269 -0.289737 
-2.533006 3.052886 -0.865500 1.885514 2.289879 -1.635205 -1.925730 -0.009451 -1.956485 0.474206 0.162015 -1.928454 -0.400388 
-3.013495 3.182119 -0.756967 1.746118 2.483612 -1.544806 -1.923162 0.365876 -2.006239 -0.140658 0.618071 -1.989111 -0.333886 
-2.535047 3.701541 -0.076156 -0.321702 1.725537 -1.008307 -3.021089 0.970577 -1.522716 0.198204 0.641779 -1.504266 -0.129060 
-2.701060 2.988666 -0.033636 0.146729 1.283648 -1.462146 -2.270435 1.357856 -1.477550 -0.045879 0.752705 -1.459287 -0.439984 
-4.639820 0.875236 -0.121480 0.371747 0.757738 -1.417675 -1.583175 1.421138 -0.039762 -0.858461 1.184180 -1.454940 -0.378102 
-4.238888 0.883658 0.524124 -0.161853 0.865067 -0.357468 -1.538110 1.670328 -0.161849 -1.111455 0.908127 -0.842849 0.001119 
-3.108817 1.853404 0.885031 -1.184618 0.993032 0.261691 -2.009491 2.282252 -1.295022 -0.549289 0.609963 -0.632012 0.162930 
-2.932153 1.978318 1.098173 -1.439210 1.251707 0.797333 -2.063322 2.381917 -1.383416 -0.184901 0.835830 -1.090259 -0.319529 
-2.909123 1.964949 0.976146 -1.591708 0.998400 0.658038 -2.122086 2.172372 -1.377867 -0.084851 0.956748 -0.942269 -0.103826 
-2.885498 1.925623 1.142409 -1.595917 0.982509 0.696151 -2.213351 2.282759 -1.508322 -0.075071 0.903019 -0.905889 -0.130995 
-2.824622 1.974205 1.094954 -1.688612 0.964262 0.695396 -2.211029 2.363862 -1.473768 0.000570 0.904058 -0.915431 -0.108602 
-5.028331 0.308702 -1.307243 0.330427 0.978197 -0.703317 -0.987428 -0.118983 -0.394867 -0.373168 1.111655 -0.551585 -0.330120 
-4.920207 0.378068 -1.133056 0.395631 1.071176 -0.584084 -0.978046 -0.003945 -0.418548 -0.523644 1.039430 -0.564134 -0.358425 
-3.128290 1.245717 0.939259 0.064630 1.468273 0.446055 -2.131244 0.772043 -0.516898 -0.836760 0.760556 -0.818944 -0.512533 
-3.569959 1.629132 0.838645 -0.310359 1.218486 0.550423 -1.847234 0.330324 -0.797235 -0.361331 0.832802 -1.056055 -0.212214 
-4.739163 1.216102 0.728680 -0.363219 0.913885 0.620619 -1.565248 0.237109 -0.702892 -0.285893 0.870098 -0.607200 -0.401191 
-4.499945 0.209235 0.779387 -0.370451 1.167041 0.785407 -1.988929 0.459648 -0.374469 -0.528842 1.274206 -0.647838 -0.515004 
-4.109428 0.780524 0.757105 -0.722829 1.301612 0.742822 -2.264162 0.862938 -0.437941 -0.203010 1.688735 -0.776342 -0.306703 
-4.105157 1.317070 0.469939 -1.226458 1.280048 0.710885 -2.015105 1.552036 -0.678838 -0.558173 1.678260 -0.761740 -0.642202 
-3.302274 1.857402 0.798922 -1.471701 1.254454 0.891499 -1.896976 1.858308 -1.296196 -0.412870 1.386460 -0.618366 -0.290038 
-3.178372 2.037436 0.950036 -1.734335 1.379763 1.150665 -2.194586 1.965248 -1.242047 -0.126345 1.222064 -0.733394 -0.362828 
-3.236337 1.839972 1.226992 -1.727522 1.268948 1.090992 -2.346653 2.306200 -1.382805 -0.314480 1.169497 -1.032066 -0.396864 
-3.156737 1.793277 1.224848 -1.600485 1.070783 0.646241 -2.390110 2.356115 -1.457932 -0.158864 1.157237 -1.047608 -0.248681 
-3.044387 1.784354 1.468482 -1.587547 1.025854 0.697028 -2.413022 2.488031 -1.454702 -0.123118 1.177825 -0.904315 -0.246561 
-2.931965 1.887137 1.457855 -1.632801 1.111878 0.864355 -2.369110 2.543467 -1.568378 -0.135117 1.116379 -0.876277 -0.125159 
-2.922410 1.917495 1.395459 -1.679822 1.065752 0.954385 -2.209417 2.569633 -1.598761 -0.166325 0.887559 -1.056224 -0.289164 
-2.957937 2.023658 1.331377 -1.669047 0.965936 0.724305 -2.251253 2.516137 -1.583767 -0.225578 1.007368 -0.997759 -0.260260 
-2.922690 1.950569 1.261620 -1.764998 0.926761 0.729276 -2.291794 2.520419 -1.618766 -0.135764 1.013405 -0.968347 -0.232369 
-2.840788 2.104458 1.357079 -1.772430 1.014219 0.878198 -2.301730 2.558467 -1.502405 0.049445 1.017297 -0.859224 -0.133884 
-2.766375 2.162138 1.331284 -1.605341 1.121954 0.889148 -2.154029 2.511334 -1.508746 -0.067974 0.956869 -0.831442 -0.056397 
-2.705348 2.017920 1.189013 -1.564019 0.926454 0.627839 -2.057096 2.417413 -1.645610 0.023048 0.797281 -0.838230 -0.152796 
-2.721660 1.890666 1.145346 -1.638932 0.813789 0.632569 -2.020720 2.436837 -1.638520 0.092877 0.803797 -0.822027 -0.158997 
-2.792383 1.981618 1.173785 -1.638725 1.035090 0.784599 -2.121473 2.509323 -1.479821 -0.120007 0.907203 -0.851815 -0.086394 
-2.837718 1.982135 1.188822 -1.655151 0.995822 0.763677 -2.168357 2.426855 -1.488638 -0.050534 0.884889 -0.949582 -0.169526 
-2.783330 1.938141 1.161205 -1.734451 0.927487 0.743551 -2.189185 2.459041 -1.499727 -0.092258 0.829476 -0.927343 -0.167465 
-2.935453 1.945333 1.113994 -1.715477 0.870622 0.636812 -2.179809 2.358522 -1.479692 -0.094383 0.875215 -0.950837 -0.147578 
-2.958282 1.984208 1.143925 -1.651096 0.935503 0.674416 -2.138764 2.413659 -1.490951 -0.095772 0.869437 -0.888217 -0.143608 
-2.768227 2.049706 1.089020 -1.587420 1.003646 0.704960 -2.037516 2.420652 -1.392897 -0.081618 0.885931 -0.851715 -0.050771 
-2.773044 2.028751 1.077981 -1.494309 0.998697 0.679327 -1.889518 2.469903 -1.393485 -0.050700 0.888516 -0.883142 -0.077120 
