-2.960571 1.906356 1.385432 -1.730195 1.101628 0.941967 -2.298886 2.518228 -1.544345 -0.177904 1.074295 -0.999959 -0.186016 
-2.949758 1.910439 1.258759 -1.831077 0.969208 0.837214 -2.323730 2.443134 -1.541050 -0.145379 0.941097 -0.988867 -0.149884 
-2.955194 1.982858 1.328810 -1.638580 1.053252 0.883925 -2.153402 2.529171 -1.488512 -0.081048 0.941604 -0.895615 -0.050696 
-2.805107 2.141832 1.438824 -1.557729 1.077251 0.873618 -2.183491 2.470431 -1.536743 -0.086511 0.938511 -0.928407 -0.185380 
-2.733576 1.935220 1.298108 -1.716616 0.937765 0.824842 -2.242665 2.380229 -1.573148 -0.055747 0.859537 -0.827837 -0.171344 
-2.765885 1.811499 1.147512 -1.756691 0.951314 0.789356 -2.257589 2.389849 -1.500329 -0.021545 0.907389 -0.881781 -0.168938 
-2.851113 1.864580 1.194431 -1.672426 0.921031 0.751020 -2.142522 2.410487 -1.467340 -0.084454 0.959663 -0.873673 -0.053163 
-2.872915 1.880671 1.235268 -1.613798 0.954153 0.760070 -2.138755 2.405030 -1.488594 -0.147153 0.942289 -0.911495 -0.102793 
-3.058869 1.923638 1.211562 -1.509407 1.058942 0.724960 -2.141647 2.382799 -1.343227 -0.230018 1.020788 -0.946417 -0.059164 
-3.251374 1.854398 0.797117 -1.642779 1.033066 0.729557 -2.035643 2.019667 -1.267899 -0.389306 1.084336 -1.017478 -0.200642 
-2.915771 2.421290 0.877902 -1.754929 1.023677 0.769753 -2.115165 1.628665 -1.314823 -0.178515 1.251134 -0.720687 -0.400233 
-3.530240 2.735900 0.734128 -1.317216 1.229305 0.860444 -1.401307 1.210792 -1.522884 0.549081 1.408470 -0.640188 -0.817433 
-3.599390 3.250217 0.483561 -1.198047 1.548265 0.844719 -1.709238 0.808131 -1.313646 0.713400 0.944850 -0.762155 -0.986711 
-3.362028 3.887922 -0.381325 -2.035002 0.662083 -0.049998 -1.789439 0.743742 -0.487132 0.798934 0.818181 -0.278398 -0.746366 
-3.548172 2.938668 -0.937231 -2.481143 0.124820 -0.168486 -1.630310 0.906998 -0.556960 0.439058 0.220774 -0.118468 -0.238784 
-3.078991 2.808138 -0.835398 -2.612085 0.164384 0.353259 -1.131972 1.544830 -0.317045 0.840118 -0.412963 -0.670506 -0.148016 
-3.367562 2.387256 -0.841701 -1.932608 -0.046885 -0.026425 -0.525753 1.304736 -0.402717 0.820967 0.338140 -0.703874 -0.246121 
-3.802100 0.868025 -0.836274 -1.500568 -0.353882 -0.449759 -1.547467 -0.120889 -0.933669 0.553322 0.669953 -0.746799 0.023541 
-4.141551 0.805658 -0.947252 -1.316211 -0.475536 -0.996019 -1.879352 -0.350209 -1.032801 1.130356 1.061555 -0.753715 -0.572975 
-3.869391 1.428898 -1.105214 -1.669023 -0.263904 -0.329299 -1.134249 0.207558 -0.620787 1.038733 0.827264 -0.081929 -0.505542 
-3.654912 1.255677 -1.026247 -1.374223 -0.309237 -0.165841 -0.733120 0.056121 -0.234100 0.531699 0.319214 -0.308862 -0.503093 
-3.835700 0.985376 -1.035754 -0.790983 0.186443 0.028008 -0.462031 -0.074979 -0.503734 0.562654 0.511037 -0.722844 -0.624351 
-4.834736 0.453965 -1.214035 -0.291352 0.195638 -0.618407 -0.814312 -0.328708 -0.008926 0.481078 1.028525 -0.248366 -0.285203 
-4.527471 0.159922 -1.232342 -0.234469 0.465330 -0.001516 -0.094419 0.217591 0.159475 0.145688 1.042342 -0.203239 -0.043760 
-4.676355 -0.496956 -0.821964 -0.054159 0.960607 0.834198 -0.083072 0.443171 0.129678 -0.494244 0.473939 -0.021420 -0.102785 
-5.029403 0.172922 -0.931763 -0.588153 0.293257 -0.037648 -0.785392 0.329732 0.339715 -0.182348 0.120096 -0.147429 -0.108119 
-4.531269 0.727251 -1.754195 -1.597947 -0.167277 -0.322839 -1.041655 -0.037450 -0.131951 0.103107 0.022249 -0.041787 0.281182 
-2.803429 2.909908 -0.259651 -1.167772 1.274466 0.751947 -0.822177 1.561943 -1.232653 0.724468 0.582105 -0.560235 -0.190391 
-2.031183 4.161743 -0.231657 -0.051009 2.051897 0.070405 -1.479447 0.560148 -1.933888 1.886099 1.481864 -0.650245 0.239528 
-1.614366 5.048208 -0.226071 0.957092 2.426954 -0.754059 -1.927118 0.052916 -2.865829 1.551219 1.075053 -1.756443 -0.360530 
-2.098097 4.293339 -0.979283 1.474501 2.469450 -1.575340 -1.745029 0.195457 -2.813163 0.816116 0.632634 -2.254493 -0.489906 
-2.881839 2.578720 -1.333802 1.418030 2.174078 -1.312067 -1.285931 0.220191 -1.549729 0.180260 0.455119 -1.616243 -0.160665 
-2.959364 2.719522 -1.251401 1.341712 2.342243 -1.402241 -2.014000 0.090201 -1.175123 -0.210464 0.738706 -1.191053 -0.294512 
-2.226380 3.655627 -0.708079 0.740635 2.371872 -1.035616 -1.725540 1.223771 -1.663361 0.429136 1.241050 -0.951030 -0.226707 
-2.742839 2.943961 -0.042863 0.464148 2.379466 -0.186936 -1.846504 1.591202 -0.489366 0.233528 0.946615 -0.818011 -0.150850 
-4.064198 1.336841 -0.375699 -0.167469 1.349979 -0.622170 -1.969462 1.106802 -0.343194 -0.636745 0.849615 -0.739580 -0.082154 
-4.534826 0.293746 -1.089963 -0.389646 1.172246 -0.843544 -1.408784 1.731466 0.157154 -1.253057 1.075797 -0.414716 0.330909 
-3.284879 1.786100 0.868401 -0.951669 1.244808 0.462903 -1.935826 1.966032 -0.771596 -0.335477 0.916041 -0.972799 0.028765 
-2.778203 1.928458 1.048541 -1.569147 0.937430 0.631085 -2.093795 2.278502 -1.411767 -0.050173 0.986295 -0.820042 -0.081691 
-3.012040 2.015476 1.097209 -1.601630 0.928998 0.671565 -1.999071 2.222618 -1.575744 -0.123155 1.122852 -0.853028 -0.274757 
-3.101706 1.977190 0.929421 -1.535828 1.129263 0.637101 -2.080277 2.228545 -1.512872 -0.239855 1.019517 -0.969900 -0.143632 
-2.827054 1.928485 1.074234 -1.663629 1.069973 0.716995 -2.223190 2.408769 -1.567728 -0.135539 0.939484 -1.001083 -0.067642 
-3.970826 1.506703 0.118895 -0.395644 0.915417 0.373724 -0.968826 1.160894 -0.151982 -1.073105 -0.938127 -0.885081 0.018825 
-4.122195 1.361948 0.142214 -0.298143 1.116132 0.510388 -1.007735 1.207948 -0.239255 -1.049285 -0.955261 -1.016037 -0.056743 
-4.232959 0.892491 -0.355674 -0.278980 1.681951 0.235892 -2.087261 0.587783 -0.034073 -0.410084 0.273224 -1.533784 0.058960 
-4.611275 0.144293 -0.693216 -0.174435 1.496772 -0.007257 -1.934613 0.449381 0.116795 -0.125481 0.994395 -1.584405 -0.179868 
-4.051028 0.697379 0.463533 0.817559 1.748240 0.294805 -1.425550 0.498340 -0.720742 -0.511414 0.989433 -1.526407 -0.794746 
-3.964436 1.354832 0.768920 0.322988 1.547909 0.770013 -1.137375 0.711028 -0.980669 -0.772521 0.480515 -0.800875 -0.590378 
-3.398295 1.809750 0.746614 -1.406013 1.154545 0.783968 -1.964605 1.721727 -1.408247 -0.250685 1.007085 -0.681554 -0.367386 
-2.964732 2.165473 1.350393 -1.719237 0.958745 0.900189 -2.041235 2.313164 -1.872670 -0.254437 0.973717 -0.750473 -0.112229 
-2.971437 2.048998 1.487396 -1.454333 1.209170 1.019537 -2.037492 2.578179 -1.434357 -0.158285 1.106885 -0.928649 -0.047367 
-2.905621 2.090002 1.349836 -1.790279 1.088665 0.961711 -2.328401 2.468605 -1.649386 -0.017279 1.011363 -0.880423 -0.219458 
-2.942142 1.981576 1.369021 -1.774571 0.968647 0.918175 -2.255027 2.498623 -1.554237 -0.029224 0.989921 -0.891297 -0.095787 
-2.821897 2.042921 1.417519 -1.504623 1.032506 0.915501 -2.018655 2.510360 -1.595297 -0.072483 0.824471 -0.862253 -0.138122 
-2.811491 2.090309 1.154057 -1.574489 0.889912 0.595477 -2.044652 2.411260 -1.484827 -0.084538 0.848450 -0.875089 -0.187014 
-2.850216 1.937039 1.149385 -1.606857 0.939077 0.692454 -2.098231 2.390674 -1.472712 -0.115739 0.912557 -0.905923 -0.110233 
-2.864014 1.790627 1.203104 -1.619998 1.015042 0.851768 -2.131056 2.437614 -1.514488 -0.102438 0.985186 -0.852148 -0.076357 
-2.947476 1.864429 1.184577 -1.635112 1.065914 0.849808 -2.140693 2.452136 -1.460760 -0.084422 0.914856 -0.905216 -0.090333 
-2.934825 1.958316 1.264144 -1.630276 1.015656 0.777881 -2.165363 2.480597 -1.418050 -0.051276 0.959977 -0.944377 -0.089211 
-2.844265 1.769960 1.271419 -1.663910 0.894654 0.764641 -2.221112 2.407261 -1.551884 -0.065249 0.993296 -0.898726 -0.130190 
-2.785990 1.883199 1.174585 -1.529375 0.980649 0.801967 -2.024928 2.417782 -1.525450 -0.045330 0.932685 -0.779967 -0.022699 
-2.864353 1.884087 1.262527 -1.531650 0.985509 0.831497 -2.056817 2.375879 -1.464767 -0.105911 0.882093 -0.896608 -0.095620 
-2.752645 1.922006 1.315047 -1.539688 1.031880 0.908680 -2.090593 2.453639 -1.401625 -0.003745 0.940816 -0.837141 -0.044538 
-2.972198 1.844978 1.288561 -1.570048 1.001121 0.922565 -2.073774 2.347013 -1.286746 -0.039329 1.005414 -0.969109 -0.165590 
-2.728333 1.891016 1.010926 -1.526297 0.926796 0.895025 -1.743701 2.493860 -1.359051 -0.100507 0.740106 -0.538069 -0.027200 
-2.728772 1.864256 1.377917 -1.742906 0.905940 1.036634 -2.144939 2.462828 -1.587205 0.195174 0.711505 -0.743415 -0.133519 
-2.924600 1.902855 1.276879 -1.690776 0.983900 0.888547 -2.149269 2.357474 -1.564877 -0.063988 0.930054 -0.841191 -0.130212 
-2.864308 1.944839 1.270000 -1.675700 1.025510 0.854771 -2.161794 2.424136 -1.522176 -0.090789 0.961833 -0.893584 -0.132515 
-2.832463 1.954448 1.303316 -1.754534 0.984174 0.864714 -2.205699 2.487282 -1.510263 -0.037035 0.958617 -0.933939 -0.148988 
-2.803053 1.939675 1.488342 -1.641592 0.972399 0.873666 -2.168179 2.602229 -1.582798 -0.069319 1.007477 -1.003933 -0.147081 
-3.456402 1.678402 1.240298 -2.042527 0.688039 0.686080 -2.203989 2.398919 -1.381202 -0.012152 1.246505 -0.934465 -0.167712 
-3.192918 1.920363 1.295474 -1.684361 0.971780 0.920234 -2.094221 2.299654 -1.559370 -0.107916 0.926540 -0.859996 -0.092674 
-3.312632 1.956591 0.714040 -1.084508 1.340518 0.468811 -1.896409 2.027536 -0.881607 -0.428516 1.248882 -0.960256 -0.065237 
-2.921717 1.815425 0.952649 -1.389423 1.032136 0.633963 -2.056676 2.165385 -1.137692 -0.187917 1.046046 -0.896164 -0.003363 
-2.932560 1.856199 1.226620 -1.623251 1.031096 0.835386 -2.183851 2.403103 -1.477671 -0.147540 1.007913 -0.908985 -0.092555 
