-2.887387 1.853049 1.465364 -1.778342 1.010516 0.893474 -2.339263 2.591148 -1.540318 -0.090822 1.045663 -1.015825 -0.216645 
-3.029671 1.892632 1.415126 -1.682291 1.026590 0.806302 -2.335737 2.471198 -1.431356 -0.169745 1.122970 -0.933931 -0.010075 
-2.959015 1.860197 1.466393 -1.665941 1.078757 0.911101 -2.336138 2.520299 -1.516458 -0.093073 1.024707 -1.005276 -0.204109 
-2.988995 1.834199 1.345444 -1.750134 0.972182 0.834203 -2.328990 2.480285 -1.522742 -0.086481 0.910690 -1.074054 -0.250687 
-2.910183 1.956787 1.341669 -1.682425 1.009506 0.877265 -2.170754 2.561149 -1.577790 0.012062 1.007199 -0.988206 -0.199080 
-2.846802 2.124265 1.356082 -1.599194 1.118777 0.954617 -2.105027 2.554277 -1.512262 -0.035195 0.893309 -0.891091 -0.077385 
-2.656984 2.062385 1.309226 -1.679497 0.929081 0.748027 -2.258277 2.450942 -1.512751 -0.107939 0.778918 -0.753929 -0.122471 
-2.787452 1.839401 1.186117 -1.701308 0.855444 0.674196 -2.280557 2.336788 -1.466825 -0.001109 0.943599 -0.838543 -0.207791 
-2.902145 1.711265 1.243154 -1.575561 0.997800 0.856575 -2.180013 2.345406 -1.429606 -0.076219 0.958959 -0.932303 -0.143895 
-2.903175 1.904943 1.294189 -1.545830 1.040601 0.787277 -2.228205 2.367204 -1.448305 -0.110286 1.024704 -0.946623 -0.111432 
-2.610029 1.779832 0.999854 -1.791809 0.982226 0.887006 -2.303968 2.092158 -1.559130 -0.124648 1.173048 -0.512518 -0.106976 
-2.693330 1.819187 1.312731 -1.639284 0.919789 1.103802 -2.269853 1.609550 -1.317825 -0.101608 1.301365 -0.513619 -0.514204 
-2.625035 2.203891 0.920761 -2.284665 0.406900 0.387460 -3.185116 1.511844 -2.224514 -0.081040 0.196439 -0.723397 -0.603920 
-2.777767 2.628873 0.289825 -2.516088 -0.060984 -0.265913 -2.525538 1.815754 -1.949615 0.155007 -0.120917 -0.380993 -0.595316 
-2.790633 3.630200 -0.658264 -2.450626 0.530306 -0.113297 -1.873548 1.144419 -1.791557 -0.097174 -0.004338 -0.397925 -0.528422 
-2.976674 3.462473 -1.138228 -2.380729 0.849500 0.289134 -1.404866 0.919958 -1.728236 0.109805 0.118303 -0.426381 -0.620847 
-3.199247 2.650410 -1.713642 -2.081810 0.919565 0.063456 -1.293680 0.654402 -0.883093 0.293699 0.669857 -0.409372 -0.652652 
-3.882180 1.710250 -1.455673 -1.587996 0.553181 -0.231960 -1.281020 0.094443 -1.219906 0.170861 1.206582 0.033156 -0.049620 
-4.117284 1.361703 -1.345047 -2.106148 0.028543 0.326429 -0.528323 0.527227 -1.252295 -0.352173 0.142905 -0.344868 -0.098703 
-3.974861 1.776117 -1.997249 -2.378864 -0.020510 0.230312 -0.090435 0.826994 -0.815646 0.499249 0.393841 -0.373228 -0.748005 
-3.875382 1.509015 -3.360300 -2.775627 -0.089790 -0.560115 -0.661998 0.143228 -1.446748 0.721924 0.693154 -0.254956 -0.523105 
-3.929962 1.153412 -3.222163 -2.158145 -0.239850 -1.066671 -0.937528 -0.284478 -1.455489 0.119215 0.511142 -0.215796 -0.418465 
-3.510213 1.311259 -2.134531 -1.403778 -0.150706 -0.792484 -0.445753 0.620091 -0.857373 -0.056983 0.526808 0.159360 -0.669235 
-3.514006 1.402802 -2.310167 -1.681395 -0.187180 -0.417050 -0.120110 0.558586 -0.872256 -0.035855 0.573120 0.727184 -0.249836 
-4.039213 0.926850 -2.285500 -2.103779 -0.345981 0.459721 0.289275 -0.179181 -0.674263 0.185324 0.681280 0.561964 -0.190638 
-4.705218 -0.046158 -2.185165 -2.052682 -0.082929 0.892127 0.190716 0.077839 -0.300941 0.400317 0.520056 -0.057947 -0.644773 
-3.266469 1.987111 -0.873916 -1.592267 1.401963 1.270431 -0.548018 1.529324 -0.858358 0.260753 0.456756 -0.743421 -0.447851 
-2.336253 3.532670 0.293195 1.126519 2.292741 0.011674 -1.188743 0.575019 -1.862926 1.491289 0.987046 -1.822802 -0.127105 
-2.242389 3.745646 0.351129 1.232725 2.062488 -0.238745 -1.130037 0.576140 -2.079360 1.040189 0.281862 -1.904090 -0.347743 
-2.249646 3.499876 0.109262 1.302736 1.782779 -0.703072 -1.485371 -0.075603 -2.131263 0.711383 0.448877 -1.644980 -0.237258 
-2.721405 3.149605 -0.088066 2.009144 2.213268 -1.019965 -1.881339 -0.757233 -1.890264 0.495615 0.854295 -1.402768 0.104004 
-2.899777 2.891753 -0.736228 1.153403 1.775281 -1.664418 -2.584998 -0.480817 -1.760978 0.368239 0.753001 -1.180480 -0.216496 
-2.548429 3.166872 -0.471496 1.080618 1.861911 -1.458855 -2.337814 0.143613 -1.504416 0.462294 1.175888 -1.210716 -0.286493 
-2.473273 3.654111 0.278184 0.329079 1.740685 -1.225426 -3.289304 0.259299 -2.032531 0.530077 0.732075 -1.164885 -0.389854 
-3.355012 2.408644 -0.543837 0.442676 1.602565 -1.574485 -2.446560 0.669724 -1.090183 -0.585914 0.898219 -1.514148 -0.441562 
-4.157488 1.328096 -0.135975 0.457203 1.738430 -0.532925 -1.982733 0.947070 0.177501 -0.586842 1.144567 -1.594137 -0.074653 
-4.201890 1.021859 1.041564 0.023759 1.147552 0.001009 -2.018107 1.359453 0.032481 -0.124512 1.008606 -1.521281 -0.009674 
-3.268581 1.563192 0.706689 -1.563908 1.146568 0.762050 -2.061347 2.226289 -1.159085 -0.071990 0.909647 -1.069544 -0.092139 
-2.981205 1.929272 1.162481 -1.546839 0.980010 0.741822 -2.026880 2.359660 -1.398069 -0.069881 0.993428 -0.974955 -0.145473 
-2.749700 1.946307 1.169994 -1.704420 0.899443 0.796559 -2.058109 2.389474 -1.590956 -0.064704 0.859535 -0.841358 -0.144992 
-2.832412 1.942338 1.110856 -1.644299 0.956712 0.781381 -2.031391 2.306120 -1.576249 -0.074224 0.941665 -0.830894 -0.075015 
-4.627309 0.611844 -1.665380 0.296183 1.838287 -1.215347 -1.957706 0.754245 0.294629 -1.222923 1.682576 -0.632370 0.325593 
-4.484454 0.808943 -1.340722 0.426543 1.855665 -1.113620 -1.935415 0.772181 0.307998 -1.182376 1.607335 -0.704337 0.176801 
-3.902080 1.892947 0.631002 -0.561582 1.233025 0.031696 -1.999609 1.373335 -0.439164 -0.269870 0.897818 -0.970551 -0.583436 
-3.920965 2.141164 0.522178 -0.987632 1.371692 0.477217 -2.117915 1.017753 -1.005762 -0.248218 1.155918 -0.882684 -0.960346 
-3.503660 1.820997 0.705294 -0.473811 1.885648 0.977502 -2.141723 1.011404 -0.875211 -0.890701 1.727092 -1.111377 -0.990644 
-3.948665 1.729517 0.856096 0.018134 2.275507 1.284689 -1.907628 0.547400 -0.978929 -0.607791 1.310899 -1.397170 -0.943470 
-3.744065 1.812881 0.692499 -1.394334 1.440979 0.998174 -2.276236 1.108905 -1.134497 -0.099007 1.241039 -1.063651 -0.536121 
-3.187943 2.126760 0.944176 -1.922007 1.205043 1.030377 -2.297223 1.934143 -1.642773 -0.232051 0.841862 -0.972133 -0.266134 
-3.055932 1.923268 1.110982 -1.787107 1.175778 0.920973 -2.270527 2.281366 -1.504492 -0.292335 1.157333 -0.874368 -0.267167 
-3.017578 1.931157 1.362232 -1.723752 1.048897 0.870343 -2.214540 2.465026 -1.597976 -0.155705 1.137556 -0.911196 -0.194971 
-2.964270 2.075466 1.389214 -1.705622 1.076172 0.902322 -2.169887 2.445172 -1.679643 -0.114942 1.107410 -0.928383 -0.187536 
-3.057612 2.130977 1.342452 -1.575782 1.217348 0.845545 -2.268878 2.355380 -1.616343 -0.149835 1.199906 -0.946386 -0.267062 
-2.956443 2.038265 1.208620 -1.761607 1.048081 0.782586 -2.342306 2.363611 -1.660752 -0.313063 1.007175 -0.973714 -0.274924 
-2.913629 2.000407 1.379499 -1.690541 1.020700 0.847175 -2.247218 2.619471 -1.641289 -0.146525 0.837042 -0.923088 -0.148372 
-2.861756 2.035768 1.321274 -1.570092 1.141004 0.963380 -2.093433 2.555611 -1.457470 0.039175 0.971547 -0.837005 -0.197743 
-3.320228 1.747198 0.722537 -1.323722 1.258198 1.027287 -1.719115 1.523447 -1.325803 0.004371 1.203574 -0.718180 -0.028161 
-3.363002 1.626839 0.619425 -1.311129 1.230994 0.973394 -1.686286 1.485091 -1.226332 -0.049616 1.096329 -0.756567 0.006702 
-2.855135 1.703424 1.137671 -1.454312 0.990217 0.640211 -2.177771 2.277303 -1.381815 -0.064012 0.940557 -0.884042 -0.204948 
-3.025674 1.868022 1.106858 -1.723038 1.000834 0.832846 -2.151034 2.276542 -1.489799 -0.121223 1.021766 -0.893940 -0.080353 
-2.848635 1.747883 1.148631 -1.649621 0.988043 0.799004 -2.182283 2.350430 -1.550475 -0.082363 0.927996 -0.916987 -0.197230 
-2.926301 1.888473 1.086655 -1.588627 1.032008 0.717076 -2.135669 2.371064 -1.519029 -0.082304 0.987417 -0.935069 -0.154271 
-2.919495 1.835239 1.104772 -1.581718 0.952525 0.728820 -2.078422 2.357646 -1.455422 -0.150435 0.878155 -0.840712 -0.057932 
-2.818709 1.833629 1.251806 -1.571192 0.890346 0.732365 -2.117089 2.441280 -1.471113 -0.072467 0.901385 -0.831982 -0.116683 
-2.867080 1.932658 1.198764 -1.555145 0.934679 0.740975 -2.071663 2.356392 -1.486601 -0.110976 0.887462 -0.831357 -0.052863 
-2.868215 2.008757 1.184123 -1.581783 0.975552 0.799553 -1.995929 2.382174 -1.518657 -0.119773 0.816226 -0.730481 -0.050580 
-2.856511 1.915352 1.041365 -1.581834 0.977244 0.654507 -2.042341 2.328772 -1.542150 -0.114301 0.894693 -0.916016 -0.160175 
-2.952756 1.915014 1.141127 -1.553373 1.031921 0.694498 -2.302511 2.151846 -1.267741 -0.142794 1.068860 -0.958222 -0.123259 
-3.150670 1.773073 1.138461 -1.454877 0.969427 0.770023 -1.986272 2.118366 -1.365479 -0.130273 1.006588 -0.886335 -0.138172 
-3.059775 1.806810 1.165726 -1.508245 0.986781 0.810017 -1.994344 2.206592 -1.429430 -0.111975 1.001712 -0.858016 -0.142849 
-2.787095 1.983806 1.374383 -1.593366 1.044196 0.843576 -2.180299 2.498424 -1.537352 -0.066354 0.886580 -0.915465 -0.132679 
-2.807665 1.962983 1.305968 -1.667456 0.980138 0.857241 -2.129259 2.386896 -1.608199 -0.151748 0.990039 -0.902213 -0.159929 
-2.867485 1.951914 1.293237 -1.697542 0.980344 0.821341 -2.204261 2.368721 -1.608484 -0.133732 1.012410 -0.854831 -0.200809 
-2.995755 1.887982 1.292633 -1.712837 0.992935 0.773994 -2.225832 2.481980 -1.549356 -0.118450 1.059537 -0.869614 -0.154852 
-3.011892 1.964252 1.326149 -1.634526 1.134636 0.871939 -2.236099 2.399228 -1.647634 -0.272001 1.139488 -0.881561 -0.125685 
