-2.886106 1.894414 1.385984 -1.759953 1.035245 0.883217 -2.320938 2.509378 -1.515036 -0.072008 1.100713 -0.943258 -0.138060 
-2.934987 1.869050 1.400968 -1.749216 1.048265 0.898618 -2.341884 2.467069 -1.524493 -0.138408 1.050915 -1.001630 -0.155402 
-2.944164 1.994999 1.432527 -1.762183 1.029367 0.883796 -2.270316 2.494068 -1.578937 -0.158015 1.039690 -0.941815 -0.162208 
-2.941911 2.090154 1.381823 -1.664907 1.189618 0.859773 -2.285000 2.543540 -1.644981 -0.118169 1.062044 -0.988742 -0.184371 
-3.009120 1.913287 1.447234 -1.651664 1.159300 1.080942 -2.267688 2.405670 -1.349467 -0.084122 1.022906 -0.970809 -0.199439 
-3.217399 2.960013 0.703339 -2.120129 0.797855 0.247079 -2.185123 2.153127 -1.160647 0.030063 0.979671 -0.257369 -0.114828 
-3.518928 3.081034 0.559786 -1.867690 0.825261 -0.096890 -2.328189 1.523049 -0.906526 -0.233693 0.954363 -0.469980 -0.392972 
-3.296830 2.973659 -0.689283 -2.224273 1.068290 -0.052123 -2.250385 1.417837 -0.936211 0.325309 0.780703 -1.021976 -0.897654 
-3.204386 2.939068 -1.271859 -1.892924 1.180339 -0.426300 -1.977098 1.300477 -0.741933 0.350003 0.936607 -1.041617 -0.719481 
-3.340940 2.647668 -1.167504 -1.433803 0.822107 -1.217621 -2.097415 1.407195 -0.549021 0.364273 0.752937 -0.813825 -0.290065 
-2.994245 2.239522 -1.580031 -1.465166 0.545019 -1.161090 -1.658435 1.308364 -0.307810 0.516086 0.132232 -1.196114 -0.236828 
-3.409426 1.596899 -2.008559 -1.287786 0.622269 -1.142838 -1.424384 0.847682 -0.277848 -0.404059 0.118709 -1.243387 -0.192061 
-3.574329 1.942438 -1.943853 -1.044873 1.359421 -0.735386 -1.479311 0.963521 -0.085869 0.194410 0.616391 -1.065754 -0.243071 
-3.699681 1.770817 -2.022995 -0.635543 1.415530 -0.947000 -1.356512 0.871927 -0.097849 0.086395 0.488200 -1.121453 -0.122817 
-3.692750 1.156476 -2.238093 -0.584593 1.377347 -0.747501 -1.171359 0.687389 -0.602788 -0.800574 0.383080 -0.757188 0.271223 
-4.059355 1.077224 -2.507150 -1.124181 1.160566 -0.549985 -1.046824 0.843245 -0.064180 -0.183904 0.767339 -0.484163 0.100147 
-3.966956 1.083415 -2.273248 -0.993286 1.105375 -0.394318 -0.822234 0.838884 0.336329 -0.080603 0.904417 -0.510909 -0.214807 
-3.647211 0.762272 -2.345287 -0.987216 1.215353 -0.339282 -1.309297 0.102526 -0.238498 -0.830235 0.334673 -0.940740 -0.484572 
-3.480659 0.564914 -2.441139 -0.968502 1.235551 0.135588 -0.756156 -0.113439 0.013246 -0.792726 0.396899 -1.335124 -0.523245 
-4.193475 0.815440 -2.502929 -1.578846 0.673428 0.154356 -0.208965 0.586585 0.009829 -0.125620 0.331363 -1.227078 -0.540410 
-3.743891 1.966665 -2.699973 -2.312229 0.174165 -0.483141 -0.755335 0.677165 -0.895438 -0.152022 0.026846 -0.401143 -0.119965 
-1.723653 4.211772 -0.006977 -0.166739 1.929544 0.253151 -0.567734 2.003361 -2.083082 0.321141 0.554865 -0.544796 -0.772638 
-2.077736 3.823112 -0.091749 1.432768 2.617323 -0.251523 -1.217116 0.783214 -1.723306 0.632885 1.190031 -0.864534 -0.791543 
-2.047093 4.216237 -0.963614 1.657157 3.174196 -0.578090 -1.335464 0.318170 -2.215546 0.295175 1.393702 -0.987803 -0.953933 
-1.879942 4.160913 -1.300439 1.057916 2.502443 -0.826739 -1.480960 -0.024176 -1.914380 1.048261 0.847626 -1.143487 -0.864623 
-1.797691 4.019112 -1.646024 0.803223 2.175588 -1.228178 -1.642259 -0.104357 -2.048587 0.815025 0.410055 -1.148943 -0.607327 
-2.124787 3.611744 -1.753956 0.773144 1.957943 -1.348601 -1.694725 -0.306611 -1.945578 0.556880 0.468173 -0.918375 -0.261353 
-2.322263 3.661008 -1.157108 0.658384 1.751863 -1.319894 -2.110281 -0.282200 -2.078883 0.266139 0.379487 -0.938146 -0.247111 
-2.671288 3.441368 -1.041574 0.243893 1.599363 -1.440248 -2.487682 0.048661 -1.827482 0.170124 0.177686 -1.232048 -0.136354 
-2.955057 3.066384 -0.828405 0.894880 2.367662 -1.364425 -2.572649 0.713977 -0.525595 -0.072459 0.192709 -1.641129 0.568299 
-3.907432 2.159304 0.202487 1.225933 1.606886 -1.714260 -2.391738 1.177262 0.682796 -0.455868 0.579683 -1.441895 0.400131 
-3.963739 1.964346 0.801848 0.317607 0.315918 -2.060196 -2.187430 1.813857 0.507883 -0.804940 0.527720 -0.956025 0.079746 
-3.718600 1.416992 0.006572 0.075752 1.510209 -1.043370 -2.025443 2.085138 -0.301467 -1.176425 1.019285 -1.422288 0.332319 
-2.768854 2.160980 1.285613 -1.591033 0.958510 0.786908 -2.114001 2.179897 -1.844772 -0.063508 0.928399 -0.937895 -0.271105 
-2.766927 2.121588 1.174504 -1.615466 0.975509 0.654496 -2.286224 2.156701 -1.684343 -0.144382 0.880382 -0.986946 -0.153051 
-2.908895 2.003730 1.120288 -1.551586 0.996295 0.645062 -2.179273 2.148799 -1.522329 -0.119243 1.056240 -0.948260 -0.192060 
-2.969064 1.915807 0.892356 -1.746474 1.021181 0.668828 -2.124981 2.304222 -1.364590 -0.161895 1.006178 -0.929027 -0.100579 
-3.459017 1.405516 -0.103808 1.155258 1.942396 -0.545125 -1.282074 0.820998 -0.489847 -1.530741 0.995786 -0.450158 0.644062 
-3.579245 1.261935 0.122075 1.086538 1.800682 -0.306572 -1.224200 0.719419 -0.399295 -1.411203 0.922221 -0.358586 0.626949 
-4.693034 1.393381 0.865977 0.117573 1.418550 0.366642 -1.235231 1.256845 -0.149712 -0.562236 1.103316 -0.742332 0.019853 
-4.306287 1.082676 0.379976 -0.309520 1.246724 0.078347 -1.791187 1.527013 0.312726 -0.121271 1.150135 -1.073490 -0.169616 
-4.130444 1.297398 0.448251 -0.248515 1.621438 0.549381 -1.712407 1.650390 0.551100 0.338742 1.197061 -0.874478 -0.321401 
-4.301101 1.615906 0.666100 -0.112464 1.667394 0.823981 -1.497342 1.139933 0.145689 0.449876 1.238982 -0.788303 -0.217175 
-3.550568 1.588034 0.711090 -1.018489 0.800489 0.646649 -1.742658 0.891955 -0.849045 0.155634 1.092981 -0.641023 -0.035120 
-3.070566 1.883083 0.380251 -1.341524 1.141948 0.710031 -1.938821 1.229941 -1.084628 0.363706 1.243379 -0.782050 0.068892 
-2.923244 1.893220 0.768205 -1.485703 1.178184 0.779973 -2.282252 1.987273 -0.911826 0.044108 1.136112 -0.751415 -0.056022 
-2.971025 1.713226 1.017984 -1.374636 1.288539 0.829191 -2.485734 1.956386 -1.145115 -0.229536 1.187065 -0.750345 0.140975 
-3.164403 1.816783 0.960750 -1.323294 1.283535 0.827248 -2.109304 2.023522 -1.243764 -0.164508 1.171087 -0.944853 -0.075893 
-3.016305 2.083952 1.127034 -1.587764 1.234117 0.881454 -2.233330 2.152262 -1.499919 0.011747 1.184514 -0.863014 -0.286763 
-2.893838 1.986803 1.148171 -1.674669 1.068777 0.831710 -2.122505 2.346713 -1.481522 -0.083660 1.093951 -0.853179 -0.227130 
-2.859330 2.026973 1.227636 -1.663497 1.085077 0.839850 -2.146456 2.429224 -1.549636 -0.085960 1.044191 -0.902055 -0.236366 
-2.947265 2.028789 1.385922 -1.834940 1.008013 0.928935 -2.165698 2.545177 -1.628290 -0.130502 1.031245 -0.944660 -0.181424 
-2.985302 2.042196 1.503389 -1.736167 1.021727 0.856181 -2.309656 2.504663 -1.526844 -0.172156 1.000859 -1.033159 -0.174346 
-2.933192 1.957119 1.429099 -1.732989 1.019646 0.881085 -2.284340 2.514941 -1.562757 -0.185761 0.885100 -1.009194 -0.105773 
-2.620734 1.052351 2.233898 -1.048334 0.073528 0.593957 -1.548447 2.467914 -1.998471 -0.010283 1.405925 -1.185786 -0.041877 
-2.925307 1.035382 2.002113 -1.092180 0.329450 0.697959 -1.638968 2.402151 -1.894685 0.044832 1.272404 -1.237573 -0.250056 
-2.861112 1.886629 1.414962 -1.665659 0.909551 0.834671 -2.201622 2.494531 -1.567277 -0.093274 1.053370 -1.083395 -0.164033 
-3.026805 1.847680 1.354686 -1.677293 0.805078 0.723697 -2.224347 2.377497 -1.521848 -0.225153 1.072794 -1.064558 -0.126180 
-3.052794 2.034949 1.258199 -1.556241 1.049873 0.670386 -2.180704 2.564879 -1.434004 -0.172611 1.181977 -0.942205 -0.138842 
-2.819277 2.088873 1.388517 -1.538857 1.106908 0.919907 -2.119349 2.494747 -1.572266 0.040287 0.926062 -0.852576 -0.142498 
-2.803271 1.992853 1.109394 -1.720789 0.990821 0.849969 -2.126353 2.308625 -1.495773 -0.002730 0.788322 -0.814056 -0.127283 
-2.965299 1.875772 1.044646 -1.749061 0.979177 0.824698 -2.092553 2.333963 -1.421499 -0.033611 0.907218 -0.844972 -0.144999 
-2.928548 1.866608 1.224070 -1.643003 0.942174 0.733155 -2.143384 2.418539 -1.470370 -0.095527 0.978721 -0.769516 -0.073052 
-2.806575 1.865026 1.186429 -1.631336 0.959190 0.780917 -2.132129 2.396877 -1.476419 -0.110642 0.899600 -0.928481 -0.082901 
-2.859223 1.897560 1.141312 -1.630489 0.990864 0.779003 -2.108704 2.412835 -1.503560 -0.036963 0.856018 -0.967950 -0.111255 
-2.918748 1.868459 1.015741 -1.784274 0.892159 0.708363 -2.178850 2.362631 -1.439149 -0.079314 0.921740 -0.850143 -0.106460 
-2.877213 2.039667 1.118896 -1.652964 0.982559 0.801078 -2.121121 2.286734 -1.368345 -0.115591 0.903719 -0.781827 -0.036652 
-2.766379 2.029643 1.139709 -1.578854 1.026253 0.790902 -2.115503 2.275008 -1.462550 -0.005514 0.774681 -0.796583 -0.046904 
-2.730408 1.986456 1.097970 -1.654909 0.946267 0.750739 -2.055648 2.438578 -1.526521 -0.031390 0.793659 -0.826335 -0.094736 
-2.888605 1.922085 0.995126 -1.683715 0.889289 0.647696 -2.051376 2.310087 -1.505828 -0.087797 0.856330 -0.879109 -0.195850 
-3.008311 1.862545 1.093916 -1.578197 1.038548 0.708300 -2.228300 2.179172 -1.422615 0.075024 1.045376 -0.869025 -0.264412 
-2.939674 1.923195 0.952611 -1.568730 1.069895 0.741092 -2.080721 2.149896 -1.392613 -0.223535 1.064966 -0.910309 -0.162213 
-2.992444 1.979438 0.944952 -1.583171 1.040941 0.691677 -1.998250 2.223963 -1.341854 -0.228036 1.044239 -0.910480 -0.143003 
-2.843472 1.905235 1.292717 -1.601235 1.063131 0.900834 -2.124901 2.404458 -1.571694 -0.067573 0.965325 -0.874615 -0.166601 
-2.836382 1.937883 1.284088 -1.605708 1.074260 0.826639 -2.222529 2.382577 -1.620980 -0.115770 1.013290 -0.887985 -0.153923 
