-2.902232 1.918851 1.416458 -1.690556 1.032679 0.880096 -2.272300 2.585801 -1.483794 -0.052674 1.106948 -0.878902 -0.089568 
-2.801631 2.052827 1.354783 -1.588049 1.086388 0.936529 -2.119348 2.427062 -1.583292 -0.079597 0.936413 -0.982399 -0.141474 
-2.811114 2.030172 1.208196 -1.648533 0.930583 0.689674 -2.110514 2.401184 -1.546397 -0.102009 0.988938 -0.901802 -0.151016 
-2.950382 1.954511 1.254272 -1.609658 1.050959 0.759187 -2.223894 2.413832 -1.456053 -0.084883 0.989411 -0.944168 -0.108421 
-2.817496 1.903618 1.235211 -1.679333 0.986480 0.765312 -2.236683 2.439465 -1.481577 -0.091476 0.979614 -0.933476 -0.087963 
-2.952861 1.966511 1.207801 -1.695943 0.951977 0.754802 -2.157404 2.385131 -1.475916 -0.135087 0.941358 -0.973674 -0.086482 
-2.903671 1.985463 1.116558 -1.604643 1.075690 0.721784 -2.192728 2.386828 -1.502961 -0.006371 0.893697 -0.931952 -0.158639 
-2.796639 1.984213 1.065921 -1.600899 1.010434 0.761624 -2.066274 2.353516 -1.432684 0.015098 0.946808 -0.892968 -0.119694 
-2.870348 1.903737 0.817665 -1.552657 1.276079 0.763634 -2.107597 2.344122 -1.517194 -0.157133 1.021729 -0.960252 -0.258574 
-3.057915 2.089460 0.714151 -1.877138 0.982211 0.665087 -2.119327 2.153035 -1.146886 0.167746 0.905843 -0.763659 -0.331274 
-4.008292 3.060900 -0.111326 -2.275846 0.772353 0.287868 -1.899401 1.380727 -0.466738 0.531012 0.670142 -0.780706 -0.899262 
-4.001601 2.510075 -0.627347 -2.932171 0.590887 0.888995 -1.592468 1.390436 -0.723689 0.373858 0.363865 -0.298988 -0.493330 
-3.261402 2.810378 -1.662467 -3.778592 0.459684 1.335812 -0.922453 1.532025 -0.518193 0.382257 -0.005257 -0.051462 -0.644701 
-3.622132 2.305143 -2.746565 -3.217467 0.595099 0.973341 -0.193017 1.212109 -0.043080 -0.279987 -0.044836 -0.211655 -0.957091 
-3.789295 1.836698 -2.147199 -1.630382 1.153450 0.647373 -0.160671 0.793822 -0.517288 -0.786368 -0.733088 -0.927008 -0.293282 
-4.128730 1.823678 -1.759281 -1.351439 1.266171 0.776793 -0.222398 0.728322 -0.421504 -0.459165 -0.690140 -1.045364 -0.105039 
-4.100570 0.922434 -1.817559 -1.465080 0.576553 0.062628 -0.316108 1.251629 -0.299191 -0.034214 0.388804 -0.554386 -0.122812 
-4.714631 -0.343731 -1.345503 -0.319149 0.380698 -0.812933 -0.937757 0.780390 0.214515 -0.466498 0.631762 -0.356596 0.236922 
-4.704790 -0.288664 -1.964210 -0.768868 0.145858 -0.699281 -0.488580 0.788104 0.214180 -0.821326 -0.461742 -0.950578 -0.096856 
-3.950773 0.518963 -1.968713 -1.554286 0.233553 -0.137171 -1.016669 0.213806 0.529116 -0.477515 -0.565576 -0.823570 -0.089117 
-4.309402 0.727960 -1.889439 -1.626899 0.014899 0.184168 -0.602960 -0.390469 0.294641 0.084101 -0.310855 -0.900543 -0.112152 
-5.639063 -0.594487 -2.672269 -1.383080 0.122147 0.033679 0.209506 0.717578 0.026967 -0.263732 -0.449095 -0.663064 -0.130294 
-5.960235 -0.831399 -2.875309 -0.757417 0.623081 -0.112474 0.002651 0.052686 -0.365174 -1.354491 -0.858111 -0.962780 -0.279781 
-5.800079 -0.762700 -2.496193 -0.379712 1.155960 -0.092679 -0.810665 -0.468969 -0.096036 -0.977637 -0.025512 -0.994761 -0.307511 
-4.862668 0.311272 -1.934034 -1.126076 0.985356 0.158002 -1.058182 0.173763 0.130177 -0.463014 0.306457 -1.305926 -0.356129 
-3.830007 1.828105 -1.042459 -1.959940 0.596244 0.370922 -0.798530 1.786321 -0.445894 -0.061440 0.492992 -0.590194 -0.248723 
-1.555700 4.407897 -0.143537 -0.219050 2.788256 0.571254 -1.407955 2.098072 -1.837296 1.018356 1.165760 -0.186658 0.026867 
-1.916842 3.968996 -0.713317 1.298913 2.664090 -0.849665 -1.789072 0.736116 -1.112700 1.081436 1.099998 -0.428920 0.427741 
-1.887231 4.215184 -0.706985 1.397275 2.329431 -1.387695 -2.068586 0.233638 -1.617071 0.936668 0.743694 -1.054331 -0.174297 
-1.841931 4.528833 -0.476494 0.979071 2.041058 -1.294937 -2.395542 -0.079462 -2.177208 0.611997 0.315302 -1.287171 -0.529068 
-1.729475 3.778945 -0.638727 0.868102 2.332265 -0.908115 -2.442402 0.302079 -1.913289 0.353010 0.517272 -0.648143 -0.310371 
-1.837363 2.857869 -0.810705 0.882436 2.151516 -1.131198 -2.603744 0.451658 -2.038285 -0.084022 0.273186 -1.061546 -0.711576 
-2.228223 2.840969 -1.423974 0.740334 2.248346 -1.680642 -2.680232 0.660964 -1.461709 -0.100229 0.622067 -1.374339 -0.713799 
-3.976305 1.520948 0.503561 1.035762 1.470302 -1.453696 -2.420347 1.461691 -0.284904 -0.892300 1.249403 -0.880158 0.494200 
-4.705462 0.813047 0.330452 1.005475 1.190595 -1.216073 -1.520555 1.682019 0.140039 -1.497702 1.169442 -1.144618 0.207045 
-4.051119 1.496675 0.951646 -0.627501 0.769576 0.056114 -1.649216 1.645311 -1.093848 -1.133895 0.853212 -0.473428 0.067061 
-2.968847 2.174475 0.818148 -1.449747 0.961432 0.191642 -2.267292 2.138619 -1.446232 -0.510254 0.642236 -1.108778 0.090434 
-3.114017 2.020491 0.974461 -1.277059 1.052175 0.233344 -2.159142 2.451327 -1.091916 -0.324153 0.973820 -1.111742 -0.005918 
-2.771876 1.762622 1.216775 -1.548970 0.960042 0.734869 -2.188442 2.372363 -1.434772 -0.085188 1.028845 -0.884610 -0.173264 
-5.474070 0.413875 -0.037769 -0.009521 0.592426 -0.548766 -0.953198 1.734454 -0.446441 -1.398701 1.459346 0.406129 -0.151524 
-4.923472 0.843257 0.384212 0.508078 0.916196 -0.549711 -0.960532 1.872333 -0.228295 -1.226564 1.474132 0.329667 -0.357615 
-4.437530 1.374822 1.084527 0.610893 1.044043 -0.775757 -1.479351 2.285743 0.039732 -0.717117 0.765443 -0.401794 -0.257186 
-5.126307 0.766246 0.544012 0.379844 1.477040 0.069447 -1.315097 1.461860 0.231260 -0.720713 0.405191 -1.729765 -0.590818 
-5.091626 0.880587 0.774786 0.294600 1.876382 0.760936 -1.630118 1.116078 0.721355 -0.204932 1.258897 -1.048749 -0.220293 
-4.865406 1.308677 1.395773 -0.241925 1.200993 0.681800 -1.758614 1.173479 -0.066686 0.126231 1.451492 -0.606119 -0.699442 
-5.145003 1.003540 0.543356 0.148738 1.532745 0.243725 -1.730311 0.660549 -0.664940 -0.272382 1.554096 -0.863466 -0.688530 
-4.391082 1.500528 1.056803 -0.819667 1.713888 1.278352 -1.566053 1.665497 -0.934170 -0.389067 1.265912 -0.976782 -0.604910 
-3.456945 1.850659 0.971596 -1.295905 1.655038 1.250741 -2.072906 1.838027 -1.091249 -0.347126 1.264319 -0.942240 -0.497274 
-3.413361 2.009676 0.667548 -1.722950 1.431008 1.020218 -2.173841 1.842473 -1.182130 -0.126775 1.353438 -0.948301 -0.429567 
-3.162867 1.880288 0.860861 -1.665020 1.170214 0.742350 -2.256571 2.244610 -1.388094 0.059495 1.097987 -1.028649 -0.149356 
-2.994129 1.876113 1.217313 -1.509766 1.143904 0.862192 -2.136452 2.527473 -1.480655 -0.032230 1.065877 -0.833936 -0.058179 
-2.833994 2.109215 1.260209 -1.491189 0.988467 0.635505 -2.172070 2.327446 -1.594138 -0.106307 0.995834 -0.707955 -0.151374 
-2.802971 2.073359 1.179202 -1.733041 0.948859 0.728357 -2.184338 2.469786 -1.615395 -0.098776 0.994884 -0.690360 -0.127671 
-2.881166 1.826356 1.021313 -1.800622 0.955236 0.832635 -2.008366 2.515584 -1.455693 -0.165017 0.977923 -0.808891 -0.031238 
-2.938349 1.858086 1.186290 -1.626956 1.013335 0.784029 -2.103020 2.462008 -1.471397 -0.103045 0.944490 -0.909988 -0.031637 
-2.863751 1.905569 1.088313 -1.626092 1.026514 0.768869 -2.141547 2.380463 -1.453948 -0.142252 0.903690 -0.911780 -0.089503 
-2.930448 1.942284 1.095412 -1.628805 0.972418 0.730326 -2.081561 2.382242 -1.414327 -0.164706 0.907607 -1.001659 -0.087615 
-3.015355 1.948620 1.134106 -1.655898 0.931534 0.652444 -2.155408 2.400977 -1.484905 -0.139383 0.867364 -0.942838 -0.108902 
-2.767482 1.992025 1.137728 -1.577430 1.019168 0.710132 -2.136440 2.423499 -1.492056 -0.126343 0.847578 -0.986051 -0.146658 
-2.855048 2.006807 1.096025 -1.479159 1.076722 0.694508 -2.065725 2.343194 -1.419779 -0.115573 0.864758 -0.998845 -0.144865 
-2.800416 1.858490 1.049038 -1.456084 1.060043 0.653108 -2.055799 2.393523 -1.429224 -0.082862 0.750053 -0.930206 -0.144153 
-2.909855 1.830060 0.934435 -1.654369 0.859516 0.635166 -1.942550 2.255448 -1.420461 -0.111034 0.974375 -0.944990 -0.225616 
-3.009737 1.916663 1.053287 -1.531337 0.993817 0.595662 -2.174736 2.211784 -1.277850 0.046712 1.135406 -1.001437 -0.294748 
-3.037496 1.826072 1.094764 -1.443237 1.028889 0.673826 -2.078147 2.229107 -1.453862 -0.142479 0.979434 -0.934751 -0.123033 
-2.922293 1.795630 1.111115 -1.485240 0.973769 0.655440 -2.055792 2.303903 -1.470861 -0.105918 0.946264 -0.887102 -0.126709 
-3.122681 1.792343 1.157516 -1.387881 1.029332 0.834316 -1.849910 2.141571 -1.424037 -0.115021 1.111233 -0.925572 0.005412 
-3.044732 1.833059 1.313372 -1.418212 0.924530 0.864165 -1.758097 2.235922 -1.514644 -0.283672 1.161011 -0.974196 -0.023650 
-2.898790 1.946734 1.172845 -1.732088 0.979396 0.858848 -2.004994 2.340087 -1.594171 -0.220149 1.088847 -0.963207 -0.237395 
-2.975381 1.971151 1.207562 -1.618540 1.039186 0.772027 -2.063896 2.419775 -1.542722 -0.173462 1.071962 -1.055420 -0.306800 
-2.989800 1.978919 1.397453 -1.668623 0.977653 0.740844 -2.225019 2.592874 -1.546496 -0.178323 1.015097 -1.000071 -0.176183 
-2.953155 1.935604 1.405822 -1.643270 1.059015 0.759564 -2.276359 2.533764 -1.594475 -0.194608 1.061243 -1.001384 -0.222446 
-2.923556 2.008207 1.441679 -1.668782 1.038208 0.779101 -2.273801 2.605015 -1.494902 -0.123086 1.189800 -0.936963 -0.175524 
-2.840799 2.110332 1.417647 -1.775078 1.070605 0.846201 -2.288231 2.727626 -1.496369 -0.072676 1.029840 -0.882081 -0.171861 
-2.901439 2.012040 1.371511 -1.770408 0.995861 0.763644 -2.340354 2.668578 -1.604652 -0.196831 0.974650 -0.903403 -0.295468 
-2.951459 1.869397 1.301503 -1.692246 0.968631 0.786908 -2.255636 2.582651 -1.576032 -0.103422 1.056836 -0.947378 -0.208509 
