-2.992402 1.892673 1.291024 -1.747419 1.176747 0.953794 -2.342723 2.453938 -1.519603 -0.194830 1.161810 -0.969695 -0.192696 
-3.091803 1.916627 1.306812 -1.827913 0.971179 0.808177 -2.416615 2.364430 -1.489841 -0.173977 0.979974 -0.985402 -0.232811 
-3.001126 1.899205 1.310757 -1.630797 0.993610 0.826365 -2.194172 2.420598 -1.444233 -0.124430 0.986587 -0.942125 -0.145364 
-2.820895 2.033195 1.267921 -1.516279 1.088577 0.844709 -2.127946 2.288917 -1.560580 -0.071089 0.949173 -0.846559 -0.202183 
-2.785316 2.026840 1.159486 -1.550169 1.039727 0.771899 -2.067535 2.317042 -1.558763 -0.089026 0.907578 -0.773176 -0.168222 
-2.892506 1.848770 0.956231 -1.812302 0.966424 0.804262 -2.086791 2.344056 -1.512127 -0.030207 0.906245 -0.805977 -0.132290 
-3.029852 1.831347 1.004109 -1.680842 0.978386 0.769810 -2.036314 2.280106 -1.486349 0.001828 1.027663 -0.862215 -0.194006 
-2.851596 1.777122 1.166797 -1.686145 0.913312 0.822487 -2.132751 2.328823 -1.455561 -0.077132 0.916076 -0.865148 -0.079950 
-2.947730 1.885294 1.220912 -1.687070 0.963695 0.874826 -2.099862 2.404159 -1.534925 -0.112625 0.915415 -0.914383 -0.119015 
-2.991278 1.853028 1.212609 -1.665378 0.917731 0.748814 -2.180424 2.404399 -1.488710 -0.084540 0.873460 -0.919249 -0.189719 
-2.826705 2.001555 1.020359 -1.556628 1.034804 0.719733 -1.997800 2.359388 -1.463248 -0.151654 0.887967 -0.848920 -0.023184 
-2.863056 1.988419 1.168246 -1.494617 1.072157 0.804081 -2.056831 2.338832 -1.384651 -0.101905 0.930356 -0.813818 -0.118751 
-2.853547 1.972105 1.040985 -1.619676 0.991740 0.740272 -2.030493 2.297711 -1.507273 -0.137980 0.803768 -0.814533 -0.229121 
-2.966154 1.948117 0.746444 -1.711611 0.974325 0.643030 -1.977315 2.167807 -1.410021 -0.254364 0.996718 -0.797024 -0.129757 
-3.098106 1.903331 0.985114 -1.587602 1.036818 0.735141 -2.179200 1.991881 -1.394278 -0.120287 1.132317 -0.789677 -0.254658 
-3.002414 1.769693 0.974378 -1.689094 0.965534 0.833546 -2.092839 2.105344 -1.470212 -0.190588 0.927433 -0.752337 -0.118908 
-2.979738 1.747653 0.926840 -1.673222 1.019682 0.852755 -2.038346 2.132992 -1.504015 -0.128226 0.934232 -0.757424 -0.140145 
-2.910217 2.043492 1.178360 -1.647913 1.116781 0.870699 -2.124754 2.253720 -1.655438 -0.111027 1.017451 -0.865650 -0.242164 
-2.833634 1.943657 1.263975 -1.654710 0.985731 0.753743 -2.182183 2.415431 -1.676271 -0.150655 0.998337 -0.883129 -0.167804 
-2.963654 1.913162 1.357405 -1.595885 1.027065 0.750093 -2.270178 2.419169 -1.559453 -0.133615 1.067676 -0.941904 -0.184207 
-2.969543 1.907082 1.418400 -1.719445 0.994456 0.868080 -2.228030 2.476636 -1.562357 -0.197438 1.095884 -0.956526 -0.215712 
-3.033507 2.030380 1.475437 -1.702672 0.975413 0.749427 -2.293755 2.566039 -1.601620 -0.131771 1.048899 -0.979334 -0.201642 
-2.939874 2.015174 1.364087 -1.635279 1.073226 0.782288 -2.235209 2.528078 -1.456660 -0.218342 1.018468 -1.022636 -0.192605 
-2.314285 2.574425 1.390816 -1.781638 0.658353 0.600656 -1.980499 2.208074 -1.077565 0.050155 1.020822 -0.991210 -0.064656 
-1.950403 2.481482 0.887882 -2.103903 0.483864 0.257493 -2.282760 2.242272 -1.033093 0.437996 0.996702 -0.511442 0.032630 
-2.874690 2.277642 0.157302 -2.374968 0.264058 -0.137658 -2.539332 1.458953 -0.698079 0.118394 1.084311 -0.468815 -0.497510 
-4.097442 2.359354 -0.863150 -2.066572 0.899041 -0.237388 -1.997982 1.926938 0.267838 -0.022905 0.267310 -0.933748 -0.151959 
-3.919088 2.201902 -2.343084 -2.453598 1.394350 -0.020034 -1.846554 1.522028 0.272867 0.426702 0.465622 -0.760488 0.093268 
-4.103362 1.151366 -2.628226 -1.865080 1.302018 0.098783 -1.099805 1.095659 0.232099 0.492943 0.299705 -1.276062 -0.335532 
-3.836408 1.382254 -2.834984 -1.410826 1.762661 0.044312 -1.258706 0.424068 0.402893 0.497662 0.776687 -1.258691 -0.398576 
-4.120618 0.921669 -3.216320 -1.140177 1.833313 -0.314111 -1.344727 0.462574 0.729459 0.060930 1.026274 -0.692402 0.059409 
-4.223649 0.767723 -2.335728 -1.203024 0.664495 -0.864081 -1.402493 0.328086 0.230698 0.025824 0.388401 -0.794614 0.086679 
-4.069314 0.987277 -2.344283 -1.842366 -0.107859 -0.557470 -0.437864 0.925076 -0.372461 0.206863 0.107477 -0.410334 -0.124512 
-5.286776 -0.489915 -3.549423 -1.178319 0.691506 -0.587890 -0.515020 0.052391 0.610657 -0.286059 0.527325 -0.862472 -0.194403 
-5.276646 -0.687672 -2.765524 -0.660417 0.883664 -0.254718 -0.650012 -0.363324 0.261992 -0.191125 0.722197 -1.322077 -0.218761 
-4.638201 0.037634 -2.490517 -0.978882 1.149134 0.263587 -0.255947 0.629683 0.193202 0.379767 0.824717 -1.136526 -0.200543 
-2.227683 3.204039 -0.139534 0.351158 2.415443 0.685031 -0.990752 1.090354 -1.358335 1.786870 1.127703 -0.596376 0.410795 
-1.867712 3.509422 -0.056401 0.906119 2.135901 0.071799 -0.909369 0.741582 -2.043428 0.968295 0.699297 -0.992076 -0.055094 
-2.295745 3.551596 -0.413148 1.177044 1.694174 -0.773613 -1.161775 0.049368 -1.864166 0.443603 0.268158 -1.240048 -0.569724 
-2.724084 2.895433 -0.461918 1.211588 1.453970 -1.179849 -1.884952 -0.343893 -1.790781 0.053191 0.197574 -1.306972 -1.064631 
-3.228211 1.879956 -0.265491 1.721010 1.643867 -1.048992 -2.102440 -0.677252 -1.038351 -0.348486 0.810389 -1.081909 -0.877088 
-3.295581 2.400050 -1.199302 1.291444 1.758209 -1.800590 -2.157727 -0.039079 -0.859210 -0.485148 0.638278 -1.115008 -0.439794 
-3.762107 1.945569 -0.821298 -0.089557 1.232576 -0.966670 -1.534115 1.663042 0.009658 -0.752963 0.317504 0.115543 0.218431 
-4.059536 1.003105 -0.418385 -0.007676 0.486265 -0.960999 -1.242618 1.351215 -0.386061 -0.846190 0.096230 0.041114 0.181679 
-4.315305 -0.498970 0.178554 0.780421 0.527337 -0.836140 -0.969324 1.571185 -0.167896 -1.089320 0.368126 -0.662585 -0.240035 
-4.067300 0.835149 0.560560 -0.576409 1.134550 -0.183776 -2.107960 1.785315 -0.482365 -1.305247 1.073270 -0.911134 0.124461 
-3.029223 1.689919 1.607153 -1.260671 1.243615 0.785286 -2.375258 2.694492 -1.306018 -0.238306 0.992862 -1.084994 -0.306027 
-3.071975 2.016192 1.324752 -1.567248 1.202188 0.849437 -2.181618 2.511663 -1.391091 -0.235153 1.039060 -1.139779 -0.270498 
-5.059751 0.339450 -0.192857 0.173057 0.767214 -0.226564 -0.932636 0.416478 -0.841799 -0.818325 0.837598 0.111055 -0.106406 
-4.781594 0.704125 0.066015 0.006183 0.534402 -0.404443 -1.267400 0.528684 -0.864033 -0.780921 0.753953 0.204372 -0.039506 
-4.194751 1.480744 1.098483 -0.206749 0.917318 -0.069815 -1.795708 1.614202 -0.391932 -1.108124 0.823585 -0.010942 0.003258 
-4.546415 0.875846 0.313689 -0.508343 1.268333 0.389471 -1.728229 1.387820 0.047828 -0.150377 0.960144 -0.368964 -0.303729 
-4.208956 1.076818 0.311145 -0.530807 1.330135 0.623409 -1.551084 1.218735 -0.177739 0.417930 0.996599 -0.620251 -0.608187 
-4.305013 1.140943 0.509338 -0.167695 1.374018 0.579815 -0.836911 1.519297 -1.485265 -0.877812 0.749565 -0.925553 -0.599190 
-3.378419 1.948148 0.554187 -0.906536 0.812694 0.277592 -1.289752 1.456678 -1.452863 -0.306113 0.848064 -0.900530 -0.431904 
-3.313322 2.040270 0.924414 -1.151116 1.007147 0.624005 -1.543257 1.845830 -1.360428 -0.248954 0.946886 -0.878013 -0.314009 
-3.198486 2.123300 1.005173 -1.312696 1.128371 0.729855 -1.700101 2.126819 -1.630492 -0.230842 1.023050 -0.886613 -0.345942 
-2.904739 2.300045 0.975818 -1.512842 1.246282 0.892097 -1.889408 2.224875 -1.632245 -0.251465 1.027763 -0.657391 -0.094761 
-2.887985 2.095939 0.997986 -1.614992 1.056539 0.737312 -2.024422 2.229177 -1.570529 -0.199341 0.980798 -0.830587 -0.088742 
-2.876365 1.981897 1.123480 -1.614265 1.037763 0.786679 -2.113400 2.403097 -1.534573 -0.090869 0.896990 -0.821012 -0.154589 
-2.923186 1.857569 0.973649 -1.718676 0.907835 0.703704 -2.069944 2.391589 -1.471828 -0.128311 0.945258 -0.864875 -0.088288 
-2.856368 2.051996 0.989869 -1.589118 1.015568 0.695654 -1.971689 2.379096 -1.393419 -0.087260 0.876607 -0.878286 -0.099922 
-2.796603 2.002244 1.016137 -1.593128 0.932395 0.644464 -1.963976 2.419854 -1.496280 0.028623 0.834443 -0.877160 -0.168738 
-2.845769 1.914311 1.031014 -1.608701 0.834613 0.578470 -2.053070 2.279171 -1.443659 -0.111549 0.968724 -0.858380 -0.063131 
-2.958348 1.938184 0.991363 -1.648026 0.946278 0.604605 -2.142481 2.275645 -1.506985 -0.216756 0.940241 -0.724455 0.005126 
-2.557710 2.151841 1.076469 -1.949835 0.952960 0.845674 -2.103046 2.596000 -1.769592 -0.058522 0.812923 -0.702317 -0.198950 
-2.610033 2.145002 1.119066 -1.818793 0.990623 0.843125 -2.129844 2.423879 -1.629091 -0.026607 0.900952 -0.819428 -0.147546 
-2.860592 1.942020 1.258816 -1.612950 0.905064 0.706132 -2.153887 2.344607 -1.508023 -0.026553 0.931771 -0.908285 -0.139837 
-2.865490 1.926348 1.271529 -1.617048 0.942245 0.699208 -2.200007 2.405759 -1.509593 -0.008745 1.012146 -0.926529 -0.173896 
-2.931777 1.992052 1.313631 -1.659017 0.986285 0.716978 -2.205421 2.436837 -1.538318 -0.183802 0.983584 -0.965295 -0.205485 
-2.918629 2.065557 1.385508 -1.730957 1.009109 0.798398 -2.264094 2.463277 -1.528198 -0.207064 0.958333 -0.967004 -0.199390 
-3.005168 2.071810 1.399226 -1.685022 1.068471 0.850706 -2.209577 2.538069 -1.569415 -0.183128 1.028497 -0.960369 -0.145506 
-3.016810 2.068695 1.267813 -1.787823 1.058203 0.814370 -2.230250 2.489120 -1.478274 -0.134607 0.974500 -0.970487 -0.166027 
-2.904982 2.077068 1.305838 -1.723758 1.120054 0.856323 -2.220263 2.555454 -1.512783 -0.139673 1.038588 -0.951008 -0.129394 
-2.909817 1.950852 1.352413 -1.695009 1.097081 0.886721 -2.190552 2.650112 -1.574932 -0.056198 1.070126 -0.952607 -0.184374 
