-1.085736 1.217834 0.253837 -0.363907 0.230281 -0.529131 -0.439372 -0.466824 0.196704 0.119520 0.494525 0.370131 0.037415 0.055628 
0.000000 0.000000 0.000000 0.000000 0.000000 0.000000 0.000000 0.000000 0.000000 0.000000 0.000000 0.000000 0.000000 
-1.205444 1.144464 0.452380 -0.275137 0.040774 -0.458777 -0.236869 -0.390738 -0.017345 0.219160 0.661752 0.145589 -0.106408 0.172447 
0.091897 0.154025 0.115324 0.052539 0.096403 0.084150 0.110198 0.081204 0.091655 0.081744 0.064899 0.060379 0.048216 
-1.102413 1.242389 0.315162 -0.215007 0.067808 -0.433644 -0.271745 -0.415238 0.064445 0.221191 0.567513 0.195552 -0.067461 1.613620 
0.221529 0.136529 0.147125 0.132220 0.116028 0.127721 0.118765 0.108205 0.108055 0.099564 0.101806 0.103739 0.102241 




