-3.736361 1.544484 0.511639 -0.797716 1.105291 1.091321 -1.034599 1.385874 -1.105641 0.017346 0.695737 -0.819262 -0.027964 
0.188852 0.209165 0.169886 0.179549 0.151996 0.187676 0.142303 0.137288 0.167986 0.166721 0.171450 0.137851 0.131451 
-3.713555 1.635914 0.439723 -0.886898 1.190321 1.162742 -1.072555 1.359347 -1.135719 0.023388 0.716685 -0.783385 -0.060265 
0.217574 0.199563 0.175025 0.178442 0.195250 0.197987 0.171395 0.170024 0.159129 0.180883 0.179073 0.137149 0.135686 
-3.752538 1.568534 0.496011 -0.829183 1.168355 1.145911 -1.047394 1.417173 -1.092382 0.048837 0.622105 -0.831212 -0.052323 
0.210998 0.212313 0.161906 0.183881 0.141341 0.163506 0.163804 0.179136 0.168688 0.165519 0.180469 0.151729 0.141639 
-3.772681 1.640919 0.471803 -0.876539 1.156457 1.160645 -1.022602 1.359384 -1.118476 0.098681 0.696435 -0.844197 -0.084248 
0.195443 0.202682 0.145963 0.201671 0.181775 0.183437 0.170240 0.163390 0.165400 0.174437 0.172098 0.149730 0.144588 
-3.810077 1.594752 0.511811 -0.829414 1.163103 1.152066 -1.056698 1.360412 -1.079696 0.052521 0.667747 -0.823112 -0.037518 
0.235257 0.216643 0.150932 0.193876 0.181394 0.184026 0.177389 0.162985 0.158827 0.179765 0.157331 0.150904 0.133530 
